1,3
2,3
3,7
4,3
5,2
6,1
7,2
8,4
9,2
10,4
11,3
12,3
13,4
14,2
15,3
16,8
17,1
18,2
19,3
20,3
21,1
22,1
23,2
24,1
25,2
26,1
27,3
28,5
29,3
30,2
31,1
32,4
33,14
34,1
35,3
36,1
37,1
38,1
39,2
40,1
41,3
42,3
43,3
44,4
45,2
46,3
47,1
48,2
49,2
50,1
51,6
52,1
53,4
54,1
55,11
56,1
57,6
58,6
59,7
60,1
61,2
62,1
63,5
64,7
65,3
66,6
67,13
68,2
69,3
70,5
71,2
72,6
73,4
74,4
75,5
76,3
77,1
78,5
79,2
80,5
81,1
82,3
83,4
84,1
85,1
86,11
87,4
88,3
89,4
90,2
91,4
92,9
93,1
94,10
95,2
96,6
97,5
98,1
99,4
100,21
101,4
102,5
103,3
104,10
105,2
106,2
107,5
108,3
109,3
110,3
111,4
112,4
113,3
114,1
115,10
116,6
117,12
118,1
119,8
120,3
121,3
122,2
123,3
124,3
125,2
126,7
127,3
128,3
129,1
130,2
131,4
132,1
133,1
134,4
135,5
136,8
137,8
138,3
139,7
140,3
141,4
142,6
143,2
144,7
145,5
146,1
147,4
148,10
149,1
150,2
151,7
152,5
153,3
154,4
155,8
156,5
157,3
158,1
159,3
160,6
161,2
162,4
163,5
164,1
165,7
166,13
167,1
168,2
169,4
170,3
171,3
172,7
173,2
174,5
175,1
176,4
177,3
178,3
179,3
180,6
181,12
182,4
183,1
184,1
185,13
186,7
187,3
188,6
189,8
190,2
191,3
192,1
193,2
194,7
195,8
196,8
197,2
198,3
199,1
200,1
201,7
202,3
203,1
204,1
205,2
206,3
207,3
208,6
209,1
210,1
211,2
212,1
213,5
214,11
215,3
216,4
217,5
218,4
219,7
220,2
221,5
222,12
223,3
224,7
225,2
226,3
227,8
228,1
229,1
230,2
231,4
232,6
233,3
234,4
235,2
236,1
237,2
238,9
239,4
240,3
241,1
242,1
243,1
244,1
245,6
246,4
247,5
248,6
249,6
250,3
251,1
252,1
253,2
254,4
255,5
256,3
257,3
258,3
259,1
260,1
261,2
262,3
263,2
264,1
265,7
266,1
267,5
268,5
269,3
270,1
271,3
272,1
273,2
274,9
275,6
276,3
277,1
278,1
279,8
280,2
281,8
282,7
283,2
284,3
285,4
286,5
287,2
288,1
289,3
290,6
291,4
292,2
293,2
294,1
295,5
296,2
297,2
298,4
299,14
300,1
301,1
302,9
303,5
304,1
305,10
306,2
307,3
308,4
309,1
310,2
311,2
312,1
313,4
314,9
315,12
316,1
317,4
318,1
319,9
320,2
321,2
322,3
323,2
324,8
325,1
326,1
327,3
328,21
329,2
330,5
331,11
332,4
333,1
334,2
335,12
336,1
337,2
338,6
339,5
340,6
341,10
342,1
343,6
344,9
345,3
346,16
347,5
348,15
349,1
350,3
351,6
352,7
353,1
354,4
355,2
356,5
357,2
358,1
359,2
360,5
361,1
362,3
363,1
364,3
365,3
366,8
367,3
368,3
369,6
370,3
371,3
372,6
373,4
374,2
375,2
376,4
377,1
378,1
379,8
380,3
381,7
382,1
383,18
384,4
385,4
386,1
387,5
388,5
389,5
390,3
391,1
392,2
393,2
394,3
395,4
396,4
397,1
398,12
399,1
400,10
401,7
402,2
403,4
404,1
405,2
406,1
407,16
408,5
409,4
410,1
411,3
412,5
413,1
414,5
415,1
416,3
417,5
418,6
419,2
420,1
421,1
422,9
423,2
424,4
425,1
426,4
427,1
428,4
429,2
430,1
431,5
432,6
433,1
434,4
435,1
436,1
437,4
438,2
439,14
440,1
441,3
442,4
443,1
444,17
445,1
446,6
447,4
448,8
449,2
450,2
451,4
452,1
453,6
454,4
455,3
456,3
457,1
458,1
459,4
460,4
461,1
462,1
463,3
464,4
465,3
466,1
467,1
468,3
469,7
470,2
471,6
472,1
473,13
474,7
475,1
476,1
477,2
478,4
479,1
480,1
481,3
482,6
483,1
484,1
485,8
486,4
487,8
488,1
489,1
490,2
491,5
492,2
493,13
494,7
495,7
496,1
497,1
498,5
499,4
500,11
501,5
502,6
503,2
504,1
505,11
506,1
507,2
508,11
509,1
510,1
511,4
512,3
513,1
514,5
515,3
516,6
517,4
518,2
519,1
520,2
521,10
522,6
523,2
524,5
525,9
526,1
527,1
528,5
529,4
530,8
531,2
532,2
533,3
534,7
535,5
536,6
537,2
538,8
539,5
540,5
541,7
542,5
543,9
544,1
545,6
546,5
547,1
548,1
549,3
550,4
551,2
552,2
553,4
554,5
555,2
556,2
557,7
558,1
559,2
560,1
561,5
562,1
563,3
564,1
565,2
566,2
567,1
568,6
569,2
570,1
571,1
572,3
573,1
574,1
575,4
576,1
577,1
578,3
579,3
580,10
581,7
582,5
583,11
584,10
585,3
586,1
587,5
588,4
589,2
590,6
591,1
592,1
593,1
594,2
595,4
596,1
597,2
598,4
599,8
600,8
601,3
602,5
603,1
604,4
605,1
606,2
607,6
608,2
609,8
610,3
611,7
612,3
613,4
614,4
615,2
616,1
617,8
618,3
619,2
620,3
621,1
622,5
623,3
624,1
625,4
626,7
627,1
628,9
629,2
630,4
631,10
632,3
633,3
634,3
635,3
636,1
637,3
638,11
639,3
640,1
641,2
642,9
643,14
644,4
645,6
646,8
647,2
648,1
649,16
650,6
651,1
652,2
653,28
654,1
655,5
656,11
657,13
658,6
659,8
660,1
661,7
662,9
663,3
664,2
665,6
666,1
667,1
668,2
669,5
670,13
671,2
672,5
673,2
674,5
675,34
676,9
677,2
678,11
679,15
680,1
681,10
682,5
683,13
684,16
685,9
686,22
687,1
688,3
689,17
690,2
691,15
692,13
693,1
694,11
695,12
696,14
697,7
698,3
699,11
700,1
701,13
702,12
703,11
704,10
705,7
706,2
707,21
708,23
709,14
710,16
711,8
712,1
713,11
714,1
715,6
716,2
717,6
718,2
719,40
720,2
721,2
722,2
723,9
724,2
725,4
726,1
727,1
728,3
729,3
730,3
731,2
732,1
733,3
734,2
735,3
736,12
737,1
738,2
739,1
740,1
741,3
742,3
743,8
744,1
745,5
746,9
747,7
748,4
749,2
750,1
751,1
752,2
753,1
754,3
755,2
756,3
757,1
758,7
759,9
760,4
761,4
762,4
763,2
764,2
765,1
766,5
767,4
768,1
769,8
770,2
771,7
772,4
773,3
774,2
775,2
776,1
777,3
778,4
779,1
780,6
781,2
782,3
783,1
784,4
785,3
786,4
787,2
788,5
789,1
790,3
791,3
792,1
793,6
794,18
795,1
796,3
797,1
798,4
799,5
800,7
801,1
802,1
803,2
804,9
805,1
806,2
807,1
808,1
809,8
810,5
811,2
812,6
813,14
814,3
815,1
816,4
817,1
818,6
819,4
820,5
821,3
822,7
823,11
824,5
825,10
826,4
827,6
828,9
829,2
830,1
831,15
832,4
833,1
834,4
835,3
836,2
837,3
838,3
839,5
840,3
841,8
842,4
843,10
844,1
845,3
846,2
847,2
848,2
849,1
850,1
851,2
852,1
853,3
854,1
855,2
856,11
857,5
858,3
859,1
860,2
861,1
862,3
863,1
864,2
865,5
866,7
867,2
868,10
869,2
870,3
871,3
872,6
873,1
874,5
875,1
876,1
877,3
878,5
879,7
880,4
881,11
882,5
883,5
884,14
885,3
886,8
887,1
888,1
889,8
890,3
891,2
892,1
893,1
894,3
895,4
896,4
897,7
898,8
899,1
900,9
901,2
902,1
903,1
904,3
905,1
906,1
907,4
908,1
909,2
910,2
911,4
912,3
913,7
914,2
915,2
916,1
917,1
918,1
919,5
920,3
921,1
922,5
923,1
924,1
925,5
926,4
927,1
928,2
929,6
930,7
931,5
932,7
933,14
934,15
935,14
936,4
937,2
938,1
939,4
940,26
941,3
942,4
943,1
944,1
945,12
946,14
947,13
948,16
949,5
950,6
951,3
952,3
953,3
954,1
955,8
956,5
957,7
958,7
959,4
960,6
961,2
962,1
963,5
964,11
965,10
966,11
967,11
968,14
969,12
970,2
971,7
972,3
973,6
974,4
975,9
976,16
977,1
978,1
979,11
980,9
981,1
982,3
983,1
984,1
985,6
986,8
987,5
988,1
989,6
990,2
991,6
992,2
993,10
994,1
995,11
996,7
997,1
998,13
999,2
1000,16
1001,15
1002,2
1003,30
1004,1
1005,5
1006,6
1007,2
1008,1
1009,7
1010,5
1011,20
1012,10
1013,8
1014,6
1015,2
1016,2
1017,6
1018,6
1019,1
1020,2
1021,6
1022,5
1023,15
1024,31
1025,19
1026,8
1027,6
1028,13
1029,4
1030,6
1031,2
1032,1
1033,16
1034,20
1035,15
1036,2
1037,14
1038,38
1039,20
1040,10
1041,44
1042,2
1043,9
1044,18
1045,20
1046,22
1047,13
1048,1
1049,5
1050,13
1051,15
1052,26
1053,1
1054,18
1055,12
1056,2
1057,4
1058,2
1059,9
1060,19
1061,17
1062,1
1063,8
1064,2
1065,22
1066,4
1067,6
1068,4
1069,22
1070,11
1071,1
1072,8
1073,1
1074,8
1075,7
1076,3
1077,3
1078,3
1079,4
1080,14
1081,27
1082,6
1083,5
1084,1
1085,5
1086,8
1087,2
1088,1
1089,12
1090,7
1091,2
1092,4
1093,8
1094,5
1095,5
1096,6
1097,7
1098,12
1099,2
1100,18
1101,3
1102,6
1103,2
1104,17
1105,4
1106,4
1107,1
1108,4
1109,6
1110,20
1111,12
1112,18
1113,4
1114,8
1115,5
1116,24
1117,2
1118,5
1119,5
1120,3
1121,9
1122,19
1123,6
1124,10
1125,3
1126,2
1127,11
1128,17
1129,7
1130,2
1131,1
1132,3
1133,4
1134,8
1135,4
1136,5
1137,11
1138,3
1139,4
1140,2
1141,8
1142,6
1143,6
1144,4
1145,9
1146,10
1147,10
1148,2
1149,5
1150,26
1151,16
1152,16
1153,5
1154,1
1155,8
1156,2
1157,5
1158,20
1159,6
1160,10
1161,13
1162,2
1163,4
1164,14
1165,15
1166,8
1167,13
1168,14
1169,11
1170,6
1171,10
1172,3
1173,1
1174,2
1175,4
1176,21
1177,7
1178,8
1179,5
1180,18
1181,2
1182,2
1183,28
1184,2
1185,3
1186,4
1187,1
1188,14
1189,19
1190,1
1191,9
1192,6
1193,3
1194,9
1195,6
1196,4
1197,9
1198,7
1199,18
1200,4
1201,3
1202,6
1203,4
1204,10
1205,5
1206,11
1207,8
1208,13
1209,3
1210,3
1211,1
1212,9
1213,2
1214,1
1215,11
1216,2
1217,7
1218,21
1219,15
1220,6
1221,8
1222,4
1223,8
1224,4
1225,2
1226,4
1227,27
1228,5
1229,29
1230,1
1231,13
1232,7
1233,6
1234,5
1235,7
1236,9
1237,10
1238,8
1239,18
1240,15
1241,3
1242,19
1243,6
1244,6
1245,10
1246,9
1247,1
1248,16
1249,3
1250,4
1251,6
1252,7
1253,9
1254,1
1255,1
1256,7
1257,10
1258,1
1259,11
1260,6
1261,6
1262,7
1263,14
1264,13
1265,9
1266,2
1267,1
1268,3
1269,8
1270,4
1271,2
1272,3
1273,3
1274,4
1275,8
1276,7
1277,1
1278,1
1279,2
1280,2
1281,1
1282,2
1283,3
1284,3
1285,1
1286,1
1287,11
1288,4
1289,1
1290,6
1291,13
1292,9
1293,5
1294,3
1295,2
1296,4
1297,2
1298,6
1299,3
1300,3
1301,4
1302,6
1303,5
1304,1
1305,1
1306,1
1307,1
1308,2
1309,1
1310,2
1311,2
1312,3
1313,4
1314,1
1315,2
1316,1
1317,15
1318,4
1319,2
1320,6
1321,2
1322,1
1323,6
1324,4
1325,4
1326,2
1327,4
1328,4
1329,1
1330,7
1331,1
1332,12
1333,3
1334,5
1335,2
1336,1
1337,12
1338,5
1339,3
1340,7
1341,9
1342,3
1343,2
1344,2
1345,2
1346,2
1347,3
1348,5
1349,7
1350,2
1351,2
1352,3
1353,6
1354,7
1355,5
1356,1
1357,2
1358,3
1359,5
1360,2
1361,5
1362,2
1363,5
1364,4
1365,10
1366,1
1367,1
1368,7
1369,7
1370,1
1371,5
1372,5
1373,12
1374,7
1375,9
1376,4
1377,6
1378,5
1379,1
1380,1
1381,7
1382,6
1383,2
1384,4
1385,8
1386,3
1387,4
1388,1
1389,3
1390,7
1391,2
1392,2
1393,5
1394,4
1395,3
1396,5
1397,2
1398,2
1399,1
1400,6
1401,1
1402,6
1403,4
1404,1
1405,3
1406,4
1407,6
1408,5
1409,5
1410,4
1411,1
1412,4
1413,5
1414,4
1415,3
1416,6
1417,4
1418,2
1419,1
1420,1
1421,9
1422,6
1423,2
1424,6
1425,1
1426,5
1427,4
1428,2
1429,2
1430,2
1431,1
1432,1
1433,7
1434,10
1435,3
1436,11
1437,3
1438,2
1439,5
1440,1
1441,1
1442,5
1443,1
1444,3
1445,11
1446,1
1447,1
1448,6
1449,3
1450,1
1451,12
1452,19
1453,5
1454,10
1455,1
1456,14
1457,1
1458,1
1459,10
1460,5
1461,3
1462,19
1463,2
1464,4
1465,2
1466,1
1467,2
1468,1
1469,4
1470,5
1471,2
1472,4
1473,1
1474,2
1475,3
1476,3
1477,12
1478,1
1479,3
1480,13
1481,2
1482,13
1483,3
1484,7
1485,3
1486,7
1487,7
1488,1
1489,21
1490,3
1491,2
1492,6
1493,4
1494,3
1495,2
1496,2
1497,15
1498,10
1499,1
1500,3
1501,1
1502,3
1503,2
1504,2
1505,2
1506,1
1507,5
1508,6
1509,2
1510,8
1511,10
1512,6
1513,10
1514,9
1515,11
1516,5
1517,9
1518,6
1519,1
1520,3
1521,17
1522,4
1523,10
1524,3
1525,1
1526,7
1527,4
1528,6
1529,10
1530,6
1531,1
1532,2
1533,2
1534,2
1535,3
1536,5
1537,1
1538,2
1539,10
1540,1
1541,9
1542,2
1543,1
1544,5
1545,3
1546,4
1547,9
1548,4
1549,1
1550,1
1551,3
1552,1
1553,1
1554,1
1555,2
1556,4
1557,6
1558,1
1559,1
1560,11
1561,1
1562,1
1563,1
1564,1
1565,9
1566,2
1567,8
1568,1
1569,9
1570,4
1571,1
1572,2
1573,8
1574,1
1575,8
1576,4
1577,2
1578,2
1579,6
1580,9
1581,3
1582,8
1583,10
1584,2
1585,1
1586,10
1587,14
1588,4
1589,2
1590,1
1591,2
1592,2
1593,1
1594,3
1595,1
1596,3
1597,9
1598,5
1599,1
1600,4
1601,2
1602,2
1603,4
1604,8
1605,2
1606,5
1607,4
1608,2
1609,5
1610,1
1611,7
1612,2
1613,5
1614,5
1615,9
1616,3
1617,3
1618,5
1619,2
1620,2
1621,6
1622,4
1623,3
1624,2
1625,1
1626,5
1627,8
1628,1
1629,4
1630,4
1631,3
1632,1
1633,3
1634,7
1635,2
1636,2
1637,18
1638,4
1639,8
1640,1
1641,1
1642,5
1643,1
1644,1
1645,3
1646,1
1647,1
1648,2
1649,29
1650,5
1651,6
1652,2
1653,5
1654,2
1655,18
1656,3
1657,3
1658,10
1659,8
1660,3
1661,9
1662,2
1663,8
1664,15
1665,4
1666,13
1667,1
1668,1
1669,10
1670,1
1671,25
1672,2
1673,5
1674,7
1675,2
1676,15
1677,12
1678,18
1679,4
1680,3
1681,9
1682,6
1683,4
1684,1
1685,1
1686,1
1687,3
1688,1
1689,11
1690,1
1691,1
1692,3
1693,1
1694,6
1695,4
1696,6
1697,8
1698,1
1699,12
1700,4
1701,13
1702,7
1703,8
1704,8
1705,1
1706,5
1707,3
1708,11
1709,15
1710,8
1711,9
1712,7
1713,5
1714,10
1715,1
1716,1
1717,3
1718,1
1719,1
1720,3
1721,9
1722,1
1723,9
1724,34
1725,4
1726,19
1727,24
1728,9
1729,17
1730,22
1731,7
1732,3
1733,10
1734,6
1735,4
1736,6
1737,3
1738,11
1739,1
1740,1
1741,17
1742,9
1743,4
1744,1
1745,3
1746,20
1747,9
1748,4
1749,6
1750,15
1751,1
1752,6
1753,7
1754,2
1755,13
1756,2
1757,1
1758,5
1759,9
1760,7
1761,2
1762,3
1763,20
1764,3
1765,4
1766,1
1767,1
1768,1
1769,2
1770,3
1771,14
1772,1
1773,23
1774,5
1775,16
1776,15
1777,32
1778,6
1779,12
1780,27
1781,17
1782,6
1783,6
1784,6
1785,3
1786,5
1787,15
1788,14
1789,1
1790,2
1791,13
1792,4
1793,3
1794,5
1795,17
1796,1
1797,2
1798,27
1799,2
1800,7
1801,23
1802,17
1803,14
1804,10
1805,17
1806,7
1807,14
1808,6
1809,10
1810,9
1811,1
1812,3
1813,12
1814,19
1815,17
1816,7
1817,4
1818,9
1819,2
1820,7
1821,3
1822,2
1823,14
1824,2
1825,18
1826,6
1827,3
1828,2
1829,7
1830,2
1831,3
1832,3
1833,7
1834,8
1835,14
1836,1
1837,2
1838,5
1839,3
1840,5
1841,16
1842,2
1843,8
1844,5
1845,6
1846,3
1847,8
1848,1
1849,11
1850,4
1851,6
1852,15
1853,6
1854,9
1855,20
1856,9
1857,9
1858,1
1859,4
1860,4
1861,7
1862,2
1863,3
1864,5
1865,5
1866,7
1867,6
1868,2
1869,10
1870,16
1871,8
1872,19
1873,22
1874,5
1875,5
1876,18
1877,21
1878,1
1879,12
1880,3
1881,14
1882,4
1883,8
1884,33
1885,12
1886,13
1887,1
1888,7
1889,32
1890,5
1891,9
1892,5
1893,5
1894,8
1895,3
1896,11
1897,2
1898,1
1899,15
1900,7
1901,17
1902,1
1903,3
1904,24
1905,12
1906,3
1907,9
1908,3
1909,1
1910,14
1911,6
1912,2
1913,10
1914,2
1915,4
1916,2
1917,1
1918,8
1919,20
1920,1
1921,3
1922,1
1923,16
1924,3
1925,2
1926,6
1927,2
1928,2
1929,1
1930,9
1931,12
1932,6
1933,1
1934,6
1935,9
1936,4
1937,15
1938,4
1939,6
1940,2
1941,1
1942,4
1943,1
1944,10
1945,4
1946,8
1947,1
1948,10
1949,5
1950,1
1951,6
1952,3
1953,3
1954,1
1955,21
1956,7
1957,3
1958,9
1959,6
1960,6
1961,6
1962,1
1963,7
1964,13
1965,8
1966,14
1967,7
1968,1
1969,1
1970,6
1971,2
1972,6
1973,2
1974,8
1975,13
1976,2
1977,2
1978,4
1979,1
1980,2
1981,10
1982,1
1983,6
1984,11
1985,16
1986,5
1987,11
1988,1
1989,2
1990,1
1991,1
1992,1
1993,1
1994,1
1995,6
1996,3
1997,11
1998,5
1999,1
2000,2
2001,1
2002,14
2003,3
2004,2
2005,4
2006,6
2007,9
2008,12
2009,4
2010,4
2011,11
2012,3
2013,2
2014,5
2015,5
2016,3
2017,7
2018,2
2019,6
2020,1
2021,20
2022,2
2023,3
2024,9
2025,6
2026,4
2027,1
2028,1
2029,1
2030,4
2031,4
2032,4
2033,3
2034,1
2035,10
2036,6
2037,16
2038,2
2039,2
2040,2
2041,4
2042,8
2043,7
2044,1
2045,6
2046,2
2047,6
2048,5
2049,2
2050,1
2051,7
2052,2
2053,2
2054,12
2055,3
2056,3
2057,2
2058,6
2059,4
2060,2
2061,3
2062,4
2063,2
2064,2
2065,1
2066,1
2067,2
2068,4
2069,7
2070,5
2071,4
2072,1
2073,3
2074,6
2075,2
2076,10
2077,6
2078,4
2079,6
2080,2
2081,2
2082,3
2083,1
2084,4
2085,5
2086,11
2087,2
2088,5
2089,1
2090,3
2091,6
2092,13
2093,1
2094,7
2095,1
2096,1
2097,1
2098,4
2099,6
2100,13
2101,2
2102,2
2103,5
2104,4
2105,1
2106,4
2107,4
2108,2
2109,3
2110,1
2111,9
2112,6
2113,2
2114,3
2115,5
2116,1
2117,3
2118,1
2119,9
2120,1
2121,10
2122,5
2123,8
2124,2
2125,8
2126,1
2127,1
2128,16
2129,1
2130,5
2131,1
2132,6
2133,4
2134,2
2135,2
2136,2
2137,7
2138,2
2139,1
2140,1
2141,8
2142,1
2143,7
2144,3
2145,2
2146,3
2147,5
2148,2
2149,2
2150,2
2151,3
2152,8
2153,5
2154,13
2155,3
2156,4
2157,2
2158,4
2159,2
2160,2
2161,29
2162,4
2163,10
2164,11
2165,6
2166,1
2167,7
2168,2
2169,7
2170,10
2171,5
2172,9
2173,2
2174,1
2175,4
2176,3
2177,4
2178,5
2179,4
2180,5
2181,16
2182,1
2183,1
2184,17
2185,2
2186,8
2187,13
2188,1
2189,6
2190,9
2191,5
2192,1
2193,15
2194,14
2195,11
2196,41
2197,3
2198,2
2199,16
2200,9
2201,6
2202,25
2203,23
2204,9
2205,4
2206,3
2207,3
2208,2
2209,5
2210,5
2211,20
2212,6
2213,28
2214,14
2215,2
2216,13
2217,16
2218,6
2219,7
2220,10
2221,2
2222,19
2223,2
2224,20
2225,10
2226,31
2227,33
2228,3
2229,5
2230,4
2231,2
2232,8
2233,8
2234,4
2235,19
2236,19
2237,8
2238,6
2239,4
2240,9
2241,9
2242,5
2243,10
2244,2
2245,15
2246,1
2247,1
2248,5
2249,8
2250,9
2251,3
2252,2
2253,3
2254,7
2255,2
2256,6
2257,4
2258,6
2259,12
2260,26
2261,4
2262,3
2263,4
2264,1
2265,3
2266,2
2267,15
2268,1
2269,14
2270,8
2271,18
2272,6
2273,6
2274,3
2275,5
2276,5
2277,3
2278,1
2279,7
2280,3
2281,14
2282,2
2283,4
2284,3
2285,1
2286,27
2287,5
2288,2
2289,1
2290,6
2291,2
2292,1
2293,3
2294,2
2295,1
2296,1
2297,2
2298,4
2299,7
2300,2
2301,12
2302,2
2303,13
2304,5
2305,1
2306,3
2307,19
2308,5
2309,5
2310,10
2311,22
2312,9
2313,2
2314,3
2315,16
2316,3
2317,19
2318,2
2319,1
2320,3
2321,12
2322,6
2323,1
2324,1
2325,3
2326,18
2327,1
2328,13
2329,2
2330,3
2331,7
2332,8
2333,4
2334,7
2335,24
2336,2
2337,1
2338,1
2339,7
2340,1
2341,4
2342,4
2343,2
2344,36
2345,7
2346,4
2347,30
2348,1
2349,5
2350,5
2351,5
2352,1
2353,2
2354,11
2355,19
2356,15
2357,29
2358,10
2359,7
2360,9
2361,1
2362,10
2363,3
2364,5
2365,13
2366,6
2367,8
2368,1
2369,9
2370,19
2371,38
2372,16
2373,12
2374,10
2375,35
2376,29
2377,14
2378,30
2379,14
2380,40
2381,1
2382,8
2383,6
2384,4
2385,6
2386,6
2387,38
2388,14
2389,19
2390,20
2391,28
2392,30
2393,10
2394,7
2395,15
2396,7
2397,9
2398,3
2399,5
2400,3
2401,29
2402,13
2403,22
2404,28
2405,8
2406,1
2407,33
2408,14
2409,2
2410,10
2411,3
2412,11
2413,5
2414,13
2415,8
2416,24
2417,23
2418,5
2419,23
2420,5
2421,2
2422,26
2423,15
2424,3
2425,1
2426,21
2427,1
2428,27
2429,16
2430,31
2431,14
2432,8
2433,31
2434,19
2435,8
2436,38
2437,38
2438,1
2439,12
2440,39
2441,17
2442,2
2443,11
2444,45
2445,13
2446,14
2447,1
2448,25
2449,33
2450,31
2451,20
2452,2
2453,17
2454,1
2455,29
2456,2
2457,6
2458,3
2459,8
2460,32
2461,16
2462,7
2463,5
2464,5
2465,28
2466,14
2467,5
2468,1
2469,4
2470,2
2471,18
2472,22
2473,9
2474,10
2475,31
2476,7
2477,23
2478,17
2479,12
2480,17
2481,31
2482,27
2483,18
2484,4
2485,1
2486,14
2487,18
2488,9
2489,2
2490,36
2491,8
2492,3
2493,45
2494,24
2495,1
2496,6
2497,1
2498,7
2499,7
2500,3
2501,36
2502,6
2503,7
2504,7
2505,39
2506,1
2507,9
2508,8
2509,15
2510,15
2511,11
2512,6
2513,6
2514,11
2515,13
2516,13
2517,13
2518,2
2519,16
2520,3
2521,2
2522,3
2523,12
2524,31
2525,24
2526,20
2527,5
2528,7
2529,11
2530,6
2531,8
2532,3
2533,18
2534,3
2535,23
2536,7
2537,2
2538,5
2539,1
2540,24
2541,1
2542,11
2543,8
2544,14
2545,5
2546,25
2547,17
2548,14
2549,11
2550,37
2551,25
2552,9
2553,18
2554,12
2555,7
2556,6
2557,9
2558,9
2559,7
2560,12
2561,1
2562,3
2563,7
2564,4
2565,29
2566,2
2567,12
2568,15
2569,28
2570,13
2571,7
2572,9
2573,4
2574,13
2575,29
2576,11
2577,8
2578,7
2579,6
2580,17
2581,43
2582,31
2583,2
2584,5
2585,9
2586,52
2587,7
2588,44
2589,5
2590,6
2591,2
2592,34
2593,9
2594,1
2595,14
2596,19
2597,11
2598,24
2599,42
2600,3
2601,26
2602,40
2603,2
2604,26
2605,47
2606,52
2607,30
2608,1
2609,7
2610,35
2611,19
2612,9
2613,10
2614,1
2615,6
2616,17
2617,39
2618,1
2619,1
2620,39
2621,6
2622,17
2623,10
2624,1
2625,11
2626,3
2627,2
2628,13
2629,9
2630,10
2631,36
2632,10
2633,52
2634,22
2635,4
2636,1
2637,3
2638,8
2639,37
2640,4
2641,3
2642,11
2643,4
2644,2
2645,65
2646,1
2647,11
2648,6
2649,9
2650,1
2651,15
2652,7
2653,14
2654,29
2655,29
2656,7
2657,7
2658,10
2659,14
2660,45
2661,3
2662,7
2663,1
2664,26
2665,6
2666,8
2667,7
2668,3
2669,6
2670,13
2671,30
2672,8
2673,13
2674,17
2675,18
2676,5
2677,9
2678,4
2679,8
2680,15
2681,2
2682,5
2683,6
2684,21
2685,11
2686,14
2687,6
2688,15
2689,12
2690,9
2691,19
2692,4
2693,26
2694,6
2695,24
2696,10
2697,4
2698,5
2699,8
2700,10
2701,28
2702,7
2703,17
2704,20
2705,4
2706,6
2707,43
2708,3
2709,3
2710,6
2711,15
2712,12
2713,7
2714,8
2715,2
2716,26
2717,6
2718,10
2719,17
2720,21
2721,1
2722,9
2723,15
2724,8
2725,11
2726,1
2727,2
2728,38
2729,1
2730,17
2731,14
2732,12
2733,13
2734,25
2735,3
2736,2
2737,3
2738,8
2739,25
2740,6
2741,3
2742,26
2743,12
2744,6
2745,25
2746,41
2747,13
2748,25
2749,4
2750,2
2751,12
2752,9
2753,33
2754,2
2755,3
2756,13
2757,9
2758,22
2759,22
2760,17
2761,3
2762,3
2763,8
2764,2
2765,13
2766,18
2767,10
2768,6
2769,10
2770,5
2771,3
2772,1
2773,16
2774,8
2775,10
2776,29
2777,16
2778,31
2779,36
2780,27
2781,1
2782,9
2783,36
2784,13
2785,6
2786,3
2787,3
2788,6
2789,6
2790,7
2791,11
2792,13
2793,3
2794,18
2795,1
2796,5
2797,2
2798,7
2799,9
2800,13
2801,6
2802,6
2803,20
2804,1
2805,12
2806,4
2807,5
2808,4
2809,13
2810,12
2811,22
2812,2
2813,10
2814,15
2815,37
2816,14
2817,12
2818,15
2819,4
2820,7
2821,9
2822,10
2823,15
2824,3
2825,2
2826,3
2827,1
2828,3
2829,3
2830,4
2831,13
2832,11
2833,7
2834,11
2835,5
2836,9
2837,2
2838,17
2839,18
2840,13
2841,25
2842,24
2843,26
2844,24
2845,3
2846,2
2847,6
2848,24
2849,2
2850,11
2851,45
2852,14
2853,9
2854,12
2855,8
2856,17
2857,3
2858,1
2859,5
2860,11
2861,14
2862,9
2863,21
2864,6
2865,8
2866,2
2867,27
2868,1
2869,3
2870,1
2871,2
2872,3
2873,14
2874,2
2875,13
2876,8
2877,3
2878,13
2879,17
2880,5
2881,5
2882,4
2883,6
2884,2
2885,2
2886,5
2887,2
2888,6
2889,2
2890,8
2891,9
2892,1
2893,11
2894,2
2895,6
2896,3
2897,16
2898,7
2899,3
2900,3
2901,4
2902,4
2903,1
2904,1
2905,21
2906,4
2907,9
2908,8
2909,5
2910,1
2911,3
2912,5
2913,2
2914,4
2915,1
2916,6
2917,1
2918,11
2919,3
2920,10
2921,3
2922,8
2923,2
2924,3
2925,2
2926,15
2927,3
2928,5
2929,1
2930,9
2931,6
2932,8
2933,3
2934,10
2935,3
2936,3
2937,2
2938,1
2939,4
2940,7
2941,2
2942,1
2943,1
2944,5
2945,3
2946,8
2947,9
2948,12
2949,6
2950,9
2951,12
2952,4
2953,3
2954,16
2955,19
2956,11
2957,7
2958,5
2959,9
2960,2
2961,11
2962,14
2963,4
2964,9
2965,3
2966,19
2967,1
2968,6
2969,7
2970,2
2971,6
2972,3
2973,13
2974,10
2975,11
2976,2
2977,13
2978,5
2979,1
2980,7
2981,5
2982,1
2983,13
2984,1
2985,9
2986,2
2987,3
2988,5
2989,17
2990,1
2991,1
2992,4
2993,4
2994,3
2995,6
2996,1
2997,2
2998,4
2999,11
3000,4
3001,8
3002,10
3003,3
3004,9
3005,1
3006,8
3007,9
3008,2
3009,1
3010,1
3011,1
3012,4
3013,2
3014,3
3015,4
3016,5
3017,8
3018,2
3019,2
3020,7
3021,10
3022,10
3023,2
3024,8
3025,12
3026,1
3027,1
3028,5
3029,3
3030,11
3031,11
3032,5
3033,2
3034,1
3035,5
3036,2
3037,2
3038,1
3039,3
3040,13
3041,2
3042,3
3043,7
3044,1
3045,1
3046,1
3047,3
3048,10
3049,2
3050,2
3051,5
3052,3
3053,8
3054,11
3055,3
3056,4
3057,7
3058,1
3059,2
3060,4
3061,25
3062,1
3063,6
3064,2
3065,9
3066,5
3067,2
3068,4
3069,6
3070,1
3071,6
3072,5
3073,4
3074,3
3075,1
3076,17
3077,3
3078,34
3079,1
3080,14
3081,1
3082,1
3083,1
3084,5
3085,4
3086,8
3087,9
3088,12
3089,10
3090,5
3091,9
3092,15
3093,3
3094,12
3095,13
3096,17
3097,2
3098,9
3099,7
3100,2
3101,1
3102,5
3103,10
3104,3
3105,10
3106,2
3107,10
3108,7
3109,3
3110,15
3111,6
3112,34
3113,1
3114,5
3115,8
3116,1
3117,3
3118,16
3119,7
3120,8
3121,12
3122,23
3123,6
3124,20
3125,6
3126,8
3127,13
3128,2
3129,5
3130,9
3131,10
3132,25
3133,11
3134,10
3135,5
3136,7
3137,4
3138,3
3139,23
3140,20
3141,9
3142,26
3143,1
3144,13
3145,12
3146,8
3147,21
3148,11
3149,1
3150,6
3151,1
3152,17
3153,2
3154,1
3155,11
3156,12
3157,2
3158,20
3159,2
3160,2
3161,25
3162,2
3163,13
3164,17
3165,30
3166,20
3167,4
3168,1
3169,16
3170,1
3171,9
3172,31
3173,1
3174,4
3175,14
3176,16
3177,12
3178,3
3179,17
3180,18
3181,1
3182,4
3183,15
3184,20
3185,7
3186,6
3187,3
3188,1
3189,22
3190,5
3191,8
3192,8
3193,1
3194,6
3195,5
3196,1
3197,10
3198,9
3199,1
3200,6
3201,6
3202,8
3203,12
3204,11
3205,6
3206,6
3207,2
3208,8
3209,11
3210,2
3211,4
3212,6
3213,8
3214,10
3215,9
3216,2
3217,6
3218,4
3219,8
3220,9
3221,4
3222,6
3223,10
3224,7
3225,23
3226,8
3227,4
3228,1
3229,1
3230,17
3231,17
3232,5
3233,1
3234,5
3235,6
3236,5
3237,17
3238,11
3239,10
3240,10
3241,2
3242,32
3243,1
3244,11
3245,1
3246,7
3247,18
3248,6
3249,13
3250,2
3251,4
3252,5
3253,3
3254,2
3255,2
3256,5
3257,1
3258,1
3259,1
3260,5
3261,2
3262,11
3263,6
3264,3
3265,2
3266,2
3267,4
3268,6
3269,19
3270,2
3271,5
3272,20
3273,2
3274,1
3275,3
3276,2
3277,1
3278,1
3279,2
3280,2
3281,3
3282,9
3283,3
3284,5
3285,2
3286,1
3287,4
3288,3
3289,2
3290,4
3291,2
3292,13
3293,1
3294,1
3295,3
3296,5
3297,8
3298,6
3299,1
3300,3
3301,4
3302,6
3303,1
3304,5
3305,2
3306,3
3307,3
3308,1
3309,1
3310,3
3311,4
3312,2
3313,7
3314,5
3315,2
3316,1
3317,1
3318,3
3319,8
3320,2
3321,2
3322,1
3323,8
3324,1
3325,2
3326,2
3327,1
3328,2
3329,6
3330,4
3331,3
3332,3
3333,2
3334,4
3335,4
3336,6
3337,4
3338,4
3339,2
3340,4
3341,4
3342,2
3343,9
3344,2
3345,2
3346,6
3347,4
3348,5
3349,1
3350,1
3351,1
3352,3
3353,1
3354,1
3355,1
3356,2
3357,2
3358,9
3359,4
3360,2
3361,1
3362,9
3363,8
3364,3
3365,11
3366,2
3367,3
3368,6
3369,2
3370,6
3371,6
3372,23
3373,13
3374,3
3375,8
3376,6
3377,4
3378,1
3379,7
3380,9
3381,8
3382,2
3383,23
3384,4
3385,4
3386,3
3387,7
3388,10
3389,2
3390,11
3391,19
3392,12
3393,3
3394,3
3395,13
3396,9
3397,3
3398,2
3399,8
3400,5
3401,2
3402,15
3403,7
3404,15
3405,10
3406,3
3407,2
3408,7
3409,5
3410,2
3411,1
3412,7
3413,1
3414,4
3415,7
3416,2
3417,3
3418,2
3419,2
3420,7
3421,8
3422,7
3423,4
3424,3
3425,7
3426,5
3427,1
3428,2
3429,4
3430,2
3431,1
3432,10
3433,2
3434,12
3435,1
3436,5
3437,5
3438,9
3439,5
3440,5
3441,7
3442,10
3443,6
3444,1
3445,5
3446,6
3447,2
3448,2
3449,10
3450,15
3451,1
3452,1
3453,1
3454,1
3455,1
3456,2
3457,6
3458,1
3459,3
3460,1
3461,5
3462,4
3463,6
3464,8
3465,2
3466,3
3467,2
3468,1
3469,6
3470,6
3471,6
3472,5
3473,1
3474,5
3475,2
3476,1
3477,1
3478,2
3479,1
3480,7
3481,7
3482,4
3483,1
3484,1
3485,2
3486,2
3487,8
3488,2
3489,3
3490,2
3491,1
3492,8
3493,2
3494,1
3495,8
3496,3
3497,4
3498,1
3499,5
3500,1
3501,2
3502,4
3503,2
3504,7
3505,1
3506,1
3507,1
3508,5
3509,1
3510,3
3511,3
3512,1
3513,3
3514,8
3515,2
3516,1
3517,1
3518,3
3519,2
3520,2
3521,4
3522,2
3523,1
3524,9
3525,2
3526,1
3527,5
3528,1
3529,1
3530,6
3531,4
3532,4
3533,1
3534,5
3535,7
3536,1
3537,2
3538,3
3539,3
3540,1
3541,2
3542,1
3543,1
3544,4
3545,1
3546,4
3547,1
3548,3
3549,2
3550,5
3551,7
3552,1
3553,2
3554,1
3555,1
3556,6
3557,1
3558,1
3559,3
3560,1
3561,1
3562,6
3563,4
3564,1
3565,1
3566,1
3567,4
3568,1
3569,2
3570,1
3571,2
3572,6
3573,1
3574,6
3575,4
3576,1
3577,3
3578,5
3579,2
3580,2
3581,3
3582,3
3583,3
3584,1
3585,1
3586,1
3587,1
3588,1
3589,5
3590,4
3591,1
3592,3
3593,1
3594,3
3595,1
3596,1
3597,3
3598,6
3599,2
3600,2
3601,2
3602,2
3603,1
3604,4
3605,2
3606,2
3607,1
3608,3
3609,3
3610,2
3611,2
3612,3
3613,2
3614,3
3615,1
3616,2
3617,2
3618,2
3619,6
3620,2
3621,1
3622,1
3623,1
3624,3
3625,3
3626,2
3627,2
3628,12
3629,3
3630,2
3631,5
3632,6
3633,3
3634,1
3635,4
3636,4
3637,2
3638,6
3639,3
3640,4
3641,5
3642,6
3643,8
3644,3
3645,2
3646,4
3647,4
3648,1
3649,4
3650,2
3651,1
3652,1
3653,2
3654,8
3655,3
3656,7
3657,1
3658,2
3659,2
3660,2
3661,1
3662,1
3663,1
3664,5
3665,5
3666,1
3667,3
3668,8
3669,2
3670,3
3671,2
3672,1
3673,1
3674,3
3675,2
3676,1
3677,1
3678,2
3679,1
3680,3
3681,3
3682,1
3683,3
3684,1
3685,1
3686,2
3687,1
3688,3
3689,2
3690,1
3691,4
3692,2
3693,11
3694,3
3695,2
3696,2
3697,3
3698,1
3699,4
3700,4
3701,1
3702,6
3703,1
3704,1
3705,6
3706,5
3707,1
3708,1
3709,1
3710,2
3711,11
3712,5
3713,4
3714,5
3715,1
3716,2
3717,4
3718,4
3719,5
3720,5
3721,2
3722,4
3723,4
3724,1
3725,3
3726,3
3727,4
3728,6
3729,10
3730,3
3731,1
3732,1
3733,8
3734,1
3735,1
3736,1
3737,8
3738,8
3739,3
3740,1
3741,2
3742,1
3743,13
3744,5
3745,3
3746,1
3747,1
3748,3
3749,1
3750,1
3751,12
3752,4
3753,2
3754,3
3755,1
3756,3
3757,1
3758,1
3759,1
3760,4
3761,2
3762,1
3763,1
3764,1
3765,1
3766,4
3767,2
3768,6
3769,1
3770,6
3771,2
3772,8
3773,1
3774,4
3775,2
3776,1
3777,6
3778,5
3779,1
3780,6
3781,1
3782,1
3783,2
3784,1
3785,1
3786,4
3787,2
3788,2
3789,1
3790,7
3791,5
3792,2
3793,3
3794,1
3795,1
3796,2
3797,1
3798,3
3799,1
3800,1
3801,1
3802,3
3803,1
3804,1
3805,1
3806,7
3807,2
3808,5
3809,5
3810,6
3811,4
3812,2
3813,3
3814,6
3815,1
3816,1
3817,2
3818,2
3819,2
3820,3
3821,1
3822,6
3823,6
3824,5
3825,2
3826,10
3827,1
3828,2
3829,1
3830,1
3831,1
3832,3
3833,2
3834,1
3835,2
3836,3
3837,3
3838,1
3839,3
3840,4
3841,4
3842,7
3843,1
3844,1
3845,2
3846,7
3847,3
3848,4
3849,2
3850,1
3851,2
3852,1
3853,2
3854,13
3855,2
3856,4
3857,5
3858,1
3859,4
3860,2
3861,1
3862,1
3863,3
3864,1
3865,7
3866,1
3867,5
3868,8
3869,2
3870,3
3871,9
3872,2
3873,3
3874,4
3875,4
3876,1
3877,1
3878,1
3879,3
3880,1
3881,3
3882,1
3883,2
3884,1
3885,4
3886,7
3887,9
3888,5
3889,1
3890,1
3891,2
3892,4
3893,7
3894,3
3895,3
3896,2
3897,4
3898,2
3899,1
3900,3
3901,4
3902,18
3903,11
3904,1
3905,5
3906,2
3907,7
3908,8
3909,4
3910,3
3911,21
3912,5
3913,10
3914,2
3915,3
3916,2
3917,3
3918,22
3919,3
3920,6
3921,4
3922,16
3923,2
3924,17
3925,3
3926,5
3927,20
3928,17
3929,2
3930,29
3931,12
3932,6
3933,25
3934,9
3935,6
3936,30
3937,6
3938,2
3939,22
3940,6
3941,17
3942,10
3943,8
3944,7
3945,7
3946,1
3947,13
3948,29
3949,6
3950,3
3951,4
3952,2
3953,13
3954,1
3955,9
3956,8
3957,5
3958,6
3959,2
3960,4
3961,1
3962,2
3963,11
3964,1
3965,12
3966,2
3967,8
3968,11
3969,1
3970,1
3971,19
3972,4
3973,10
3974,2
3975,8
3976,4
3977,2
3978,5
3979,16
3980,2
3981,1
3982,4
3983,1
3984,16
3985,1
3986,1
3987,2
3988,5
3989,1
3990,2
3991,8
3992,2
3993,3
3994,1
3995,3
3996,6
3997,7
3998,3
3999,1
4000,3
4001,1
4002,4
4003,1
4004,1
4005,5
4006,2
4007,10
4008,12
4009,1
4010,3
4011,4
4012,2
4013,1
4014,3
4015,3
4016,3
4017,1
4018,4
4019,3
4020,7
4021,4
4022,9
4023,2
4024,5
4025,9
4026,2
4027,2
4028,1
4029,1
4030,10
4031,2
4032,18
4033,5
4034,7
4035,4
4036,5
4037,5
4038,8
4039,6
4040,9
4041,5
4042,17
4043,4
4044,5
4045,7
4046,13
4047,3
4048,14
4049,8
4050,9
4051,3
4052,1
4053,1
4054,2
4055,6
4056,4
4057,7
4058,8
4059,1
4060,3
4061,14
4062,22
4063,20
4064,3
4065,3
4066,3
4067,6
4068,3
4069,3
4070,5
4071,15
4072,13
4073,4
4074,7
4075,3
4076,13
4077,4
4078,7
4079,3
4080,6
4081,13
4082,13
4083,5
4084,6
4085,1
4086,9
4087,5
4088,7
4089,1
4090,1
4091,5
4092,5
4093,1
4094,5
4095,6
4096,17
4097,7
4098,7
4099,5
4100,2
4101,4
4102,5
4103,7
4104,1
4105,2
4106,1
4107,7
4108,1
4109,4
4110,1
4111,2
4112,11
4113,15
4114,7
4115,3
4116,1
4117,3
4118,1
4119,7
4120,7
4121,2
4122,2
4123,3
4124,2
4125,2
4126,5
4127,1
4128,13
4129,10
4130,2
4131,1
4132,5
4133,9
4134,10
4135,3
4136,5
4137,2
4138,2
4139,4
4140,1
4141,2
4142,6
4143,1
4144,8
4145,5
4146,3
4147,3
4148,1
4149,15
4150,2
4151,1
4152,4
4153,6
4154,1
4155,11
4156,2
4157,7
4158,1
4159,2
4160,2
4161,3
4162,24
4163,4
4164,2
4165,1
4166,13
4167,2
4168,7
4169,1
4170,3
4171,1
4172,5
4173,11
4174,1
4175,2
4176,4
4177,3
4178,25
4179,5
4180,5
4181,3
4182,2
4183,22
4184,2
4185,3
4186,5
4187,7
4188,1
4189,18
4190,7
4191,18
4192,1
4193,12
4194,5
4195,5
4196,9
4197,10
4198,2
4199,1
4200,10
4201,2
4202,16
4203,9
4204,3
4205,3
4206,8
4207,4
4208,7
4209,1
4210,1
4211,1
4212,3
4213,5
4214,1
4215,4
4216,2
4217,1
4218,6
4219,1
4220,7
4221,4
4222,2
4223,2
4224,9
4225,10
4226,13
4227,4
4228,5
4229,3
4230,12
4231,19
4232,2
4233,21
4234,2
4235,4
4236,2
4237,1
4238,4
4239,11
4240,6
4241,12
4242,4
4243,3
4244,1
4245,8
4246,1
4247,1
4248,6
4249,4
4250,1
4251,14
4252,4
4253,4
4254,3
4255,6
4256,3
4257,4
4258,3
4259,2
4260,3
4261,1
4262,2
4263,6
4264,3
4265,3
4266,2
4267,10
4268,5
4269,1
4270,7
4271,2
4272,4
4273,10
4274,8
4275,2
4276,5
4277,1
4278,2
4279,2
4280,3
4281,4
4282,6
4283,6
4284,3
4285,2
4286,20
4287,5
4288,1
4289,3
4290,6
4291,1
4292,3
4293,2
4294,2
4295,7
4296,4
4297,3
4298,4
4299,1
4300,1
4301,3
4302,4
4303,17
4304,8
4305,2
4306,1
4307,8
4308,1
4309,2
4310,7
4311,9
4312,5
4313,4
4314,8
4315,3
4316,5
4317,4
4318,7
4319,1
4320,9
4321,1
4322,2
4323,1
4324,2
4325,1
4326,3
4327,6
4328,3
4329,1
4330,1
4331,1
4332,1
4333,1
4334,3
4335,2
4336,10
4337,1
4338,2
4339,6
4340,3
4341,4
4342,5
4343,2
4344,1
4345,2
4346,5
4347,12
4348,2
4349,1
4350,6
4351,2
4352,4
4353,4
4354,2
4355,4
4356,8
4357,3
4358,1
4359,5
4360,6
4361,5
4362,2
4363,4
4364,2
4365,2
4366,5
4367,1
4368,8
4369,5
4370,5
4371,6
4372,6
4373,1
4374,12
4375,1
4376,4
4377,8
4378,1
4379,1
4380,1
4381,1
4382,1
4383,5
4384,4
4385,6
4386,3
4387,7
4388,2
4389,8
4390,10
4391,2
4392,4
4393,4
4394,5
4395,1
4396,1
4397,2
4398,1
4399,5
4400,3
4401,8
4402,5
4403,14
4404,1
4405,2
4406,3
4407,1
4408,1
4409,1
4410,1
4411,4
4412,5
4413,5
4414,1
4415,5
4416,3
4417,13
4418,1
4419,1
4420,7
4421,4
4422,1
4423,12
4424,7
4425,3
4426,1
4427,2
4428,3
4429,1
4430,1
4431,5
4432,2
4433,7
4434,1
4435,8
4436,1
4437,3
4438,2
4439,2
4440,6
4441,7
4442,5
4443,4
4444,1
4445,10
4446,2
4447,4
4448,1
4449,4
4450,3
4451,2
4452,1
4453,2
4454,1
4455,7
4456,1
4457,9
4458,3
4459,3
4460,1
4461,1
4462,2
4463,2
4464,3
4465,2
4466,1
4467,8
4468,1
4469,6
4470,1
4471,2
4472,3
4473,12
4474,8
4475,2
4476,2
4477,3
4478,3
4479,2
4480,2
4481,1
4482,1
4483,1
4484,2
4485,1
4486,1
4487,1
4488,2
4489,2
4490,2
4491,1
4492,2
4493,6
4494,6
4495,5
4496,2
4497,2
4498,10
4499,1
4500,4
4501,2
4502,6
4503,2
4504,4
4505,2
4506,1
4507,3
4508,2
4509,1
4510,1
4511,2
4512,2
4513,3
4514,2
4515,1
4516,3
4517,8
4518,2
4519,2
4520,1
4521,3
4522,2
4523,3
4524,4
4525,7
4526,7
4527,1
4528,3
4529,4
4530,1
4531,1
4532,1
4533,8
4534,5
4535,1
4536,3
4537,3
4538,1
4539,4
4540,2
4541,6
4542,2
4543,5
4544,1
4545,1
4546,6
4547,5
4548,1
4549,4
4550,1
4551,1
4552,1
4553,3
4554,4
4555,3
4556,3
4557,5
4558,3
4559,10
4560,1
4561,4
4562,2
4563,4
4564,2
4565,3
4566,1
4567,3
4568,2
4569,1
4570,1
4571,3
4572,4
4573,4
4574,2
4575,1
4576,10
4577,1
4578,1
4579,1
4580,3
4581,2
4582,1
4583,4
4584,4
4585,2
4586,1
4587,2
4588,1
4589,5
4590,1
4591,1
4592,4
4593,3
4594,6
4595,3
4596,1
4597,8
4598,2
4599,1
4600,3
4601,1
4602,2
4603,5
4604,2
4605,4
4606,2
4607,6
4608,3
4609,1
4610,1
4611,4
4612,13
4613,13
4614,4
4615,3
4616,3
4617,4
4618,1
4619,8
4620,2
4621,4
4622,3
4623,1
4624,3
4625,5
4626,10
4627,1
4628,9
4629,7
4630,19
4631,1
4632,6
4633,10
4634,1
4635,1
4636,8
4637,1
4638,5
4639,1
4640,8
4641,16
4642,8
4643,13
4644,8
4645,7
4646,6
4647,2
4648,8
4649,4
4650,2
4651,1
4652,8
4653,7
4654,7
4655,8
4656,1
4657,14
4658,22
4659,1
4660,26
4661,2
4662,4
4663,1
4664,8
4665,4
4666,23
4667,5
4668,3
4669,6
4670,5
4671,11
4672,8
4673,8
4674,5
4675,5
4676,3
4677,9
4678,1
4679,3
4680,1
4681,20
4682,4
4683,12
4684,4
4685,20
4686,7
4687,7
4688,6
4689,28
4690,12
4691,4
4692,1
4693,3
4694,6
4695,1
4696,10
4697,3
4698,5
4699,1
4700,4
4701,9
4702,2
4703,12
4704,8
4705,5
4706,1
4707,18
4708,3
4709,12
4710,3
4711,4
4712,6
4713,2
4714,4
4715,11
4716,23
4717,1
4718,8
4719,3
4720,2
4721,11
4722,1
4723,9
4724,2
4725,5
4726,3
4727,2
4728,5
4729,4
4730,1
4731,2
4732,1
4733,1
4734,3
4735,1
4736,5
4737,3
4738,8
4739,1
4740,1
4741,3
4742,4
4743,4
4744,2
4745,7
4746,5
4747,4
4748,4
4749,3
4750,10
4751,8
4752,3
4753,1
4754,3
4755,1
4756,1
4757,4
4758,8
4759,15
4760,2
4761,13
4762,1
4763,13
4764,8
4765,8
4766,1
4767,3
4768,6
4769,2
4770,9
4771,2
4772,3
4773,4
4774,1
4775,6
4776,1
4777,2
4778,3
4779,5
4780,2
4781,11
4782,1
4783,5
4784,2
4785,30
4786,2
4787,4
4788,8
4789,13
4790,4
4791,9
4792,1
4793,3
4794,3
4795,1
4796,3
4797,2
4798,2
4799,1
4800,3
4801,3
4802,28
4803,4
4804,6
4805,12
4806,10
4807,24
4808,7
4809,12
4810,25
4811,9
4812,10
4813,4
4814,10
4815,8
4816,3
4817,3
4818,1
4819,6
4820,8
4821,1
4822,20
4823,2
4824,2
4825,21
4826,6
4827,15
4828,5
4829,4
4830,14
4831,7
4832,17
4833,20
4834,4
4835,12
4836,8
4837,7
4838,4
4839,11
4840,2
4841,22
4842,4
4843,4
4844,10
4845,15
4846,5
4847,1
4848,12
4849,28
4850,13
4851,5
4852,6
4853,13
4854,17
4855,1
4856,4
4857,17
4858,14
4859,16
4860,6
4861,5
4862,22
4863,17
4864,3
4865,1
4866,10
4867,13
4868,3
4869,1
4870,14
4871,5
4872,4
4873,10
4874,17
4875,2
4876,6
4877,8
4878,3
4879,2
4880,12
4881,8
4882,1
4883,1
4884,14
4885,9
4886,2
4887,4
4888,5
4889,26
4890,10
4891,1
4892,1
4893,1
4894,2
4895,3
4896,2
4897,4
4898,4
4899,1
4900,3
4901,4
4902,2
4903,6
4904,2
4905,1
4906,1
4907,3
4908,1
4909,1
4910,1
4911,1
4912,1
4913,1
4914,4
4915,3
4916,2
4917,9
4918,2
4919,1
4920,1
4921,2
4922,2
4923,3
4924,3
4925,1
4926,2
4927,1
4928,1
4929,3
4930,1
4931,3
4932,3
4933,1
4934,1
4935,2
4936,1
4937,4
4938,1
4939,4
4940,2
4941,1
4942,4
4943,1
4944,2
4945,1
4946,2
4947,5
4948,5
4949,1
4950,2
4951,4
4952,1
4953,4
4954,1
4955,2
4956,2
4957,1
4958,1
4959,10
4960,4
4961,1
4962,3
4963,4
4964,1
4965,1
4966,1
4967,7
4968,3
4969,1
4970,1
4971,1
4972,2
4973,4
4974,2
4975,1
4976,1
4977,1
4978,5
4979,3
4980,5
4981,6
4982,3
4983,1
4984,1
4985,2
4986,5
4987,3
4988,1
4989,6
4990,1
4991,3
4992,4
4993,2
4994,2
4995,6
4996,1
4997,1
4998,2
4999,1
5000,7
5001,1
5002,8
5003,2
5004,2
5005,1
5006,3
5007,5
5008,8
5009,2
5010,2
5011,1
5012,4
5013,1
5014,1
5015,3
5016,1
5017,3
5018,3
5019,1
5020,1
5021,2
5022,1
5023,6
5024,2
5025,2
5026,2
5027,1
5028,1
5029,1
5030,1
5031,1
5032,4
5033,1
5034,1
5035,2
5036,2
5037,1
5038,7
5039,2
5040,5
5041,3
5042,3
5043,1
5044,9
5045,1
5046,2
5047,1
5048,1
5049,2
5050,1
5051,1
5052,1
5053,3
5054,6
5055,2
5056,1
5057,1
5058,2
5059,3
5060,1
5061,3
5062,1
5063,4
5064,4
5065,1
5066,1
5067,8
5068,4
5069,1
5070,8
5071,10
5072,2
5073,4
5074,4
5075,3
5076,2
5077,3
5078,3
5079,7
5080,4
5081,4
5082,1
5083,3
5084,2
5085,1
5086,2
5087,3
5088,2
5089,7
5090,6
5091,2
5092,4
5093,4
5094,1
5095,2
5096,3
5097,2
5098,3
5099,3
5100,4
5101,3
5102,2
5103,1
5104,1
5105,1
5106,2
5107,2
5108,1
5109,2
5110,1
5111,3
5112,2
5113,1
5114,7
5115,1
5116,2
5117,3
5118,2
5119,3
5120,2
5121,1
5122,2
5123,1
5124,2
5125,2
5126,5
5127,1
5128,1
5129,1
5130,1
5131,1
5132,1
5133,3
5134,3
5135,4
5136,1
5137,2
5138,4
5139,2
5140,5
5141,1
5142,2
5143,4
5144,5
5145,1
5146,1
5147,3
5148,1
5149,1
5150,4
5151,4
5152,1
5153,1
5154,2
5155,1
5156,1
5157,8
5158,2
5159,1
5160,1
5161,2
5162,1
5163,1
5164,10
5165,5
5166,4
5167,6
5168,2
5169,4
5170,10
5171,1
5172,1
5173,9
5174,2
5175,1
5176,3
5177,3
5178,2
5179,2
5180,1
5181,1
5182,2
5183,5
5184,2
5185,5
5186,7
5187,4
5188,3
5189,1
5190,2
5191,2
5192,3
5193,1
5194,1
5195,3
5196,4
5197,1
5198,1
5199,1
5200,2
5201,1
5202,1
5203,4
5204,2
5205,5
5206,2
5207,1
5208,2
5209,1
5210,2
5211,3
5212,1
5213,6
5214,2
5215,2
5216,6
5217,6
5218,4
5219,1
5220,1
5221,7
5222,13
5223,3
5224,5
5225,9
5226,2
5227,2
5228,2
5229,2
5230,1
5231,4
5232,2
5233,3
5234,3
5235,13
5236,1
5237,1
5238,2
5239,1
5240,1
5241,1
5242,2
5243,2
5244,1
5245,1
5246,1
5247,1
5248,1
5249,1
5250,1
5251,2
5252,9
5253,6
5254,4
5255,2
5256,1
5257,2
5258,2
5259,6
5260,8
5261,4
5262,3
5263,3
5264,2
5265,4
5266,2
5267,3
5268,7
5269,15
5270,4
5271,4
5272,1
5273,3
5274,5
5275,8
5276,2
5277,1
5278,6
5279,2
5280,3
5281,2
5282,5
5283,1
5284,10
5285,3
5286,1
5287,1
5288,2
5289,1
5290,7
5291,3
5292,3
5293,1
5294,5
5295,5
5296,5
5297,1
5298,1
5299,4
5300,3
5301,3
5302,3
5303,1
5304,1
5305,1
5306,4
5307,1
5308,2
5309,1
5310,2
5311,1
5312,1
5313,1
5314,4
5315,4
5316,4
5317,1
5318,6
5319,1
5320,3
5321,2
5322,3
5323,8
5324,3
5325,3
5326,4
5327,3
5328,1
5329,4
5330,1
5331,15
5332,4
5333,2
5334,12
5335,3
5336,11
5337,2
5338,3
5339,4
5340,3
5341,9
5342,5
5343,5
5344,7
5345,7
5346,1
5347,2
5348,7
5349,1
5350,1
5351,3
5352,1
5353,15
5354,2
5355,8
5356,3
5357,2
5358,5
5359,3
5360,11
5361,8
5362,1
5363,2
5364,6
5365,2
5366,3
5367,3
5368,6
5369,11
5370,5
5371,2
5372,1
5373,3
5374,3
5375,4
5376,1
5377,5
5378,2
5379,3
5380,2
5381,3
5382,1
5383,3
5384,1
5385,3
5386,3
5387,1
5388,1
5389,1
5390,2
5391,1
5392,1
5393,2
5394,2
5395,3
5396,1
5397,1
5398,1
5399,3
5400,3
5401,4
5402,6
5403,1
5404,3
5405,1
5406,2
5407,2
5408,4
5409,1
5410,2
5411,2
5412,4
5413,3
5414,1
5415,3
5416,6
5417,3
5418,3
5419,1
5420,7
5421,5
5422,1
5423,2
5424,1
5425,1
5426,1
5427,1
5428,1
5429,8
5430,1
5431,6
5432,2
5433,8
5434,9
5435,2
5436,1
5437,7
5438,2
5439,2
5440,3
5441,2
5442,8
5443,5
5444,1
5445,4
5446,1
5447,3
5448,1
5449,2
5450,3
5451,3
5452,2
5453,1
5454,1
5455,6
5456,6
5457,1
5458,3
5459,3
5460,5
5461,1
5462,2
5463,2
5464,6
5465,1
5466,2
5467,3
5468,7
5469,4
5470,2
5471,1
5472,3
5473,1
5474,3
5475,1
5476,2
5477,3
5478,3
5479,4
5480,5
5481,2
5482,2
5483,2
5484,8
5485,2
5486,3
5487,2
5488,1
5489,3
5490,5
5491,2
5492,10
5493,5
5494,3
5495,6
5496,1
5497,3
5498,11
5499,2
5500,5
5501,7
5502,1
5503,1
5504,1
5505,2
5506,11
5507,9
5508,1
5509,4
5510,1
5511,1
5512,2
5513,1
5514,1
5515,3
5516,1
5517,1
5518,8
5519,3
5520,1
5521,3
5522,6
5523,4
5524,4
5525,12
5526,5
5527,2
5528,2
5529,7
5530,7
5531,1
5532,6
5533,3
5534,5
5535,3
5536,1
5537,1
5538,3
5539,1
5540,2
5541,1
5542,2
5543,3
5544,9
5545,4
5546,5
5547,1
5548,5
5549,7
5550,2
5551,6
5552,11
5553,1
5554,1
5555,1
5556,7
5557,1
5558,7
5559,2
5560,3
5561,1
5562,6
5563,3
5564,3
5565,1
5566,1
5567,3
5568,2
5569,2
5570,2
5571,6
5572,3
5573,7
5574,1
5575,3
5576,1
5577,6
5578,5
5579,1
5580,3
5581,3
5582,1
5583,1
5584,1
5585,3
5586,1
5587,1
5588,3
5589,2
5590,1
5591,3
5592,3
5593,2
5594,10
5595,3
5596,3
5597,2
5598,1
5599,4
5600,3
5601,3
5602,2
5603,5
5604,2
5605,2
5606,2
5607,10
5608,1
5609,2
5610,8
5611,3
5612,2
5613,4
5614,8
5615,2
5616,2
5617,13
5618,2
5619,11
5620,1
5621,1
5622,7
5623,8
5624,6
5625,3
5626,6
5627,5
5628,5
5629,1
5630,12
5631,8
5632,6
5633,7
5634,2
5635,2
5636,2
5637,12
5638,6
5639,6
5640,9
5641,5
5642,2
5643,29
5644,9
5645,5
5646,5
5647,9
5648,9
5649,15
5650,9
5651,5
5652,4
5653,7
5654,1
5655,1
5656,5
5657,2
5658,4
5659,9
5660,1
5661,3
5662,15
5663,15
5664,5
5665,8
5666,3
5667,14
5668,18
5669,3
5670,5
5671,5
5672,10
5673,13
5674,8
5675,6
5676,4
5677,16
5678,4
5679,1
5680,6
5681,10
5682,1
5683,1
5684,2
5685,4
5686,1
5687,11
5688,5
5689,10
5690,1
5691,2
5692,8
5693,10
5694,4
5695,1
5696,7
5697,1
5698,5
5699,1
5700,4
5701,45
5702,14
5703,10
5704,11
5705,15
5706,8
5707,31
5708,11
5709,4
5710,16
5711,3
5712,5
5713,11
5714,3
5715,1
5716,19
5717,3
5718,20
5719,5
5720,5
5721,16
5722,8
5723,2
5724,7
5725,3
5726,30
5727,2
5728,11
5729,20
5730,7
5731,3
5732,1
5733,12
5734,5
5735,9
5736,18
5737,36
5738,3
5739,1
5740,3
5741,2
5742,24
5743,4
5744,12
5745,10
5746,3
5747,24
5748,24
5749,10
5750,10
5751,9
5752,18
5753,8
5754,8
5755,11
5756,14
5757,5
5758,6
5759,3
5760,1
5761,1
5762,6
5763,7
5764,8
5765,7
5766,7
5767,3
5768,11
5769,8
5770,7
5771,40
5772,12
5773,3
5774,8
5775,6
5776,12
5777,3
5778,11
5779,8
5780,9
5781,2
5782,15
5783,15
5784,13
5785,9
5786,3
5787,6
5788,4
5789,17
5790,6
5791,4
5792,3
5793,2
5794,3
5795,6
5796,4
5797,2
5798,2
5799,6
5800,4
5801,12
5802,4
5803,4
5804,1
5805,4
5806,7
5807,5
5808,3
5809,4
5810,2
5811,2
5812,2
5813,1
5814,4
5815,5
5816,2
5817,4
5818,1
5819,4
5820,1
5821,5
5822,1
5823,1
5824,4
5825,1
5826,3
5827,3
5828,6
5829,2
5830,2
5831,2
5832,3
5833,1
5834,3
5835,1
5836,4
5837,1
5838,3
5839,1
5840,2
5841,2
5842,2
5843,1
5844,4
5845,4
5846,4
5847,1
5848,2
5849,3
5850,5
5851,3
5852,1
5853,3
5854,3
5855,4
5856,5
5857,8
5858,2
5859,3
5860,4
5861,3
5862,1
5863,5
5864,1
5865,1
5866,5
5867,1
5868,2
5869,4
5870,2
5871,3
5872,4
5873,13
5874,2
5875,4
5876,2
5877,2
5878,1
5879,1
5880,6
5881,3
5882,2
5883,1
5884,1
5885,1
5886,4
5887,5
5888,1
5889,4
5890,2
5891,7
5892,3
5893,1
5894,2
5895,4
5896,2
5897,1
5898,5
5899,1
5900,2
5901,1
5902,2
5903,6
5904,1
5905,1
5906,6
5907,1
5908,2
5909,1
5910,1
5911,2
5912,8
5913,4
5914,7
5915,15
5916,1
5917,2
5918,2
5919,1
5920,2
5921,1
5922,1
5923,3
5924,3
5925,1
5926,2
5927,1
5928,1
5929,1
5930,2
5931,1
5932,4
5933,1
5934,1
5935,1
5936,5
5937,6
5938,3
5939,4
5940,2
5941,1
5942,2
5943,1
5944,2
5945,1
5946,1
5947,1
5948,3
5949,2
5950,2
5951,3
5952,2
5953,5
5954,2
5955,1
5956,2
5957,3
5958,1
5959,2
5960,1
5961,1
5962,2
5963,1
5964,1
5965,5
5966,4
5967,5
5968,2
5969,1
5970,1
5971,2
5972,2
5973,2
5974,2
5975,1
5976,1
5977,3
5978,1
5979,3
5980,1
5981,1
5982,2
5983,3
5984,4
5985,4
5986,2
5987,2
5988,7
5989,6
5990,1
5991,2
5992,1
5993,2
5994,1
5995,1
5996,1
5997,1
5998,3
5999,4
6000,1
6001,3
6002,2
6003,1
6004,10
6005,4
6006,2
6007,1
6008,2
6009,2
6010,1
6011,5
6012,2
6013,2
6014,1
6015,4
6016,1
6017,2
6018,3
6019,3
6020,4
6021,2
6022,1
6023,6
6024,1
6025,3
6026,4
6027,5
6028,2
6029,3
6030,6
6031,4
6032,1
6033,1
6034,1
6035,2
6036,1
6037,5
6038,1
6039,4
6040,2
6041,1
6042,3
6043,3
6044,4
6045,1
6046,3
6047,3
6048,4
6049,4
6050,2
6051,2
6052,1
6053,1
6054,1
6055,2
6056,5
6057,2
6058,11
6059,4
6060,2
6061,5
6062,1
6063,4
6064,13
6065,1
6066,11
6067,12
6068,1
6069,4
6070,4
6071,11
6072,11
6073,2
6074,3
6075,1
6076,4
6077,2
6078,1
6079,1
6080,1
6081,6
6082,3
6083,5
6084,4
6085,11
6086,16
6087,9
6088,4
6089,6
6090,4
6091,9
6092,8
6093,3
6094,1
6095,2
6096,8
6097,4
6098,1
6099,2
6100,5
6101,6
6102,1
6103,1
6104,9
6105,15
6106,2
6107,2
6108,2
6109,10
6110,1
6111,2
6112,7
6113,4
6114,11
6115,2
6116,3
6117,10
6118,1
6119,20
6120,1
6121,3
6122,3
6123,9
6124,8
6125,6
6126,3
6127,8
6128,2
6129,3
6130,5
6131,3
6132,3
6133,6
6134,3
6135,5
6136,2
6137,4
6138,2
6139,3
6140,2
6141,4
6142,9
6143,11
6144,1
6145,9
6146,6
6147,2
6148,5
6149,1
6150,9
6151,1
6152,1
6153,2
6154,1
6155,1
6156,2
6157,4
6158,1
6159,4
6160,1
6161,1
6162,3
6163,1
6164,4
6165,2
6166,6
6167,2
6168,3
6169,1
6170,8
6171,3
6172,2
6173,1
6174,1
6175,2
6176,2
6177,4
6178,3
6179,3
6180,6
6181,5
6182,1
6183,2
6184,2
6185,1
6186,2
6187,1
6188,6
6189,2
6190,2
6191,1
6192,3
6193,1
6194,1
6195,3
6196,2
6197,1
6198,2
6199,1
6200,1
6201,1
6202,1
6203,2
6204,1
6205,1
6206,1
6207,1
6208,1
6209,4
6210,1
6211,1
6212,1
6213,4
6214,1
6215,4
6216,5
6217,3
6218,2
6219,4
6220,1
6221,4
6222,2
6223,3
6224,2
6225,1
6226,1
6227,1
6228,1
6229,1
6230,1
6231,2
6232,2
6233,1
6234,2
6235,1
6236,9
6237,3
6238,1
6239,3
6240,2
6241,2
6242,2
6243,8
6244,7
6245,2
6246,2
6247,2
6248,8
6249,11
6250,6
6251,2
6252,5
6253,4
6254,2
6255,1
6256,1
6257,2
6258,1
6259,1
6260,3
6261,4
6262,6
6263,1
6264,4
6265,6
6266,3
6267,4
6268,1
6269,1
6270,1
6271,2
6272,3
6273,3
6274,1
6275,2
6276,1
6277,3
6278,1
6279,2
6280,2
6281,1
6282,2
6283,3
6284,1
6285,1
6286,4
6287,1
6288,1
6289,1
6290,4
6291,2
6292,2
6293,1
6294,2
6295,2
6296,2
6297,2
6298,1
6299,2
6300,2
6301,2
6302,1
6303,2
6304,2
6305,1
6306,2
6307,3
6308,1
6309,1
6310,1
6311,1
6312,2
6313,1
6314,7
6315,5
6316,2
6317,2
6318,2
6319,1
6320,1
6321,5
6322,3
6323,2
6324,9
6325,1
6326,3
6327,1
6328,2
6329,1
6330,2
6331,1
6332,2
6333,1
6334,2
6335,2
6336,6
6337,2
6338,7
6339,3
6340,2
6341,1
6342,1
6343,3
6344,3
6345,2
6346,2
6347,1
6348,1
6349,3
6350,7
6351,3
6352,5
6353,3
6354,1
6355,3
6356,2
6357,1
6358,3
6359,5
6360,2
6361,2
6362,4
6363,7
6364,3
6365,4
6366,1
6367,2
6368,1
6369,4
6370,1
6371,1
6372,2
6373,2
6374,1
6375,1
6376,1
6377,2
6378,1
6379,3
6380,3
6381,4
6382,3
6383,2
6384,3
6385,3
6386,2
6387,2
6388,1
6389,4
6390,3
6391,2
6392,7
6393,1
6394,6
6395,2
6396,2
6397,3
6398,2
6399,2
6400,2
6401,3
6402,2
6403,2
6404,3
6405,1
6406,4
6407,2
6408,7
6409,2
6410,3
6411,3
6412,2
6413,2
6414,1
6415,5
6416,1
6417,1
6418,1
6419,7
6420,5
6421,6
6422,3
6423,4
6424,1
6425,2
6426,5
6427,3
6428,4
6429,12
6430,5
6431,2
6432,2
6433,3
6434,2
6435,5
6436,3
6437,4
6438,9
6439,4
6440,5
6441,1
6442,4
6443,2
6444,2
6445,2
6446,3
6447,2
6448,4
6449,1
6450,3
6451,1
6452,1
6453,4
6454,1
6455,6
6456,1
6457,7
6458,2
6459,4
6460,7
6461,1
6462,4
6463,7
6464,1
6465,11
6466,4
6467,4
6468,7
6469,2
6470,1
6471,1
6472,17
6473,4
6474,4
6475,2
6476,7
6477,2
6478,1
6479,2
6480,1
6481,1
6482,1
6483,3
6484,3
6485,1
6486,6
6487,2
6488,2
6489,1
6490,2
6491,1
6492,3
6493,1
6494,4
6495,4
6496,2
6497,4
6498,1
6499,6
6500,1
6501,3
6502,4
6503,5
6504,3
6505,4
6506,1
6507,2
6508,4
6509,4
6510,4
6511,2
6512,9
6513,1
6514,3
6515,2
6516,5
6517,10
6518,4
6519,2
6520,1
6521,3
6522,7
6523,3
6524,4
6525,2
6526,1
6527,1
6528,4
6529,4
6530,4
6531,1
6532,1
6533,1
6534,1
6535,2
6536,2
6537,4
6538,5
6539,2
6540,4
6541,2
6542,2
6543,1
6544,6
6545,1
6546,2
6547,1
6548,4
6549,1
6550,6
6551,3
6552,5
6553,1
6554,2
6555,3
6556,12
6557,1
6558,7
6559,5
6560,2
6561,8
6562,3
6563,5
6564,7
6565,2
6566,7
6567,3
6568,3
6569,4
6570,1
6571,3
6572,5
6573,2
6574,1
6575,3
6576,4
6577,1
6578,3
6579,1
6580,1
6581,1
6582,2
6583,1
6584,3
6585,2
6586,5
6587,7
6588,3
6589,6
6590,1
6591,1
6592,1
6593,5
6594,10
6595,1
6596,1
6597,4
6598,2
6599,2
6600,6
6601,2
6602,1
6603,1
6604,1
6605,8
6606,5
6607,5
6608,4
6609,1
6610,1
6611,3
6612,3
6613,2
6614,6
6615,1
6616,2
6617,1
6618,1
6619,1
6620,5
6621,4
6622,4
6623,1
6624,4
6625,4
6626,2
6627,3
6628,8
6629,5
6630,4
6631,1
6632,3
6633,8
6634,2
6635,6
6636,2
6637,4
6638,6
6639,5
6640,1
6641,2
6642,5
6643,1
6644,4
6645,2
6646,3
6647,6
6648,3
6649,6
6650,2
6651,2
6652,2
6653,3
6654,5
6655,1
6656,3
6657,1
6658,15
6659,1
6660,5
6661,4
6662,4
6663,3
6664,7
6665,7
6666,4
6667,3
6668,2
6669,1
6670,3
6671,2
6672,6
6673,4
6674,5
6675,7
6676,1
6677,3
6678,1
6679,2
6680,3
6681,9
6682,5
6683,8
6684,2
6685,1
6686,13
6687,1
6688,2
6689,1
6690,5
6691,1
6692,1
6693,2
6694,1
6695,1
6696,5
6697,2
6698,1
6699,4
6700,1
6701,1
6702,1
6703,2
6704,1
6705,2
6706,1
6707,4
6708,1
6709,3
6710,1
6711,3
6712,2
6713,1
6714,2
6715,2
6716,1
6717,1
6718,2
6719,3
6720,1
6721,3
6722,4
6723,1
6724,4
6725,8
6726,1
6727,9
6728,1
6729,2
6730,2
6731,1
6732,4
6733,3
6734,1
6735,4
6736,1
6737,2
6738,1
6739,2
6740,1
6741,1
6742,1
6743,1
6744,4
6745,4
6746,2
6747,1
6748,2
6749,4
6750,1
6751,1
6752,1
6753,2
6754,4
6755,1
6756,3
6757,1
6758,2
6759,1
6760,5
6761,2
6762,1
6763,3
6764,1
6765,6
6766,1
6767,2
6768,3
6769,4
6770,1
6771,1
6772,1
6773,6
6774,3
6775,1
6776,1
6777,4
6778,3
6779,2
6780,2
6781,2
6782,1
6783,2
6784,2
6785,1
6786,3
6787,2
6788,1
6789,3
6790,2
6791,1
6792,1
6793,6
6794,1
6795,5
6796,3
6797,2
6798,5
6799,1
6800,4
6801,1
6802,2
6803,7
6804,1
6805,1
6806,1
6807,2
6808,5
6809,2
6810,4
6811,1
6812,1
6813,2
6814,3
6815,2
6816,2
6817,3
6818,2
6819,1
6820,2
6821,1
6822,3
6823,4
6824,3
6825,2
6826,4
6827,2
6828,3
6829,1
6830,1
6831,1
6832,1
6833,2
6834,1
6835,1
6836,1
6837,3
6838,3
6839,2
6840,1
6841,9
6842,2
6843,4
6844,3
6845,2
6846,3
6847,1
6848,7
6849,1
6850,4
6851,1
6852,2
6853,1
6854,1
6855,4
6856,3
6857,2
6858,1
6859,3
6860,2
6861,1
6862,3
6863,5
6864,2
6865,4
6866,5
6867,2
6868,1
6869,1
6870,3
6871,2
6872,2
6873,2
6874,2
6875,1
6876,2
6877,2
6878,1
6879,4
6880,1
6881,2
6882,2
6883,1
6884,1
6885,1
6886,2
6887,3
6888,1
6889,1
6890,1
6891,3
6892,1
6893,2
6894,1
6895,4
6896,2
6897,3
6898,1
6899,3
6900,1
6901,1
6902,2
6903,1
6904,1
6905,2
6906,3
6907,1
6908,3
6909,5
6910,9
6911,1
6912,4
6913,4
6914,1
6915,1
6916,2
6917,1
6918,2
6919,1
6920,5
6921,2
6922,1
6923,5
6924,1
6925,4
6926,3
6927,1
6928,2
6929,2
6930,1
6931,1
6932,3
6933,1
6934,3
6935,2
6936,1
6937,2
6938,1
6939,3
6940,1
6941,2
6942,1
6943,2
6944,1
6945,6
6946,3
6947,1
6948,2
6949,2
6950,5
6951,4
6952,1
6953,6
6954,1
6955,2
6956,1
6957,1
6958,2
6959,1
6960,5
6961,1
6962,6
6963,5
6964,4
6965,6
6966,4
6967,4
6968,2
6969,2
6970,14
6971,2
6972,16
6973,5
6974,2
6975,1
6976,4
6977,1
6978,4
6979,1
6980,1
6981,2
6982,4
6983,2
6984,2
6985,2
6986,1
6987,1
6988,2
6989,4
6990,4
6991,2
6992,2
6993,1
6994,5
6995,6
6996,1
6997,1
6998,1
6999,1
7000,4
7001,4
7002,2
7003,2
7004,3
7005,1
7006,3
7007,4
7008,1
7009,1
7010,4
7011,2
7012,1
7013,3
7014,1
7015,2
7016,1
7017,1
7018,1
7019,1
7020,1
7021,1
7022,3
7023,2
7024,1
7025,5
7026,3
7027,1
7028,8
7029,2
7030,3
7031,3
7032,10
7033,1
7034,8
7035,2
7036,10
7037,4
7038,3
7039,2
7040,4
7041,2
7042,3
7043,1
7044,5
7045,10
7046,3
7047,2
7048,1
7049,5
7050,5
7051,2
7052,1
7053,5
7054,1
7055,2
7056,3
7057,5
7058,1
7059,4
7060,1
7061,1
7062,3
7063,2
7064,1
7065,1
7066,7
7067,7
7068,3
7069,1
7070,1
7071,3
7072,1
7073,2
7074,4
7075,2
7076,7
7077,1
7078,8
7079,4
7080,3
7081,3
7082,1
7083,5
7084,1
7085,3
7086,7
7087,1
7088,6
7089,4
7090,1
7091,1
7092,3
7093,3
7094,2
7095,3
7096,4
7097,3
7098,3
7099,2
7100,2
7101,3
7102,2
7103,1
7104,5
7105,6
7106,3
7107,2
7108,5
7109,1
7110,2
7111,7
7112,7
7113,3
7114,1
7115,1
7116,1
7117,2
7118,2
7119,4
7120,1
7121,3
7122,1
7123,2
7124,2
7125,3
7126,1
7127,1
7128,4
7129,6
7130,18
7131,5
7132,5
7133,2
7134,4
7135,1
7136,1
7137,7
7138,2
7139,4
7140,2
7141,3
7142,3
7143,7
7144,1
7145,2
7146,5
7147,7
7148,1
7149,9
7150,4
7151,1
7152,3
7153,1
7154,1
7155,1
7156,1
7157,1
7158,3
7159,7
7160,6
7161,6
7162,1
7163,5
7164,1
7165,3
7166,4
7167,3
7168,7
7169,7
7170,5
7171,6
7172,1
7173,5
7174,5
7175,3
7176,11
7177,3
7178,2
7179,4
7180,8
7181,1
7182,7
7183,1
7184,4
7185,5
7186,2
7187,6
7188,2
7189,8
7190,6
7191,2
7192,1
7193,4
7194,2
7195,1
7196,7
7197,8
7198,15
7199,5
7200,9
7201,1
7202,1
7203,6
7204,2
7205,5
7206,11
7207,1
7208,10
7209,1
7210,7
7211,3
7212,1
7213,3
7214,9
7215,3
7216,4
7217,2
7218,7
7219,4
7220,2
7221,1
7222,9
7223,6
7224,2
7225,5
7226,10
7227,3
7228,1
7229,6
7230,3
7231,4
7232,2
7233,1
7234,5
7235,1
7236,3
7237,5
7238,14
7239,2
7240,1
7241,1
7242,3
7243,3
7244,2
7245,1
7246,6
7247,8
7248,3
7249,1
7250,6
7251,2
7252,3
7253,6
7254,1
7255,3
7256,8
7257,3
7258,2
7259,1
7260,1
7261,3
7262,5
7263,1
7264,1
7265,3
7266,2
7267,4
7268,4
7269,3
7270,1
7271,2
7272,1
7273,1
7274,2
7275,1
7276,1
7277,1
7278,5
7279,3
7280,1
7281,2
7282,2
7283,2
7284,2
7285,3
7286,3
7287,3
7288,7
7289,1
7290,6
7291,1
7292,2
7293,2
7294,7
7295,3
7296,1
7297,2
7298,1
7299,3
7300,9
7301,3
7302,2
7303,1
7304,1
7305,9
7306,1
7307,3
7308,2
7309,2
7310,1
7311,5
7312,1
7313,3
7314,1
7315,2
7316,2
7317,6
7318,1
7319,1
7320,1
7321,1
7322,2
7323,1
7324,5
7325,3
7326,1
7327,3
7328,2
7329,2
7330,2
7331,1
7332,2
7333,3
7334,2
7335,1
7336,2
7337,3
7338,3
7339,2
7340,3
7341,2
7342,1
7343,1
7344,2
7345,1
7346,7
7347,1
7348,1
7349,1
7350,2
7351,2
7352,2
7353,10
7354,2
7355,1
7356,1
7357,1
7358,4
7359,5
7360,6
7361,2
7362,2
7363,1
7364,3
7365,3
7366,6
7367,2
7368,3
7369,2
7370,2
7371,3
7372,1
7373,1
7374,2
7375,1
7376,4
7377,3
7378,4
7379,1
7380,1
7381,1
7382,1
7383,3
7384,1
7385,1
7386,1
7387,2
7388,1
7389,2
7390,3
7391,2
7392,1
7393,1
7394,3
7395,1
7396,1
7397,3
7398,1
7399,1
7400,2
7401,1
7402,1
7403,2
7404,1
7405,2
7406,1
7407,4
7408,1
7409,1
7410,1
7411,2
7412,2
7413,1
7414,2
7415,5
7416,2
7417,1
7418,2
7419,5
7420,1
7421,4
7422,1
7423,4
7424,3
7425,2
7426,2
7427,3
7428,4
7429,2
7430,2
7431,1
7432,2
7433,3
7434,1
7435,2
7436,1
7437,1
7438,1
7439,2
7440,3
7441,2
7442,3
7443,1
7444,1
7445,1
7446,1
7447,7
7448,1
7449,3
7450,5
7451,1
7452,3
7453,2
7454,1
7455,1
7456,3
7457,3
7458,3
7459,5
7460,1
7461,2
7462,1
7463,6
7464,3
7465,4
7466,1
7467,2
7468,1
7469,2
7470,9
7471,3
7472,1
7473,1
7474,2
7475,2
7476,1
7477,1
7478,2
7479,1
7480,2
7481,1
7482,1
7483,3
7484,7
7485,4
7486,4
7487,1
7488,1
7489,1
7490,1
7491,1
7492,1
7493,4
7494,7
7495,1
7496,2
7497,1
7498,1
7499,1
7500,1
7501,4
7502,1
7503,3
7504,9
7505,3
7506,4
7507,2
7508,1
7509,7
7510,6
7511,2
7512,1
7513,2
7514,9
7515,3
7516,3
7517,6
7518,5
7519,10
7520,1
7521,1
7522,1
7523,1
7524,8
7525,2
7526,2
7527,1
7528,1
7529,1
7530,3
7531,2
7532,3
7533,4
7534,2
7535,1
7536,1
7537,3
7538,10
7539,9
7540,1
7541,2
7542,5
7543,2
7544,1
7545,1
7546,2
7547,4
7548,4
7549,20
7550,1
7551,1
7552,3
7553,2
7554,3
7555,3
7556,25
7557,1
7558,2
7559,8
7560,5
7561,3
7562,5
7563,2
7564,2
7565,3
7566,1
7567,12
7568,1
7569,2
7570,4
7571,7
7572,1
7573,3
7574,16
7575,5
7576,5
7577,9
7578,1
7579,1
7580,6
7581,1
7582,1
7583,9
7584,4
7585,11
7586,4
7587,2
7588,3
7589,1
7590,4
7591,2
7592,4
7593,1
7594,5
7595,3
7596,2
7597,2
7598,2
7599,3
7600,2
7601,1
7602,1
7603,2
7604,1
7605,1
7606,1
7607,1
7608,2
7609,7
7610,2
7611,2
7612,1
7613,1
7614,3
7615,1
7616,4
7617,1
7618,1
7619,1
7620,3
7621,4
7622,3
7623,2
7624,1
7625,2
7626,4
7627,5
7628,2
7629,1
7630,1
7631,3
7632,1
7633,1
7634,4
7635,1
7636,2
7637,1
7638,2
7639,2
7640,3
7641,3
7642,2
7643,3
7644,4
7645,2
7646,5
7647,1
7648,7
7649,1
7650,1
7651,2
7652,3
7653,6
7654,1
7655,2
7656,1
7657,2
7658,2
7659,2
7660,4
7661,2
7662,1
7663,1
7664,1
7665,1
7666,1
7667,3
7668,6
7669,2
7670,1
7671,1
7672,4
7673,4
7674,1
7675,3
7676,1
7677,1
7678,7
7679,2
7680,1
7681,1
7682,1
7683,3
7684,1
7685,1
7686,1
7687,3
7688,3
7689,2
7690,3
7691,1
7692,1
7693,2
7694,1
7695,1
7696,3
7697,1
7698,2
7699,3
7700,1
7701,1
7702,3
7703,3
7704,1
7705,2
7706,1
7707,2
7708,1
7709,1
7710,2
7711,1
7712,1
7713,2
7714,1
7715,1
7716,1
7717,2
7718,1
7719,1
7720,2
7721,1
7722,2
7723,2
7724,4
7725,1
7726,2
7727,6
7728,1
7729,1
7730,1
7731,3
7732,1
7733,2
7734,2
7735,2
7736,1
7737,1
7738,1
7739,1
7740,1
7741,5
7742,3
7743,5
7744,1
7745,3
7746,3
7747,3
7748,2
7749,1
7750,1
7751,2
7752,8
7753,2
7754,1
7755,4
7756,11
7757,2
7758,3
7759,13
7760,2
7761,2
7762,2
7763,3
7764,3
7765,1
7766,3
7767,4
7768,4
7769,3
7770,2
7771,2
7772,1
7773,1
7774,2
7775,3
7776,4
7777,1
7778,4
7779,7
7780,1
7781,3
7782,2
7783,2
7784,2
7785,2
7786,3
7787,1
7788,3
7789,2
7790,2
7791,4
7792,1
7793,7
7794,2
7795,1
7796,1
7797,2
7798,3
7799,1
7800,1
7801,1
7802,2
7803,1
7804,2
7805,1
7806,1
7807,1
7808,4
7809,1
7810,2
7811,1
7812,1
7813,1
7814,1
7815,1
7816,2
7817,2
7818,1
7819,1
7820,2
7821,1
7822,2
7823,1
7824,1
7825,1
7826,1
7827,1
7828,6
7829,2
7830,1
7831,5
7832,2
7833,5
7834,1
7835,3
7836,2
7837,5
7838,4
7839,2
7840,2
7841,2
7842,5
7843,2
7844,2
7845,2
7846,1
7847,2
7848,2
7849,6
7850,2
7851,4
7852,13
7853,4
7854,5
7855,1
7856,2
7857,3
7858,2
7859,1
7860,1
7861,2
7862,1
7863,5
7864,1
7865,2
7866,1
7867,1
7868,1
7869,2
7870,1
7871,2
7872,2
7873,2
7874,4
7875,1
7876,1
7877,3
7878,1
7879,2
7880,1
7881,3
7882,3
7883,1
7884,1
7885,1
7886,1
7887,2
7888,1
7889,2
7890,1
7891,4
7892,4
7893,2
7894,2
7895,2
7896,2
7897,1
7898,1
7899,1
7900,2
7901,1
7902,2
7903,1
7904,5
7905,1
7906,1
7907,4
7908,3
7909,2
7910,1
7911,2
7912,1
7913,3
7914,2
7915,1
7916,1
7917,1
7918,2
7919,2
7920,3
7921,1
7922,3
7923,7
7924,6
7925,8
7926,1
7927,3
7928,9
7929,1
7930,2
7931,1
7932,1
7933,5
7934,1
7935,1
7936,4
7937,4
7938,1
7939,6
7940,1
7941,1
7942,1
7943,2
7944,5
7945,9
7946,1
7947,5
7948,2
7949,3
7950,2
7951,2
7952,1
7953,2
7954,2
7955,2
7956,1
7957,1
7958,5
7959,3
7960,4
7961,3
7962,1
7963,3
7964,3
7965,1
7966,1
7967,1
7968,4
7969,4
7970,1
7971,1
7972,4
7973,1
7974,1
7975,1
7976,2
7977,1
7978,3
7979,3
7980,1
7981,1
7982,1
7983,1
7984,1
7985,5
7986,1
7987,1
7988,1
7989,1
7990,1
7991,2
7992,1
7993,2
7994,1
7995,3
7996,4
7997,2
7998,4
7999,1
8000,5
8001,1
8002,2
8003,3
8004,2
8005,1
8006,1
8007,1
8008,1
8009,1
8010,2
8011,3
8012,2
8013,6
8014,3
8015,1
8016,4
8017,3
8018,3
8019,6
8020,2
8021,7
8022,1
8023,2
8024,1
8025,1
8026,2
8027,1
8028,2
8029,1
8030,1
8031,9
8032,1
8033,6
8034,1
8035,1
8036,6
8037,4
8038,2
8039,1
8040,1
8041,1
8042,1
8043,1
8044,2
8045,1
8046,1
8047,1
8048,1
8049,1
8050,3
8051,3
8052,1
8053,3
8054,1
8055,1
8056,1
8057,1
8058,5
8059,1
8060,9
8061,1
8062,2
8063,1
8064,2
8065,1
8066,3
8067,1
8068,1
8069,2
8070,1
8071,4
8072,1
8073,4
8074,2
8075,2
8076,1
8077,1
8078,8
8079,5
8080,4
8081,2
8082,1
8083,2
8084,4
8085,1
8086,4
8087,4
8088,17
8089,2
8090,16
8091,1
8092,1
8093,3
8094,2
8095,3
8096,2
8097,1
8098,5
8099,3
8100,3
8101,11
8102,8
8103,2
8104,6
8105,7
8106,5
8107,4
8108,4
8109,7
8110,3
8111,2
8112,4
8113,5
8114,2
8115,5
8116,5
8117,6
8118,4
8119,1
8120,5
8121,2
8122,4
8123,2
8124,1
8125,9
8126,1
8127,4
8128,10
8129,1
8130,5
8131,4
8132,3
8133,6
8134,1
8135,1
8136,4
8137,5
8138,1
8139,8
8140,3
8141,4
8142,1
8143,3
8144,2
8145,10
8146,9
8147,4
8148,2
8149,1
8150,3
8151,2
8152,9
8153,2
8154,4
8155,2
8156,3
8157,2
8158,3
8159,4
8160,2
8161,1
8162,1
8163,4
8164,3
8165,2
8166,5
8167,1
8168,3
8169,7
8170,1
8171,4
8172,8
8173,2
8174,6
8175,2
8176,4
8177,2
8178,2
8179,1
8180,3
8181,4
8182,2
8183,1
8184,3
8185,2
8186,1
8187,5
8188,1
8189,3
8190,2
8191,3
8192,14
8193,4
8194,1
8195,7
8196,8
8197,7
8198,4
8199,1
8200,3
8201,1
8202,1
8203,2
8204,3
8205,4
8206,5
8207,3
8208,3
8209,1
8210,6
8211,6
8212,4
8213,5
8214,2
8215,2
8216,1
8217,1
8218,1
8219,1
8220,3
8221,1
8222,5
8223,2
8224,1
8225,3
8226,4
8227,1
8228,3
8229,3
8230,1
8231,3
8232,1
8233,3
8234,2
8235,3
8236,1
8237,10
8238,1
8239,4
8240,3
8241,2
8242,2
8243,5
8244,2
8245,1
8246,5
8247,5
8248,5
8249,1
8250,3
8251,14
8252,5
8253,2
8254,1
8255,1
8256,4
8257,1
8258,5
8259,1
8260,3
8261,1
8262,2
8263,7
8264,5
8265,4
8266,3
8267,2
8268,1
8269,5
8270,2
8271,5
8272,2
8273,3
8274,2
8275,11
8276,1
8277,1
8278,2
8279,1
8280,3
8281,1
8282,3
8283,4
8284,2
8285,1
8286,4
8287,1
8288,7
8289,1
8290,2
8291,1
8292,1
8293,3
8294,4
8295,1
8296,1
8297,1
8298,2
8299,2
8300,3
8301,4
8302,2
8303,1
8304,1
8305,1
8306,1
8307,4
8308,3
8309,1
8310,1
8311,7
8312,2
8313,1
8314,4
8315,1
8316,5
8317,9
8318,4
8319,1
8320,5
8321,11
8322,4
8323,3
8324,3
8325,6
8326,2
8327,8
8328,1
8329,3
8330,1
8331,1
8332,3
8333,3
8334,1
8335,6
8336,2
8337,5
8338,4
8339,10
8340,1
8341,9
8342,3
8343,1
8344,4
8345,1
8346,3
8347,2
8348,3
8349,2
8350,5
8351,3
8352,5
8353,5
8354,3
8355,2
8356,3
8357,5
8358,10
8359,3
8360,9
8361,1
8362,5
8363,8
8364,1
8365,6
8366,2
8367,4
8368,1
8369,4
8370,2
8371,2
8372,1
8373,6
8374,3
8375,2
8376,3
8377,1
8378,3
8379,1
8380,5
8381,1
8382,4
8383,4
8384,1
8385,1
8386,2
8387,7
8388,1
8389,4
8390,1
8391,7
8392,4
8393,3
8394,2
8395,1
8396,5
8397,5
8398,1
8399,4
8400,7
8401,2
8402,1
8403,1
8404,2
8405,3
8406,2
8407,3
8408,1
8409,2
8410,1
8411,2
8412,3
8413,2
8414,1
8415,1
8416,4
8417,1
8418,1
8419,1
8420,1
8421,3
8422,1
8423,2
8424,3
8425,1
8426,2
8427,2
8428,2
8429,1
8430,2
8431,2
8432,1
8433,3
8434,6
8435,2
8436,2
8437,1
8438,6
8439,2
8440,1
8441,2
8442,1
8443,3
8444,2
8445,2
8446,2
8447,4
8448,1
8449,1
8450,2
8451,1
8452,4
8453,2
8454,1
8455,3
8456,3
8457,1
8458,3
8459,1
8460,2
8461,1
8462,6
8463,2
8464,2
8465,5
8466,4
8467,1
8468,1
8469,1
8470,3
8471,7
8472,1
8473,2
8474,3
8475,2
8476,3
8477,1
8478,4
8479,2
8480,2
8481,2
8482,1
8483,1
8484,2
8485,1
8486,2
8487,1
8488,3
8489,4
8490,2
8491,2
8492,2
8493,1
8494,1
8495,2
8496,3
8497,2
8498,1
8499,1
8500,2
8501,3
8502,2
8503,1
8504,1
8505,2
8506,1
8507,1
8508,1
8509,1
8510,2
8511,3
8512,3
8513,1
8514,1
8515,1
8516,1
8517,1
8518,1
8519,2
8520,1
8521,1
8522,1
8523,2
8524,3
8525,1
8526,1
8527,1
8528,2
8529,1
8530,3
8531,1
8532,2
8533,3
8534,2
8535,1
8536,2
8537,2
8538,4
8539,3
8540,6
8541,1
8542,1
8543,1
8544,1
8545,4
8546,1
8547,1
8548,1
8549,2
8550,1
8551,1
8552,4
8553,1
8554,1
8555,2
8556,4
8557,1
8558,2
8559,2
8560,2
8561,1
8562,2
8563,1
8564,1
8565,1
8566,2
8567,3
8568,1
8569,1
8570,1
8571,2
8572,1
8573,1
8574,1
8575,4
8576,1
8577,3
8578,1
8579,2
8580,3
8581,1
8582,1
8583,1
8584,1
8585,1
8586,4
8587,4
8588,2
8589,2
8590,2
8591,1
8592,1
8593,1
8594,1
8595,2
8596,1
8597,1
8598,3
8599,1
8600,2
8601,2
8602,3
8603,1
8604,1
8605,2
8606,1
8607,3
8608,1
8609,4
8610,1
8611,3
8612,2
8613,5
8614,4
8615,1
8616,2
8617,2
8618,1
8619,1
8620,1
8621,1
8622,2
8623,2
8624,1
8625,1
8626,1
8627,4
8628,2
8629,1
8630,3
8631,1
8632,2
8633,1
8634,2
8635,4
8636,1
8637,1
8638,2
8639,1
8640,1
8641,4
8642,1
8643,3
8644,2
8645,2
8646,2
8647,2
8648,1
8649,1
8650,1
8651,4
8652,1
8653,1
8654,4
8655,1
8656,1
8657,1
8658,2
8659,1
8660,1
8661,2
8662,5
8663,3
8664,1
8665,6
8666,3
8667,2
8668,2
8669,1
8670,1
8671,4
8672,4
8673,1
8674,9
8675,1
8676,3
8677,4
8678,1
8679,1
8680,10
8681,9
8682,8
8683,2
8684,1
8685,2
8686,4
8687,5
8688,2
8689,1
8690,2
8691,5
8692,6
8693,3
8694,5
8695,2
8696,2
8697,6
8698,2
8699,1
8700,2
8701,2
8702,9
8703,2
8704,1
8705,4
8706,2
8707,1
8708,11
8709,4
8710,3
8711,2
8712,3
8713,3
8714,3
8715,1
8716,10
8717,4
8718,6
8719,5
8720,2
8721,2
8722,2
8723,3
8724,9
8725,3
8726,1
8727,2
8728,8
8729,12
8730,3
8731,2
8732,2
8733,1
8734,3
8735,6
8736,8
8737,5
8738,7
8739,1
8740,2
8741,6
8742,11
8743,12
8744,6
8745,15
8746,3
8747,1
8748,3
8749,3
8750,9
8751,3
8752,2
8753,2
8754,4
8755,1
8756,1
8757,2
8758,1
8759,23
8760,4
8761,1
8762,3
8763,5
8764,10
8765,8
8766,7
8767,4
8768,3
8769,2
8770,2
8771,3
8772,1
8773,2
8774,1
8775,1
8776,5
8777,11
8778,7
8779,1
8780,5
8781,2
8782,2
8783,6
8784,5
8785,3
8786,2
8787,5
8788,2
8789,14
8790,7
8791,2
8792,8
8793,4
8794,1
8795,2
8796,2
8797,1
8798,2
8799,1
8800,4
8801,2
8802,1
8803,4
8804,1
8805,2
8806,2
8807,5
8808,2
8809,2
8810,11
8811,2
8812,6
8813,1
8814,4
8815,7
8816,3
8817,5
8818,1
8819,2
8820,1
8821,2
8822,4
8823,1
8824,3
8825,4
8826,3
8827,1
8828,8
8829,4
8830,3
8831,2
8832,3
8833,6
8834,1
8835,1
8836,3
8837,4
8838,1
8839,3
8840,8
8841,3
8842,2
8843,3
8844,4
8845,5
8846,2
8847,10
8848,1
8849,2
8850,1
8851,6
8852,1
8853,5
8854,6
8855,1
8856,4
8857,1
8858,1
8859,8
8860,1
8861,1
8862,1
8863,3
8864,1
8865,1
8866,1
8867,4
8868,1
8869,2
8870,5
8871,7
8872,5
8873,4
8874,1
8875,3
8876,4
8877,3
8878,2
8879,4
8880,1
8881,2
8882,2
8883,1
8884,2
8885,3
8886,3
8887,1
8888,3
8889,14
8890,5
8891,7
8892,5
8893,1
8894,2
8895,2
8896,4
8897,1
8898,2
8899,3
8900,2
8901,1
8902,1
8903,6
8904,1
8905,7
8906,4
8907,1
8908,2
8909,3
8910,2
8911,2
8912,3
8913,3
8914,2
8915,4
8916,4
8917,2
8918,4
8919,1
8920,2
8921,2
8922,4
8923,2
8924,9
8925,2
8926,6
8927,4
8928,6
8929,1
8930,4
8931,2
8932,4
8933,5
8934,1
8935,9
8936,3
8937,1
8938,2
8939,11
8940,1
8941,1
8942,3
8943,1
8944,2
8945,1
8946,2
8947,6
8948,2
8949,1
8950,1
8951,3
8952,2
8953,2
8954,3
8955,2
8956,5
8957,1
8958,1
8959,1
8960,2
8961,5
8962,2
8963,1
8964,1
8965,3
8966,6
8967,2
8968,2
8969,2
8970,8
8971,2
8972,2
8973,9
8974,3
8975,2
8976,4
8977,7
8978,2
8979,3
8980,1
8981,10
8982,1
8983,3
8984,3
8985,3
8986,5
8987,2
8988,5
8989,2
8990,1
8991,3
8992,3
8993,1
8994,1
8995,2
8996,2
8997,1
8998,4
8999,1
9000,3
9001,4
9002,4
9003,1
9004,1
9005,2
9006,4
9007,2
9008,6
9009,4
9010,4
9011,1
9012,2
9013,2
9014,15
9015,2
9016,2
9017,2
9018,1
9019,1
9020,4
9021,4
9022,1
9023,1
9024,7
9025,1
9026,1
9027,2
9028,1
9029,1
9030,3
9031,4
9032,2
9033,1
9034,1
9035,1
9036,6
9037,6
9038,2
9039,4
9040,3
9041,1
9042,1
9043,1
9044,4
9045,1
9046,1
9047,1
9048,5
9049,2
9050,2
9051,2
9052,5
9053,1
9054,2
9055,6
9056,1
9057,3
9058,3
9059,1
9060,1
9061,8
9062,1
9063,5
9064,3
9065,2
9066,7
9067,5
9068,1
9069,8
9070,7
9071,1
9072,2
9073,5
9074,2
9075,5
9076,1
9077,5
9078,2
9079,1
9080,2
9081,2
9082,1
9083,2
9084,4
9085,4
9086,2
9087,1
9088,1
9089,7
9090,5
9091,2
9092,8
9093,3
9094,4
9095,10
9096,3
9097,4
9098,2
9099,5
9100,2
9101,1
9102,3
9103,3
9104,2
9105,1
9106,1
9107,5
9108,2
9109,2
9110,3
9111,1
9112,2
9113,2
9114,1
9115,2
9116,4
9117,3
9118,7
9119,5
9120,3
9121,2
9122,5
9123,2
9124,5
9125,7
9126,14
9127,3
9128,6
9129,1
9130,10
9131,9
9132,11
9133,9
9134,9
9135,10
9136,3
9137,4
9138,2
9139,3
9140,4
9141,15
9142,9
9143,1
9144,2
9145,2
9146,8
9147,9
9148,14
9149,8
9150,1
9151,1
9152,14
9153,7
9154,1
9155,1
9156,4
9157,2
9158,2
9159,4
9160,5
9161,4
9162,4
9163,4
9164,2
9165,6
9166,4
9167,4
9168,10
9169,4
9170,9
9171,4
9172,2
9173,6
9174,2
9175,8
9176,2
9177,1
9178,7
9179,9
9180,1
9181,14
9182,16
9183,10
9184,1
9185,1
9186,2
9187,7
9188,5
9189,5
9190,1
9191,12
9192,2
9193,2
9194,10
9195,8
9196,4
9197,6
9198,1
9199,1
9200,1
9201,7
9202,4
9203,3
9204,2
9205,3
9206,1
9207,1
9208,6
9209,1
9210,3
9211,3
9212,5
9213,11
9214,1
9215,4
9216,5
9217,6
9218,13
9219,15
9220,11
9221,6
9222,1
9223,1
9224,7
9225,4
9226,4
9227,1
9228,4
9229,5
9230,8
9231,3
9232,2
9233,2
9234,4
9235,8
9236,1
9237,8
9238,3
9239,10
9240,4
9241,21
9242,3
9243,8
9244,5
9245,18
9246,51
9247,4
9248,2
9249,20
9250,37
9251,18
9252,10
9253,17
9254,24
9255,3
9256,1
9257,9
9258,1
9259,3
9260,1
9261,3
9262,19
9263,19
9264,6
9265,11
9266,9
9267,9
9268,8
9269,25
9270,4
9271,4
9272,27
9273,2
9274,9
9275,13
9276,9
9277,19
9278,3
9279,4
9280,4
9281,59
9282,10
9283,8
9284,22
9285,11
9286,7
9287,8
9288,8
9289,14
9290,17
9291,17
9292,5
9293,4
9294,5
9295,11
9296,2
9297,20
9298,3
9299,1
9300,5
9301,9
9302,2
9303,6
9304,3
9305,25
9306,4
9307,10
9308,6
9309,1
9310,4
9311,19
9312,2
9313,31
9314,21
9315,3
9316,3
9317,20
9318,16
9319,16
9320,6
9321,17
9322,7
9323,6
9324,3
9325,1
9326,13
9327,2
9328,3
9329,15
9330,10
9331,4
9332,13
9333,27
9334,1
9335,10
9336,1
9337,35
9338,7
9339,8
9340,3
9341,4
9342,12
9343,10
9344,25
9345,11
9346,7
9347,21
9348,6
9349,3
9350,2
9351,13
9352,8
9353,14
9354,13
9355,2
9356,3
9357,2
9358,20
9359,20
9360,4
9361,4
9362,13
9363,3
9364,1
9365,4
9366,1
9367,4
9368,6
9369,4
9370,6
9371,7
9372,4
9373,2
9374,11
9375,1
9376,1
9377,4
9378,2
9379,5
9380,19
9381,9
9382,6
9383,6
9384,14
9385,4
9386,5
9387,13
9388,4
9389,3
9390,1
9391,2
9392,27
9393,19
9394,18
9395,2
9396,7
9397,5
9398,11
9399,16
9400,10
9401,2
9402,1
9403,1
9404,8
9405,26
9406,3
9407,2
9408,5
9409,13
9410,1
9411,8
9412,8
9413,10
9414,2
9415,2
9416,12
9417,9
9418,17
9419,11
9420,4
9421,1
9422,4
9423,20
9424,8
9425,3
9426,75
9427,24
9428,13
9429,7
9430,6
9431,9
9432,5
9433,6
9434,8
9435,8
9436,4
9437,1
9438,10
9439,43
9440,1
9441,6
9442,5
9443,13
9444,25
9445,26
9446,4
9447,16
9448,4
9449,18
9450,61
9451,81
9452,69
9453,49
9454,30
9455,5
9456,26
9457,8
9458,26
9459,3
9460,9
9461,28
9462,1
9463,25
9464,10
9465,28
9466,6
9467,23
9468,14
9469,8
9470,5
9471,8
9472,22
9473,23
9474,11
9475,5
9476,7
9477,3
9478,3
9479,1
9480,8
9481,19
9482,5
9483,6
9484,17
9485,3
9486,20
9487,1
9488,9
9489,6
9490,6
9491,12
9492,22
9493,5
9494,29
9495,15
9496,3
9497,3
9498,17
9499,32
9500,27
9501,3
9502,19
9503,1
9504,3
9505,2
9506,11
9507,8
9508,1
9509,26
9510,14
9511,15
9512,8
9513,9
9514,10
9515,2
9516,14
9517,1
9518,8
9519,16
9520,4
9521,11
9522,7
9523,11
9524,6
9525,1
9526,6
9527,19
9528,4
9529,16
9530,2
9531,24
9532,36
9533,10
9534,1
9535,1
9536,8
9537,15
9538,5
9539,13
9540,23
9541,4
9542,4
9543,18
9544,3
9545,15
9546,9
9547,14
9548,1
9549,2
9550,8
9551,1
9552,4
9553,24
9554,10
9555,4
9556,3
9557,2
9558,10
9559,5
9560,5
9561,23
9562,9
9563,14
9564,2
9565,14
9566,7
9567,1
9568,8
9569,4
9570,1
9571,20
9572,9
9573,10
9574,1
9575,7
9576,5
9577,9
9578,18
9579,1
9580,9
9581,4
9582,16
9583,4
9584,1
9585,5
9586,4
9587,3
9588,4
9589,8
9590,2
9591,2
9592,4
9593,3
9594,6
9595,5
9596,5
9597,10
9598,4
9599,2
9600,4
9601,1
9602,1
9603,6
9604,1
9605,6
9606,4
9607,1
9608,2
9609,1
9610,3
9611,2
9612,3
9613,2
9614,9
9615,3
9616,3
9617,1
9618,9
9619,7
9620,1
9621,1
9622,1
9623,5
9624,2
9625,5
9626,3
9627,2
9628,1
9629,1
9630,3
9631,6
9632,6
9633,4
9634,6
9635,3
9636,15
9637,2
9638,1
9639,1
9640,4
9641,1
9642,1
9643,9
9644,1
9645,1
9646,4
9647,3
9648,1
9649,7
9650,2
9651,2
9652,3
9653,2
9654,6
9655,4
9656,6
9657,2
9658,3
9659,4
9660,3
9661,10
9662,8
9663,3
9664,1
9665,6
9666,1
9667,2
9668,2
9669,11
9670,2
9671,7
9672,1
9673,3
9674,1
9675,4
9676,2
9677,2
9678,2
9679,2
9680,1
9681,3
9682,2
9683,1
9684,1
9685,1
9686,1
9687,2
9688,6
9689,7
9690,3
9691,5
9692,4
9693,2
9694,4
9695,1
9696,2
9697,2
9698,1
9699,1
9700,3
9701,1
9702,4
9703,2
9704,3
9705,1
9706,5
9707,1
9708,1
9709,2
9710,9
9711,4
9712,4
9713,2
9714,1
9715,1
9716,4
9717,4
9718,1
9719,1
9720,2
9721,2
9722,1
9723,8
9724,2
9725,2
9726,1
9727,3
9728,10
9729,8
9730,5
9731,4
9732,2
9733,1
9734,5
9735,14
9736,3
9737,3
9738,3
9739,1
9740,2
9741,1
9742,1
9743,15
9744,2
9745,3
9746,7
9747,1
9748,1
9749,1
9750,9
9751,1
9752,1
9753,3
9754,2
9755,1
9756,6
9757,3
9758,5
9759,8
9760,8
9761,3
9762,1
9763,2
9764,1
9765,1
9766,2
9767,3
9768,2
9769,6
9770,1
9771,1
9772,2
9773,7
9774,1
9775,1
9776,2
9777,1
9778,3
9779,7
9780,3
9781,2
9782,6
9783,5
9784,2
9785,4
9786,1
9787,1
9788,1
9789,2
9790,1
9791,4
9792,3
9793,7
9794,2
9795,1
9796,2
9797,1
9798,1
9799,1
9800,2
9801,2
9802,1
9803,3
9804,4
9805,3
9806,6
9807,2
9808,1
9809,1
9810,2
9811,5
9812,3
9813,1
9814,3
9815,3
9816,3
9817,2
9818,2
9819,3
9820,1
9821,2
9822,5
9823,7
9824,1
9825,3
9826,3
9827,1
9828,5
9829,1
9830,2
9831,4
9832,1
9833,1
9834,1
9835,1
9836,1
9837,4
9838,2
9839,2
9840,2
9841,3
9842,2
9843,2
9844,7
9845,1
9846,1
9847,2
9848,2
9849,2
9850,1
9851,6
9852,1
9853,1
9854,4
9855,3
9856,3
9857,5
9858,1
9859,2
9860,2
9861,1
9862,1
9863,3
9864,2
9865,3
9866,6
9867,1
9868,1
9869,1
9870,1
9871,4
9872,1
9873,9
9874,4
9875,4
9876,1
9877,3
9878,2
9879,6
9880,2
9881,6
9882,4
9883,3
9884,5
9885,3
9886,3
9887,5
9888,2
9889,5
9890,4
9891,3
9892,1
9893,1
9894,2
9895,6
9896,1
9897,6
9898,3
9899,6
9900,6
9901,3
9902,8
9903,1
9904,1
9905,2
9906,2
9907,1
9908,4
9909,1
9910,1
9911,2
9912,1
9913,1
9914,1
9915,1
9916,2
9917,1
9918,1
9919,1
9920,5
9921,1
9922,1
9923,6
9924,2
9925,5
9926,1
9927,1
9928,1
9929,3
9930,3
9931,2
9932,3
9933,2
9934,1
9935,6
9936,1
9937,1
9938,4
9939,11
9940,1
9941,3
9942,2
9943,1
9944,5
9945,1
9946,1
9947,12
9948,2
9949,1
9950,3
9951,2
9952,4
9953,7
9954,5
9955,3
9956,2
9957,3
9958,1
9959,1
9960,5
9961,9
9962,6
9963,1
9964,7
9965,4
9966,2
9967,3
9968,2
9969,9
9970,10
9971,2
9972,1
9973,9
9974,4
9975,1
9976,10
9977,6
9978,2
9979,5
9980,4
9981,5
9982,2
9983,2
9984,5
9985,4
9986,9
9987,5
9988,5
9989,8
9990,7
9991,8
9992,1
9993,2
9994,1
9995,4
9996,1
9997,7
9998,2
9999,3
10000,2
10001,1
10002,3
10003,3
10004,1
10005,8
10006,1
10007,2
10008,3
10009,1
10010,5
10011,6
10012,2
10013,10
10014,5
10015,1
10016,2
10017,2
10018,9
10019,1
10020,6
10021,7
10022,3
10023,11
10024,1
10025,11
10026,2
10027,1
10028,10
10029,3
10030,3
10031,1
10032,5
10033,15
10034,1
10035,2
10036,3
10037,3
10038,4
10039,8
10040,2
10041,5
10042,3
10043,1
10044,1
10045,16
10046,2
10047,1
10048,7
10049,3
10050,4
10051,2
10052,1
10053,1
10054,3
10055,1
10056,1
10057,3
10058,9
10059,4
10060,1
10061,8
10062,2
10063,6
10064,2
10065,5
10066,4
10067,3
10068,8
10069,8
10070,5
10071,1
10072,2
10073,4
10074,3
10075,2
10076,2
10077,3
10078,8
10079,5
10080,7
10081,5
10082,1
10083,3
10084,1
10085,3
10086,7
10087,2
10088,2
10089,3
10090,1
10091,2
10092,1
10093,15
10094,3
10095,1
10096,1
10097,7
10098,7
10099,3
10100,4
10101,7
10102,13
10103,1
10104,1
10105,1
10106,2
10107,4
10108,1
10109,10
10110,3
10111,7
10112,3
10113,1
10114,1
10115,2
10116,2
10117,1
10118,1
10119,9
10120,5
10121,3
10122,3
10123,7
10124,4
10125,2
10126,7
10127,3
10128,2
10129,7
10130,3
10131,5
10132,5
10133,2
10134,4
10135,5
10136,1
10137,3
10138,1
10139,2
10140,9
10141,5
10142,4
10143,1
10144,4
10145,5
10146,2
10147,14
10148,2
10149,3
10150,1
10151,6
10152,11
10153,3
10154,2
10155,2
10156,6
10157,1
10158,3
10159,4
10160,2
10161,2
10162,2
10163,1
10164,1
10165,1
10166,6
10167,3
10168,10
10169,1
10170,2
10171,7
10172,8
10173,7
10174,1
10175,10
10176,1
10177,1
10178,3
10179,1
10180,5
10181,5
10182,1
10183,3
10184,2
10185,8
10186,2
10187,4
10188,10
10189,3
10190,3
10191,2
10192,14
10193,1
10194,1
10195,2
10196,3
10197,1
10198,2
10199,1
10200,3
10201,4
10202,4
10203,2
10204,2
10205,7
10206,1
10207,6
10208,2
10209,1
10210,2
10211,2
10212,5
10213,3
10214,4
10215,4
10216,6
10217,3
10218,6
10219,3
10220,2
10221,2
10222,7
10223,5
10224,1
10225,2
10226,1
10227,10
10228,3
10229,6
10230,1
10231,3
10232,2
10233,3
10234,1
10235,2
10236,3
10237,2
10238,4
10239,7
10240,3
10241,11
10242,13
10243,3
10244,2
10245,7
10246,2
10247,2
10248,9
10249,3
10250,19
10251,3
10252,3
10253,1
10254,3
10255,1
10256,5
10257,3
10258,2
10259,1
10260,11
10261,10
10262,9
10263,1
10264,1
10265,16
10266,13
10267,1
10268,1
10269,2
10270,1
10271,2
10272,11
10273,5
10274,1
10275,2
10276,5
10277,6
10278,5
10279,2
10280,2
10281,4
10282,2
10283,4
10284,3
10285,8
10286,5
10287,2
10288,10
10289,2
10290,5
10291,5
10292,5
10293,7
10294,1
10295,1
10296,14
10297,1
10298,2
10299,1
10300,11
10301,4
10302,3
10303,3
10304,1
10305,3
10306,6
10307,2
10308,1
10309,11
10310,1
10311,3
10312,3
10313,1
10314,5
10315,2
10316,7
10317,2
10318,16
10319,3
10320,7
10321,14
10322,13
10323,1
10324,6
10325,11
10326,8
10327,1
10328,6
10329,13
10330,3
10331,8
10332,5
10333,24
10334,7
10335,22
10336,1
10337,18
10338,11
10339,10
10340,1
10341,11
10342,7
10343,3
10344,3
10345,5
10346,2
10347,6
10348,2
10349,5
10350,3
10351,2
10352,1
10353,4
10354,6
10355,1
10356,7
10357,12
10358,10
10359,2
10360,15
10361,3
10362,3
10363,2
10364,4
10365,3
10366,17
10367,4
10368,19
10369,4
10370,1
10371,1
10372,8
10373,2
10374,11
10375,7
10376,14
10377,6
10378,5
10379,5
10380,2
10381,1
10382,2
10383,10
10384,2
10385,9
10386,8
10387,6
10388,6
10389,6
10390,6
10391,2
10392,8
10393,4
10394,11
10395,3
10396,7
10397,11
10398,10
10399,13
10400,22
10401,20
10402,3
10403,10
10404,7
10405,9
10406,7
10407,4
10408,1
10409,16
10410,9
10411,1
10412,5
10413,20
10414,1
10415,4
10416,12
10417,3
10418,11
10419,12
10420,5
10421,18
10422,2
10423,6
10424,16
10425,9
10426,9
10427,21
10428,2
10429,13
10430,16
10431,15
10432,2
10433,9
10434,14
10435,8
10436,14
10437,3
10438,12
10439,8
10440,15
10441,2
10442,1
10443,9
10444,20
10445,6
10446,16
10447,12
10448,5
10449,4
10450,21
10451,6
10452,16
10453,3
10454,1
10455,8
10456,16
10457,10
10458,1
10459,1
10460,12
10461,2
10462,4
10463,3
10464,22
10465,2
10466,9
10467,3
10468,7
10469,10
10470,7
10471,1
10472,10
10473,3
10474,6
10475,2
10476,4
10477,5
10478,11
10479,1
10480,1
10481,13
10482,6
10483,3
10484,14
10485,12
10486,2
10487,12
10488,3
10489,9
10490,8
10491,13
10492,18
10493,13
10494,6
10495,10
10496,4
10497,6
10498,9
10499,4
10500,5
10501,27
10502,3
10503,12
10504,23
10505,18
10506,5
10507,5
10508,54
10509,10
10510,3
10511,2
10512,10
10513,2
10514,15
10515,39
10516,7
10517,2
10518,2
10519,27
10520,5
10521,21
10522,12
10523,2
10524,18
10525,31
10526,31
10527,5
10528,10
10529,14
10530,4
10531,7
10532,19
10533,23
10534,19
10535,4
10536,4
10537,5
10538,7
10539,2
10540,6
10541,7
10542,9
10543,1
10544,6
10545,10
10546,30
10547,14
10548,10
10549,6
10550,2
10551,4
10552,14
10553,4
10554,27
10555,8
10556,36
10557,15
10558,3
10559,1
10560,24
10561,10
10562,19
10563,17
10564,2
10565,19
10566,14
10567,6
10568,4
10569,4
10570,1
10571,2
10572,1
10573,10
10574,3
10575,8
10576,3
10577,25
10578,7
10579,5
10580,2
10581,12
10582,5
10583,3
10584,1
10585,4
10586,11
10587,11
10588,5
10589,16
10590,1
10591,2
10592,1
10593,2
10594,4
10595,9
10596,1
10597,1
10598,13
10599,2
10600,4
10601,24
10602,16
10603,2
10604,8
10605,3
10606,15
10607,6
10608,25
10609,18
10610,6
10611,28
10612,1
10613,19
10614,5
10615,10
10616,17
10617,3
10618,3
10619,18
10620,19
10621,7
10622,21
10623,4
10624,7
10625,5
10626,22
10627,7
10628,6
10629,11
10630,1
10631,2
10632,5
10633,6
10634,6
10635,3
10636,14
10637,1
10638,2
10639,6
10640,5
10641,12
10642,2
10643,4
10644,7
10645,6
10646,4
10647,7
10648,3
10649,6
10650,14
10651,9
10652,18
10653,2
10654,5
10655,5
10656,2
10657,1
10658,5
10659,1
10660,1
10661,1
10662,1
10663,4
10664,8
10665,4
10666,3
10667,3
10668,5
10669,1
10670,11
10671,14
10672,10
10673,7
10674,6
10675,10
10676,2
10677,4
10678,4
10679,15
10680,12
10681,3
10682,1
10683,1
10684,2
10685,1
10686,1
10687,1
10688,4
10689,1
10690,3
10691,1
10692,2
10693,4
10694,1
10695,2
10696,3
10697,7
10698,2
10699,2
10700,1
10701,3
10702,1
10703,1
10704,1
10705,1
10706,3
10707,1
10708,2
10709,2
10710,1
10711,1
10712,1
10713,6
10714,4
10715,1
10716,1
10717,4
10718,5
10719,3
10720,5
10721,2
10722,2
10723,2
10724,5
10725,2
10726,4
10727,2
10728,6
10729,3
10730,6
10731,7
10732,3
10733,2
10734,8
10735,1
10736,1
10737,6
10738,3
10739,2
10740,2
10741,2
10742,1
10743,1
10744,2
10745,4
10746,2
10747,1
10748,3
10749,1
10750,1
10751,1
10752,1
10753,1
10754,5
10755,1
10756,1
10757,1
10758,1
10759,1
10760,1
10761,2
10762,1
10763,1
10764,2
10765,3
10766,2
10767,2
10768,1
10769,1
10770,1
10771,3
10772,1
10773,4
10774,1
10775,1
10776,1
10777,1
10778,1
10779,2
10780,1
10781,2
10782,1
10783,3
10784,1
10785,2
10786,1
10787,1
10788,2
10789,1
10790,2
10791,1
10792,3
10793,1
10794,2
10795,1
10796,1
10797,3
10798,1
10799,1
10800,1
