1,3
2,3
3,1
4,12
5,1
6,1
7,6
8,2
9,4
10,1
11,5
12,9
13,2
14,8
15,4
16,1
17,2
18,6
19,2
20,4
21,5
22,11
23,3
24,2
25,5
26,3
27,2
28,4
29,5
30,4
31,8
32,1
33,2
34,4
35,1
36,14
37,7
38,5
39,7
40,4
41,4
42,1
43,9
44,3
45,1
46,1
47,3
48,6
49,4
50,1
51,5
52,6
53,1
54,1
55,1
56,14
57,1
58,1
59,1
60,2
61,4
62,5
63,1
64,1
65,2
66,5
67,3
68,2
69,1
70,5
71,1
72,2
73,11
74,1
75,16
76,5
77,1
78,1
79,5
80,1
81,9
82,2
83,9
84,1
85,7
86,2
87,6
88,10
89,10
90,5
91,8
92,6
93,2
94,7
95,5
96,2
97,10
98,10
99,1
100,6
101,7
102,2
103,3
104,1
105,4
106,9
107,4
108,10
109,2
110,1
111,3
112,9
113,17
114,2
115,2
116,5
117,2
118,2
119,5
120,14
121,4
122,6
123,20
124,2
125,2
126,1
127,9
128,6
129,3
130,1
131,19
132,11
133,1
134,4
135,2
136,3
137,6
138,3
139,11
140,1
141,8
142,1
143,12
144,2
145,1
146,2
147,3
148,2
149,2
150,2
151,7
152,3
153,6
154,20
155,9
156,3
157,8
158,10
159,1
160,7
161,6
162,1
163,3
164,4
165,1
166,3
167,2
168,1
169,9
170,4
171,2
172,10
173,2
174,1
175,2
176,1
177,12
178,2
179,6
180,2
181,2
182,8
183,3
184,8
185,1
186,1
187,3
188,1
189,1
190,10
191,2
192,12
193,2
194,9
195,7
196,8
197,1
198,1
199,5
200,2
201,3
202,2
203,4
204,7
205,1
206,5
207,10
208,2
209,1
210,1
211,1
212,5
213,2
214,1
215,2
216,7
217,3
218,1
219,5
220,2
221,2
222,4
223,1
224,3
225,2
226,5
227,5
228,2
229,1
230,6
231,2
232,18
233,7
234,2
235,1
236,6
237,3
238,12
239,1
240,3
241,1
242,5
243,4
244,2
245,11
246,2
247,4
248,4
249,1
250,3
251,2
252,10
253,3
254,2
255,2
256,13
257,4
258,8
259,19
260,1
261,2
262,9
263,7
264,1
265,2
266,6
267,1
268,5
269,3
270,6
271,1
272,1
273,4
274,1
275,2
276,2
277,1
278,2
279,11
280,1
281,14
282,2
283,4
284,5
285,5
286,1
287,4
288,1
289,4
290,1
291,9
292,1
293,2
294,1
295,2
296,12
297,2
298,4
299,8
300,2
301,1
302,2
303,1
304,2
305,3
306,7
307,5
308,5
309,2
310,6
311,3
312,3
313,5
314,1
315,4
316,4
317,3
318,3
319,2
320,4
321,12
322,4
323,2
324,12
325,5
326,6
327,8
328,1
329,7
330,15
331,4
332,4
333,4
334,2
335,2
336,2
337,1
338,1
339,1
340,3
341,5
342,2
343,1
344,2
345,2
346,2
347,5
348,5
349,10
350,3
351,4
352,2
353,9
354,1
355,4
356,3
357,8
358,11
359,3
360,6
361,3
362,14
363,8
364,1
365,1
366,6
367,9
368,2
369,2
370,6
371,1
372,4
373,6
374,3
375,1
376,3
377,1
378,1
379,7
380,1
381,10
382,3
383,1
384,4
385,2
386,6
387,4
388,7
389,3
390,1
391,1
392,5
393,1
394,2
395,1
396,7
397,2
398,1
399,4
400,7
401,2
402,4
403,3
404,1
405,8
406,9
407,6
408,8
409,6
410,1
411,4
412,2
413,1
414,4
415,6
416,1
417,1
418,4
419,4
420,1
421,2
422,3
423,3
424,1
425,3
426,4
427,1
428,7
429,8
430,2
431,6
432,5
433,6
434,4
435,2
436,8
437,2
438,2
439,2
440,1
441,1
442,4
443,3
444,3
445,9
446,3
447,10
448,2
449,3
450,2
451,3
452,1
453,2
454,2
455,1
456,1
457,2
458,2
459,4
460,6
461,1
462,5
463,2
464,1
465,1
466,4
467,3
468,1
469,5
470,2
471,8
472,2
473,1
474,2
475,3
476,2
477,3
478,1
479,3
480,1
481,1
482,1
483,4
484,6
485,1
486,4
487,2
488,5
489,1
490,7
491,2
492,15
493,4
494,3
495,4
496,8
497,4
498,3
499,2
500,3
501,4
502,2
503,1
504,7
505,1
506,8
507,4
508,5
509,14
510,2
511,2
512,1
513,6
514,5
515,14
516,1
517,14
518,4
519,3
520,5
521,5
522,5
523,1
524,2
525,1
526,1
527,6
528,2
529,4
530,1
531,1
532,1
533,2
534,5
535,5
536,1
537,2
538,1
539,8
540,1
541,1
542,10
543,2
544,4
545,3
546,1
547,8
548,3
549,1
550,5
551,9
552,8
553,6
554,1
555,1
556,1
557,3
558,3
559,3
560,5
561,1
562,2
563,2
564,13
565,7
566,2
567,5
568,8
569,3
570,4
571,1
572,3
573,2
574,5
575,1
576,2
577,3
578,3
579,3
580,1
581,3
582,1
583,1
584,2
585,2
586,6
587,4
588,3
589,5
590,6
591,2
592,3
593,1
594,1
595,1
596,3
597,1
598,2
599,2
600,5
601,2
602,4
603,1
604,1
605,2
606,1
607,1
608,2
609,3
610,2
611,1
612,1
613,1
614,1
615,5
616,1
617,2
618,7
619,2
620,3
621,2
622,3
623,4
624,5
625,1
626,4
627,1
628,2
629,3
630,1
631,2
632,2
633,17
634,20
635,3
636,7
637,4
638,5
639,4
640,2
641,1
642,10
643,1
644,5
645,14
646,2
647,2
648,10
649,10
650,3
651,7
652,11
653,5
654,12
655,1
656,1
657,7
658,8
659,3
660,14
661,8
662,9
663,20
664,2
665,6
666,5
667,14
668,13
669,3
670,1
671,2
672,1
673,3
674,2
675,9
676,12
677,8
678,10
679,4
680,1
681,11
682,19
683,11
684,16
685,9
686,18
687,1
688,12
689,6
690,10
691,17
692,26
693,6
694,2
695,3
696,3
697,2
698,4
699,2
700,2
701,19
702,4
703,18
704,5
705,8
706,3
707,8
708,1
709,11
710,11
711,8
712,7
713,9
714,3
715,6
716,2
717,2
718,2
719,9
720,2
721,2
722,1
723,7
724,2
725,3
726,5
727,4
728,2
729,2
730,6
731,2
732,1
733,9
734,4
735,2
736,11
737,5
738,5
739,1
740,8
741,2
742,7
743,6
744,3
745,2
746,2
747,1
748,4
749,10
750,3
751,1
752,1
753,3
754,10
755,1
756,7
757,1
758,3
759,4
760,4
761,2
762,1
763,5
764,2
765,7
766,3
767,6
768,2
769,7
770,2
771,4
772,10
773,5
774,8
775,3
776,9
777,3
778,2
779,2
780,2
781,15
782,3
783,11
784,3
785,6
786,1
787,4
788,3
789,1
790,1
791,1
792,6
793,20
794,1
795,5
796,5
797,4
798,2
799,1
800,1
801,3
802,2
803,1
804,5
805,3
806,2
807,1
808,1
809,2
810,1
811,12
812,1
813,1
814,13
815,1
816,1
817,7
818,1
819,5
820,7
821,2
822,1
823,2
824,3
825,5
826,7
827,11
828,4
829,3
830,3
831,5
832,10
833,2
834,8
835,14
836,6
837,10
838,2
839,4
840,6
841,1
842,2
843,8
844,1
845,3
846,1
847,4
848,2
849,3
850,3
851,3
852,2
853,5
854,5
855,4
856,1
857,12
858,12
859,7
860,2
861,5
862,3
863,8
864,6
865,4
866,1
867,3
868,4
869,10
870,4
871,7
872,5
873,4
874,3
875,1
876,3
877,6
878,4
879,1
880,5
881,1
882,1
883,2
884,3
885,5
886,2
887,7
888,2
889,1
890,8
891,2
892,9
893,2
894,1
895,1
896,1
897,3
898,3
899,4
900,5
901,3
902,2
903,4
904,1
905,2
906,4
907,1
908,2
909,1
910,5
911,2
912,1
913,1
914,1
915,1
916,7
917,1
918,3
919,1
920,4
921,4
922,2
923,1
924,3
925,1
926,1
927,3
928,4
929,1
930,5
931,4
932,1
933,5
934,4
935,8
936,3
937,4
938,1
939,20
940,5
941,5
942,3
943,1
944,1
945,1
946,1
947,5
948,14
949,8
950,3
951,3
952,4
953,2
954,1
955,6
956,12
957,7
958,7
959,4
960,10
961,10
962,7
963,30
964,9
965,3
966,2
967,2
968,9
969,5
970,2
971,1
972,20
973,3
974,3
975,3
976,3
977,3
978,7
979,4
980,3
981,16
982,2
983,6
984,5
985,1
986,6
987,2
988,11
989,3
990,4
991,1
992,4
993,4
994,6
995,5
996,1
997,22
998,7
999,9
1000,3
1001,5
1002,8
1003,15
1004,16
1005,3
1006,24
1007,1
1008,14
1009,11
1010,16
1011,4
1012,1
1013,7
1014,11
1015,4
1016,8
1017,19
1018,3
1019,7
1020,7
1021,5
1022,42
1023,12
1024,5
1025,11
1026,30
1027,1
1028,5
1029,6
1030,3
1031,39
1032,20
1033,8
1034,4
1035,2
1036,9
1037,1
1038,3
1039,2
1040,8
1041,2
1042,10
1043,14
1044,11
1045,3
1046,21
1047,3
1048,3
1049,12
1050,3
1051,28
1052,4
1053,21
1054,16
1055,5
1056,11
1057,11
1058,6
1059,4
1060,4
1061,4
1062,15
1063,13
1064,7
1065,22
1066,6
1067,1
1068,10
1069,17
1070,7
1071,9
1072,8
1073,1
1074,12
1075,9
1076,9
1077,10
1078,6
1079,1
1080,4
1081,1
1082,11
1083,6
1084,4
1085,3
1086,2
1087,2
1088,3
1089,11
1090,3
1091,1
1092,4
1093,15
1094,1
1095,11
1096,24
1097,1
1098,2
1099,13
1100,23
1101,13
1102,1
1103,1
1104,1
1105,2
1106,3
1107,18
1108,5
1109,14
1110,4
1111,7
1112,4
1113,13
1114,8
1115,4
1116,1
1117,8
1118,3
1119,14
1120,7
1121,4
1122,18
1123,14
1124,13
1125,9
1126,2
1127,4
1128,11
1129,1
1130,13
1131,3
1132,2
1133,2
1134,4
1135,7
1136,9
1137,6
1138,4
1139,16
1140,5
1141,7
1142,3
1143,9
1144,5
1145,13
1146,5
1147,6
1148,22
1149,7
1150,14
1151,37
1152,2
1153,7
1154,6
1155,9
1156,4
1157,1
1158,1
1159,9
1160,2
1161,8
1162,1
1163,3
1164,11
1165,17
1166,5
1167,7
1168,12
1169,3
1170,6
1171,13
1172,7
1173,31
1174,3
1175,10
1176,6
1177,4
1178,19
1179,16
1180,5
1181,1
1182,10
1183,9
1184,4
1185,2
1186,8
1187,16
1188,4
1189,1
1190,5
1191,8
1192,5
1193,1
1194,23
1195,2
1196,13
1197,5
1198,7
1199,3
1200,3
1201,25
1202,10
1203,3
1204,5
1205,6
1206,3
1207,19
1208,19
1209,2
1210,4
1211,11
1212,2
1213,31
1214,12
1215,9
1216,12
1217,1
1218,2
1219,1
1220,1
1221,15
1222,2
1223,7
1224,6
1225,11
1226,2
1227,4
1228,13
1229,1
1230,8
1231,2
1232,10
1233,5
1234,7
1235,7
1236,21
1237,15
1238,3
1239,19
1240,2
1241,3
1242,5
1243,4
1244,16
1245,8
1246,6
1247,20
1248,2
1249,1
1250,3
1251,4
1252,4
1253,1
1254,2
1255,20
1256,24
1257,4
1258,5
1259,13
1260,21
1261,4
1262,6
1263,3
1264,4
1265,2
1266,1
1267,1
1268,2
1269,4
1270,2
1271,7
1272,2
1273,1
1274,5
1275,8
1276,3
1277,2
1278,2
1279,6
1280,2
1281,11
1282,5
1283,3
1284,2
1285,14
1286,2
1287,3
1288,1
1289,5
1290,2
1291,1
1292,1
1293,3
1294,3
1295,3
1296,2
1297,3
1298,4
1299,3
1300,1
1301,1
1302,1
1303,5
1304,9
1305,5
1306,17
1307,2
1308,1
1309,2
1310,4
1311,1
1312,9
1313,4
1314,4
1315,2
1316,8
1317,2
1318,8
1319,4
1320,9
1321,5
1322,1
1323,2
1324,4
1325,1
1326,6
1327,2
1328,1
1329,1
1330,2
1331,2
1332,2
1333,2
1334,3
1335,2
1336,4
1337,1
1338,1
1339,5
1340,2
1341,14
1342,1
1343,3
1344,7
1345,5
1346,11
1347,4
1348,2
1349,2
1350,1
1351,2
1352,7
1353,1
1354,1
1355,1
1356,3
1357,5
1358,8
1359,2
1360,10
1361,6
1362,13
1363,1
1364,1
1365,1
1366,3
1367,11
1368,1
1369,3
1370,5
1371,4
1372,4
1373,11
1374,7
1375,6
1376,2
1377,5
1378,2
1379,5
1380,4
1381,3
1382,3
1383,2
1384,4
1385,5
1386,4
1387,8
1388,14
1389,4
1390,4
1391,5
1392,3
1393,3
1394,2
1395,7
1396,5
1397,1
1398,4
1399,1
1400,4
1401,3
1402,4
1403,4
1404,3
1405,5
1406,1
1407,6
1408,3
1409,6
1410,3
1411,2
1412,4
1413,1
1414,1
1415,9
1416,1
1417,5
1418,1
1419,1
1420,2
1421,4
1422,4
1423,1
1424,6
1425,1
1426,1
1427,2
1428,1
1429,6
1430,1
1431,1
1432,1
1433,2
1434,1
1435,3
1436,2
1437,2
1438,8
1439,2
1440,10
1441,5
1442,8
1443,6
1444,15
1445,2
1446,3
1447,5
1448,3
1449,7
1450,1
1451,3
1452,2
1453,5
1454,5
1455,4
1456,1
1457,4
1458,1
1459,6
1460,11
1461,15
1462,1
1463,5
1464,6
1465,1
1466,1
1467,8
1468,5
1469,4
1470,7
1471,2
1472,2
1473,5
1474,2
1475,4
1476,4
1477,2
1478,1
1479,1
1480,1
1481,17
1482,1
1483,3
1484,3
1485,5
1486,8
1487,1
1488,13
1489,5
1490,1
1491,4
1492,18
1493,2
1494,7
1495,5
1496,10
1497,1
1498,1
1499,22
1500,2
1501,6
1502,3
1503,7
1504,2
1505,2
1506,8
1507,2
1508,2
1509,6
1510,3
1511,6
1512,10
1513,11
1514,7
1515,7
1516,9
1517,4
1518,8
1519,10
1520,20
1521,7
1522,2
1523,10
1524,6
1525,2
1526,5
1527,4
1528,3
1529,4
1530,6
1531,13
1532,8
1533,2
1534,2
1535,3
1536,2
1537,8
1538,2
1539,1
1540,3
1541,5
1542,1
1543,3
1544,4
1545,1
1546,2
1547,2
1548,5
1549,5
1550,2
1551,1
1552,5
1553,6
1554,5
1555,6
1556,6
1557,10
1558,3
1559,1
1560,3
1561,5
1562,3
1563,3
1564,2
1565,3
1566,5
1567,1
1568,2
1569,2
1570,1
1571,5
1572,3
1573,4
1574,2
1575,2
1576,1
1577,1
1578,6
1579,1
1580,2
1581,11
1582,6
1583,2
1584,1
1585,9
1586,7
1587,4
1588,12
1589,6
1590,7
1591,1
1592,4
1593,3
1594,2
1595,4
1596,9
1597,1
1598,5
1599,10
1600,3
1601,4
1602,4
1603,2
1604,6
1605,1
1606,1
1607,6
1608,1
1609,2
1610,5
1611,5
1612,6
1613,1
1614,11
1615,8
1616,6
1617,2
1618,9
1619,4
1620,5
1621,4
1622,4
1623,3
1624,2
1625,6
1626,3
1627,5
1628,6
1629,8
1630,2
1631,1
1632,9
1633,8
1634,1
1635,1
1636,3
1637,3
1638,15
1639,10
1640,3
1641,9
1642,10
1643,7
1644,4
1645,5
1646,2
1647,3
1648,2
1649,11
1650,9
1651,2
1652,10
1653,9
1654,2
1655,1
1656,1
1657,1
1658,1
1659,6
1660,5
1661,3
1662,4
1663,1
1664,2
1665,8
1666,12
1667,18
1668,10
1669,5
1670,4
1671,2
1672,2
1673,4
1674,8
1675,8
1676,8
1677,9
1678,4
1679,2
1680,5
1681,3
1682,5
1683,7
1684,3
1685,18
1686,6
1687,13
1688,6
1689,2
1690,4
1691,9
1692,8
1693,1
1694,1
1695,1
1696,1
1697,3
1698,1
1699,4
1700,1
1701,1
1702,4
1703,2
1704,1
1705,8
1706,4
1707,4
1708,6
1709,1
1710,14
1711,15
1712,4
1713,1
1714,13
1715,20
1716,5
1717,13
1718,5
1719,26
1720,2
1721,2
1722,2
1723,7
1724,5
1725,21
1726,2
1727,3
1728,5
1729,6
1730,12
1731,6
1732,24
1733,1
1734,26
1735,3
1736,14
1737,10
1738,14
1739,3
1740,9
1741,2
1742,2
1743,10
1744,3
1745,6
1746,22
1747,16
1748,4
1749,2
1750,5
1751,8
1752,10
1753,5
1754,10
1755,6
1756,42
1757,22
1758,11
1759,3
1760,1
1761,2
1762,2
1763,9
1764,3
1765,4
1766,19
1767,21
1768,5
1769,3
1770,27
1771,6
1772,1
1773,5
1774,22
1775,13
1776,2
1777,9
1778,4
1779,17
1780,8
1781,14
1782,5
1783,15
1784,2
1785,3
1786,3
1787,19
1788,5
1789,10
1790,24
1791,3
1792,13
1793,1
1794,3
1795,5
1796,20
1797,4
1798,14
1799,13
1800,6
1801,25
1802,1
1803,7
1804,26
1805,4
1806,21
1807,21
1808,3
1809,11
1810,20
1811,7
1812,3
1813,6
1814,2
1815,1
1816,7
1817,27
1818,5
1819,10
1820,1
1821,4
1822,2
1823,10
1824,16
1825,8
1826,5
1827,18
1828,20
1829,4
1830,5
1831,15
1832,7
1833,4
1834,2
1835,2
1836,3
1837,2
1838,4
1839,5
1840,19
1841,32
1842,3
1843,5
1844,1
1845,20
1846,1
1847,6
1848,11
1849,4
1850,11
1851,23
1852,23
1853,25
1854,8
1855,14
1856,10
1857,2
1858,4
1859,5
1860,31
1861,7
1862,1
1863,4
1864,9
1865,1
1866,6
1867,14
1868,15
1869,1
1870,9
1871,10
1872,16
1873,9
1874,3
1875,8
1876,9
1877,2
1878,10
1879,6
1880,4
1881,9
1882,20
1883,6
1884,10
1885,3
1886,1
1887,4
1888,5
1889,29
1890,14
1891,2
1892,1
1893,16
1894,1
1895,3
1896,2
1897,3
1898,5
1899,2
1900,12
1901,1
1902,1
1903,10
1904,1
1905,2
1906,13
1907,7
1908,7
1909,6
1910,4
1911,8
1912,18
1913,16
1914,8
1915,11
1916,3
1917,2
1918,6
1919,3
1920,9
1921,1
1922,12
1923,4
1924,2
1925,5
1926,2
1927,3
1928,4
1929,9
1930,2
1931,8
1932,6
1933,7
1934,11
1935,4
1936,2
1937,8
1938,2
1939,13
1940,11
1941,3
1942,2
1943,9
1944,1
1945,2
1946,7
1947,1
1948,4
1949,6
1950,1
1951,6
1952,10
1953,9
1954,14
1955,1
1956,4
1957,2
1958,7
1959,9
1960,7
1961,11
1962,8
1963,2
1964,6
1965,4
1966,3
1967,1
1968,3
1969,1
1970,5
1971,8
1972,9
1973,1
1974,4
1975,2
1976,1
1977,9
1978,3
1979,2
1980,5
1981,4
1982,9
1983,3
1984,6
1985,14
1986,3
1987,1
1988,5
1989,3
1990,9
1991,2
1992,12
1993,4
1994,20
1995,3
1996,2
1997,3
1998,1
1999,4
2000,3
2001,5
2002,14
2003,1
2004,5
2005,8
2006,2
2007,1
2008,1
2009,4
2010,3
2011,2
2012,12
2013,1
2014,5
2015,8
2016,4
2017,2
2018,1
2019,1
2020,5
2021,1
2022,7
2023,7
2024,4
2025,2
2026,1
2027,3
2028,1
2029,1
2030,1
2031,2
2032,1
2033,13
2034,4
2035,3
2036,1
2037,2
2038,8
2039,9
2040,2
2041,3
2042,4
2043,4
2044,1
2045,7
2046,5
2047,8
2048,2
2049,8
2050,2
2051,1
2052,6
2053,4
2054,7
2055,1
2056,2
2057,3
2058,1
2059,4
2060,22
2061,3
2062,3
2063,5
2064,3
2065,2
2066,6
2067,10
2068,4
2069,6
2070,7
2071,1
2072,3
2073,2
2074,1
2075,13
2076,9
2077,2
2078,4
2079,1
2080,2
2081,2
2082,6
2083,1
2084,1
2085,8
2086,4
2087,5
2088,5
2089,8
2090,9
2091,2
2092,1
2093,2
2094,3
2095,2
2096,1
2097,7
2098,9
2099,1
2100,2
2101,3
2102,3
2103,10
2104,4
2105,7
2106,1
2107,1
2108,2
2109,1
2110,1
2111,1
2112,1
2113,1
2114,1
2115,2
2116,1
2117,1
2118,6
2119,2
2120,3
2121,7
2122,2
2123,4
2124,14
2125,2
2126,3
2127,5
2128,2
2129,1
2130,4
2131,9
2132,1
2133,6
2134,9
2135,3
2136,10
2137,2
2138,1
2139,3
2140,7
2141,1
2142,12
2143,6
2144,1
2145,11
2146,2
2147,11
2148,3
2149,5
2150,2
2151,3
2152,1
2153,8
2154,4
2155,8
2156,4
2157,1
2158,1
2159,4
2160,6
2161,6
2162,6
2163,4
2164,1
2165,5
2166,9
2167,1
2168,17
2169,1
2170,3
2171,6
2172,11
2173,13
2174,4
2175,2
2176,16
2177,1
2178,6
2179,2
2180,4
2181,9
2182,10
2183,3
2184,5
2185,7
2186,16
2187,1
2188,7
2189,3
2190,17
2191,5
2192,1
2193,13
2194,5
2195,11
2196,10
2197,12
2198,16
2199,5
2200,12
2201,6
2202,3
2203,7
2204,3
2205,11
2206,14
2207,8
2208,1
2209,3
2210,8
2211,4
2212,1
2213,7
2214,1
2215,4
2216,1
2217,3
2218,13
2219,1
2220,23
2221,20
2222,2
2223,3
2224,13
2225,3
2226,3
2227,12
2228,20
2229,1
2230,10
2231,1
2232,11
2233,5
2234,7
2235,1
2236,10
2237,4
2238,3
2239,4
2240,7
2241,1
2242,23
2243,5
2244,7
2245,8
2246,5
2247,2
2248,5
2249,17
2250,3
2251,11
2252,3
2253,5
2254,2
2255,3
2256,8
2257,2
2258,1
2259,15
2260,6
2261,1
2262,4
2263,4
2264,6
2265,2
2266,14
2267,1
2268,5
2269,6
2270,1
2271,5
2272,4
2273,14
2274,2
2275,2
2276,2
2277,6
2278,13
2279,2
2280,3
2281,5
2282,40
2283,1
2284,14
2285,2
2286,21
2287,3
2288,2
2289,3
2290,16
2291,5
2292,6
2293,23
2294,4
2295,14
2296,13
2297,2
2298,21
2299,6
2300,5
2301,1
2302,2
2303,26
2304,5
2305,9
2306,19
2307,14
2308,1
2309,23
2310,6
2311,12
2312,4
2313,1
2314,21
2315,11
2316,8
2317,21
2318,13
2319,3
2320,14
2321,7
2322,15
2323,10
2324,3
2325,10
2326,5
2327,4
2328,13
2329,18
2330,2
2331,8
2332,7
2333,16
2334,1
2335,3
2336,3
2337,17
2338,13
2339,17
2340,6
2341,4
2342,3
2343,15
2344,5
2345,9
2346,5
2347,14
2348,4
2349,6
2350,11
2351,11
2352,14
2353,4
2354,6
2355,13
2356,16
2357,14
2358,1
2359,7
2360,8
2361,7
2362,2
2363,12
2364,2
2365,2
2366,2
2367,2
2368,6
2369,10
2370,16
2371,15
2372,19
2373,17
2374,4
2375,3
2376,1
2377,20
2378,3
2379,42
2380,2
2381,29
2382,6
2383,27
2384,9
2385,21
2386,10
2387,3
2388,15
2389,10
2390,1
2391,14
2392,3
2393,36
2394,8
2395,12
2396,11
2397,20
2398,11
2399,22
2400,31
2401,9
2402,10
2403,3
2404,46
2405,24
2406,32
2407,1
2408,18
2409,3
2410,15
2411,5
2412,25
2413,5
2414,2
2415,10
2416,12
2417,44
2418,2
2419,1
2420,27
2421,29
2422,3
2423,47
2424,9
2425,58
2426,13
2427,26
2428,9
2429,1
2430,5
2431,44
2432,14
2433,18
2434,21
2435,2
2436,10
2437,41
2438,4
2439,9
2440,1
2441,8
2442,8
2443,18
2444,6
2445,16
2446,3
2447,13
2448,1
2449,11
2450,9
2451,5
2452,16
2453,7
2454,11
2455,2
2456,34
2457,5
2458,12
2459,25
2460,16
2461,2
2462,5
2463,16
2464,3
2465,3
2466,20
2467,19
2468,9
2469,11
2470,39
2471,5
2472,2
2473,17
2474,3
2475,2
2476,11
2477,16
2478,3
2479,2
2480,4
2481,12
2482,2
2483,6
2484,11
2485,10
2486,10
2487,16
2488,24
2489,8
2490,30
2491,56
2492,17
2493,21
2494,29
2495,6
2496,1
2497,2
2498,3
2499,1
2500,16
2501,7
2502,25
2503,5
2504,7
2505,14
2506,35
2507,21
2508,2
2509,8
2510,24
2511,7
2512,22
2513,6
2514,14
2515,7
2516,24
2517,2
2518,30
2519,18
2520,28
2521,5
2522,1
2523,15
2524,57
2525,4
2526,40
2527,28
2528,26
2529,5
2530,3
2531,5
2532,5
2533,60
2534,1
2535,6
2536,7
2537,11
2538,4
2539,11
2540,9
2541,5
2542,5
2543,19
2544,63
2545,17
2546,13
2547,3
2548,3
2549,5
2550,14
2551,2
2552,36
2553,4
2554,12
2555,18
2556,15
2557,1
2558,7
2559,25
2560,31
2561,7
2562,9
2563,5
2564,30
2565,65
2566,9
2567,3
2568,20
2569,8
2570,8
2571,1
2572,12
2573,18
2574,36
2575,11
2576,20
2577,16
2578,3
2579,33
2580,18
2581,9
2582,11
2583,15
2584,2
2585,6
2586,17
2587,65
2588,9
2589,16
2590,8
2591,3
2592,4
2593,29
2594,10
2595,50
2596,7
2597,9
2598,2
2599,3
2600,9
2601,2
2602,13
2603,9
2604,2
2605,13
2606,14
2607,6
2608,9
2609,4
2610,54
2611,3
2612,7
2613,6
2614,20
2615,6
2616,13
2617,4
2618,16
2619,21
2620,4
2621,12
2622,10
2623,34
2624,5
2625,13
2626,5
2627,1
2628,23
2629,12
2630,36
2631,20
2632,7
2633,14
2634,2
2635,14
2636,47
2637,8
2638,36
2639,4
2640,29
2641,38
2642,18
2643,10
2644,11
2645,8
2646,4
2647,2
2648,3
2649,38
2650,3
2651,20
2652,11
2653,8
2654,24
2655,3
2656,19
2657,15
2658,1
2659,2
2660,14
2661,20
2662,27
2663,3
2664,1
2665,13
2666,18
2667,21
2668,46
2669,26
2670,6
2671,1
2672,3
2673,4
2674,6
2675,20
2676,3
2677,26
2678,6
2679,13
2680,7
2681,23
2682,16
2683,14
2684,7
2685,1
2686,2
2687,11
2688,1
2689,31
2690,17
2691,5
2692,13
2693,2
2694,6
2695,5
2696,13
2697,7
2698,27
2699,1
2700,19
2701,3
2702,3
2703,10
2704,20
2705,16
2706,4
2707,3
2708,34
2709,23
2710,14
2711,36
2712,10
2713,23
2714,5
2715,5
2716,19
2717,1
2718,9
2719,5
2720,4
2721,51
2722,6
2723,5
2724,24
2725,51
2726,5
2727,2
2728,23
2729,24
2730,3
2731,1
2732,9
2733,26
2734,1
2735,2
2736,13
2737,1
2738,19
2739,1
2740,8
2741,11
2742,53
2743,11
2744,8
2745,13
2746,2
2747,5
2748,12
2749,8
2750,4
2751,24
2752,9
2753,7
2754,8
2755,13
2756,10
2757,4
2758,16
2759,4
2760,11
2761,12
2762,2
2763,14
2764,34
2765,11
2766,2
2767,27
2768,22
2769,11
2770,7
2771,16
2772,8
2773,16
2774,13
2775,9
2776,5
2777,25
2778,15
2779,4
2780,5
2781,3
2782,20
2783,7
2784,16
2785,14
2786,9
2787,7
2788,2
2789,1
2790,4
2791,1
2792,6
2793,11
2794,7
2795,3
2796,2
2797,10
2798,3
2799,4
2800,5
2801,3
2802,2
2803,3
2804,3
2805,9
2806,1
2807,4
2808,2
2809,6
2810,12
2811,2
2812,35
2813,4
2814,3
2815,2
2816,17
2817,30
2818,2
2819,3
2820,26
2821,1
2822,9
2823,32
2824,22
2825,6
2826,14
2827,9
2828,3
2829,2
2830,9
2831,6
2832,7
2833,3
2834,2
2835,1
2836,22
2837,8
2838,23
2839,19
2840,2
2841,3
2842,3
2843,10
2844,3
2845,24
2846,8
2847,19
2848,1
2849,6
2850,18
2851,3
2852,1
2853,1
2854,12
2855,13
2856,5
2857,10
2858,11
2859,10
2860,9
2861,10
2862,18
2863,11
2864,3
2865,1
2866,8
2867,1
2868,19
2869,8
2870,38
2871,3
2872,6
2873,6
2874,17
2875,2
2876,4
2877,14
2878,2
2879,7
2880,5
2881,22
2882,8
2883,4
2884,10
2885,16
2886,4
2887,14
2888,1
2889,5
2890,4
2891,8
2892,18
2893,4
2894,16
2895,16
2896,5
2897,12
2898,1
2899,2
2900,16
2901,9
2902,3
2903,8
2904,1
2905,4
2906,2
2907,3
2908,21
2909,2
2910,3
2911,19
2912,1
2913,15
2914,1
2915,9
2916,5
2917,1
2918,1
2919,3
2920,15
2921,4
2922,1
2923,1
2924,5
2925,6
2926,8
2927,16
2928,1
2929,6
2930,9
2931,13
2932,5
2933,4
2934,1
2935,5
2936,1
2937,7
2938,5
2939,3
2940,3
2941,18
2942,7
2943,13
2944,8
2945,3
2946,2
2947,1
2948,1
2949,2
2950,1
2951,11
2952,3
2953,2
2954,6
2955,6
2956,4
2957,15
2958,5
2959,9
2960,1
2961,9
2962,4
2963,6
2964,27
2965,3
2966,8
2967,6
2968,2
2969,6
2970,3
2971,7
2972,5
2973,1
2974,3
2975,5
2976,4
2977,7
2978,1
2979,10
2980,3
2981,4
2982,8
2983,2
2984,13
2985,6
2986,16
2987,3
2988,5
2989,15
2990,2
2991,5
2992,2
2993,1
2994,3
2995,13
2996,7
2997,2
2998,1
2999,8
3000,3
3001,9
3002,9
3003,1
3004,6
3005,8
3006,1
3007,8
3008,4
3009,1
3010,5
3011,8
3012,2
3013,2
3014,8
3015,3
3016,9
3017,3
3018,10
3019,4
3020,3
3021,6
3022,1
3023,4
3024,2
3025,14
3026,9
3027,3
3028,4
3029,1
3030,1
3031,3
3032,20
3033,2
3034,9
3035,2
3036,3
3037,7
3038,3
3039,2
3040,1
3041,4
3042,6
3043,2
3044,7
3045,2
3046,8
3047,8
3048,4
3049,10
3050,1
3051,2
3052,5
3053,13
3054,1
3055,3
3056,22
3057,1
3058,4
3059,9
3060,3
3061,26
3062,1
3063,2
3064,27
3065,1
3066,12
3067,2
3068,1
3069,10
3070,26
3071,6
3072,1
3073,18
3074,9
3075,24
3076,29
3077,16
3078,13
3079,5
3080,1
3081,2
3082,1
3083,9
3084,7
3085,8
3086,10
3087,1
3088,15
3089,5
3090,2
3091,15
3092,6
3093,6
3094,1
3095,23
3096,9
3097,3
3098,2
3099,8
3100,7
3101,2
3102,9
3103,7
3104,11
3105,21
3106,14
3107,22
3108,2
3109,2
3110,14
3111,7
3112,5
3113,6
3114,2
3115,10
3116,20
3117,7
3118,1
3119,17
3120,1
3121,13
3122,11
3123,1
3124,8
3125,5
3126,1
3127,36
3128,2
3129,6
3130,15
3131,3
3132,7
3133,2
3134,5
3135,21
3136,7
3137,9
3138,13
3139,1
3140,1
3141,15
3142,18
3143,10
3144,5
3145,12
3146,12
3147,26
3148,8
3149,11
3150,3
3151,2
3152,4
3153,5
3154,2
3155,2
3156,14
3157,7
3158,22
3159,48
3160,5
3161,2
3162,5
3163,1
3164,3
3165,21
3166,1
3167,13
3168,2
3169,20
3170,6
3171,4
3172,3
3173,11
3174,20
3175,16
3176,12
3177,4
3178,2
3179,4
3180,2
3181,1
3182,4
3183,15
3184,3
3185,5
3186,7
3187,39
3188,8
3189,1
3190,9
3191,1
3192,5
3193,5
3194,1
3195,1
3196,10
3197,11
3198,28
3199,8
3200,4
3201,7
3202,21
3203,2
3204,10
3205,1
3206,2
3207,2
3208,1
3209,3
3210,4
3211,2
3212,1
3213,9
3214,1
3215,2
3216,6
3217,10
3218,10
3219,1
3220,2
3221,5
3222,18
3223,4
3224,4
3225,4
3226,15
3227,1
3228,4
3229,20
3230,4
3231,10
3232,20
3233,10
3234,1
3235,11
3236,9
3237,7
3238,3
3239,8
3240,10
3241,6
3242,1
3243,8
3244,5
3245,1
3246,3
3247,2
3248,15
3249,11
3250,1
3251,2
3252,1
3253,12
3254,4
3255,9
3256,4
3257,2
3258,1
3259,1
3260,1
3261,2
3262,11
3263,3
3264,1
3265,3
3266,7
3267,9
3268,12
3269,7
3270,8
3271,2
3272,4
3273,4
3274,2
3275,4
3276,8
3277,3
3278,7
3279,7
3280,1
3281,1
3282,1
3283,7
3284,1
3285,3
3286,1
3287,1
3288,10
3289,9
3290,1
3291,14
3292,2
3293,1
3294,1
3295,7
3296,17
3297,5
3298,13
3299,1
3300,1
3301,1
3302,1
3303,2
3304,1
3305,2
3306,2
3307,2
3308,1
3309,3
3310,7
3311,2
3312,9
3313,3
3314,6
3315,1
3316,1
3317,4
3318,1
3319,5
3320,1
3321,1
3322,2
3323,2
3324,2
3325,4
3326,2
3327,5
3328,1
3329,1
3330,2
3331,1
3332,3
3333,1
3334,11
3335,5
3336,1
3337,2
3338,10
3339,10
3340,2
3341,10
3342,2
3343,1
3344,7
3345,2
3346,11
3347,1
3348,3
3349,3
3350,18
3351,5
3352,8
3353,3
3354,3
3355,4
3356,2
3357,2
3358,3
3359,8
3360,3
3361,3
3362,4
3363,5
3364,4
3365,3
3366,21
3367,7
3368,5
3369,1
3370,1
3371,15
3372,14
3373,1
3374,13
3375,3
3376,15
3377,10
3378,1
3379,1
3380,3
3381,2
3382,5
3383,3
3384,17
3385,9
3386,15
3387,2
3388,8
3389,18
3390,3
3391,1
3392,15
3393,6
3394,12
3395,4
3396,26
3397,19
3398,5
3399,6
3400,5
3401,9
3402,14
3403,4
3404,2
3405,16
3406,14
3407,2
3408,2
3409,4
3410,5
3411,10
3412,1
3413,7
3414,11
3415,8
3416,26
3417,1
3418,4
3419,8
3420,9
3421,4
3422,9
3423,6
3424,4
3425,4
3426,2
3427,10
3428,2
3429,8
3430,1
3431,1
3432,1
3433,8
3434,3
3435,8
3436,3
3437,1
3438,2
3439,7
3440,10
3441,16
3442,5
3443,5
3444,3
3445,4
3446,5
3447,1
3448,2
3449,4
3450,2
3451,1
3452,1
3453,4
3454,1
3455,11
3456,1
3457,1
3458,1
3459,1
3460,5
3461,7
3462,1
3463,1
3464,6
3465,2
3466,1
3467,5
3468,8
3469,4
3470,3
3471,1
3472,1
3473,3
3474,1
3475,4
3476,2
3477,6
3478,2
3479,1
3480,1
3481,4
3482,3
3483,6
3484,2
3485,7
3486,4
3487,5
3488,5
3489,1
3490,6
3491,6
3492,2
3493,1
3494,3
3495,7
3496,2
3497,7
3498,4
3499,2
3500,2
3501,3
3502,1
3503,3
3504,2
3505,2
3506,7
3507,11
3508,6
3509,3
3510,7
3511,2
3512,4
3513,6
3514,1
3515,1
3516,3
3517,10
3518,1
3519,2
3520,2
3521,4
3522,6
3523,2
3524,1
3525,7
3526,5
3527,3
3528,2
3529,2
3530,3
3531,1
3532,4
3533,4
3534,1
3535,1
3536,1
3537,2
3538,1
3539,1
3540,6
3541,1
3542,2
3543,2
3544,1
3545,3
3546,1
3547,1
3548,1
3549,6
3550,1
3551,1
3552,5
3553,5
3554,4
3555,3
3556,3
3557,1
3558,4
3559,3
3560,1
3561,1
3562,2
3563,1
3564,3
3565,2
3566,1
3567,1
3568,7
3569,4
3570,10
3571,5
3572,3
3573,6
3574,3
3575,1
3576,5
3577,1
3578,3
3579,2
3580,3
3581,2
3582,2
3583,3
3584,3
3585,2
3586,5
3587,2
3588,1
3589,1
3590,3
3591,6
3592,5
3593,9
3594,1
3595,2
3596,3
3597,2
3598,4
3599,8
3600,6
3601,1
3602,1
3603,4
3604,3
3605,1
3606,6
3607,2
3608,2
3609,3
3610,4
3611,2
3612,1
3613,2
3614,1
3615,12
3616,2
3617,3
3618,3
3619,4
3620,6
3621,1
3622,7
3623,3
3624,4
3625,1
3626,12
3627,7
3628,2
3629,3
3630,4
3631,2
3632,3
3633,1
3634,2
3635,7
3636,2
3637,8
3638,2
3639,1
3640,1
3641,2
3642,2
3643,7
3644,1
3645,1
3646,7
3647,3
3648,8
3649,1
3650,3
3651,3
3652,2
3653,2
3654,4
3655,4
3656,5
3657,3
3658,1
3659,2
3660,2
3661,2
3662,6
3663,4
3664,3
3665,3
3666,2
3667,6
3668,2
3669,2
3670,7
3671,1
3672,2
3673,2
3674,1
3675,5
3676,2
3677,7
3678,2
3679,1
3680,3
3681,1
3682,5
3683,1
3684,2
3685,1
3686,1
3687,2
3688,2
3689,6
3690,1
3691,1
3692,7
3693,1
3694,5
3695,1
3696,1
3697,1
3698,1
3699,1
3700,4
3701,3
3702,3
3703,4
3704,3
3705,2
3706,1
3707,3
3708,2
3709,3
3710,1
3711,1
3712,6
3713,7
3714,2
3715,2
3716,1
3717,1
3718,2
3719,2
3720,2
3721,3
3722,6
3723,1
3724,3
3725,2
3726,3
3727,1
3728,1
3729,3
3730,2
3731,5
3732,4
3733,1
3734,1
3735,3
3736,1
3737,1
3738,1
3739,1
3740,3
3741,1
3742,2
3743,1
3744,2
3745,1
3746,3
3747,5
3748,1
3749,7
3750,7
3751,2
3752,2
3753,2
3754,3
3755,2
3756,2
3757,3
3758,6
3759,4
3760,2
3761,3
3762,4
3763,2
3764,5
3765,4
3766,2
3767,4
3768,1
3769,3
3770,1
3771,1
3772,5
3773,2
3774,3
3775,4
3776,2
3777,5
3778,2
3779,8
3780,11
3781,4
3782,1
3783,1
3784,3
3785,1
3786,1
3787,2
3788,2
3789,2
3790,2
3791,1
3792,1
3793,1
3794,1
3795,1
3796,7
3797,2
3798,6
3799,2
3800,1
3801,2
3802,1
3803,4
3804,1
3805,2
3806,2
3807,3
3808,1
3809,8
3810,1
3811,2
3812,2
3813,1
3814,2
3815,2
3816,1
3817,4
3818,3
3819,2
3820,2
3821,3
3822,2
3823,5
3824,1
3825,2
3826,1
3827,1
3828,2
3829,2
3830,4
3831,2
3832,1
3833,8
3834,8
3835,4
3836,2
3837,4
3838,4
3839,4
3840,1
3841,1
3842,2
3843,5
3844,6
3845,1
3846,3
3847,2
3848,3
3849,2
3850,2
3851,2
3852,1
3853,3
3854,1
3855,4
3856,2
3857,1
3858,1
3859,4
3860,6
3861,2
3862,1
3863,4
3864,1
3865,3
3866,5
3867,4
3868,1
3869,1
3870,1
3871,4
3872,1
3873,1
3874,7
3875,2
3876,1
3877,2
3878,1
3879,6
3880,4
3881,2
3882,1
3883,3
3884,5
3885,1
3886,3
3887,5
3888,3
3889,1
3890,6
3891,3
3892,1
3893,4
3894,2
3895,1
3896,2
3897,2
3898,2
3899,4
3900,1
3901,5
3902,6
3903,9
3904,1
3905,9
3906,24
3907,3
3908,21
3909,17
3910,30
3911,8
3912,19
3913,4
3914,5
3915,6
3916,6
3917,10
3918,7
3919,4
3920,2
3921,1
3922,11
3923,7
3924,11
3925,17
3926,10
3927,5
3928,25
3929,4
3930,2
3931,8
3932,12
3933,11
3934,6
3935,7
3936,7
3937,10
3938,3
3939,3
3940,7
3941,5
3942,4
3943,4
3944,17
3945,10
3946,2
3947,16
3948,2
3949,7
3950,2
3951,6
3952,7
3953,4
3954,12
3955,6
3956,15
3957,22
3958,17
3959,6
3960,16
3961,1
3962,14
3963,2
3964,2
3965,10
3966,1
3967,3
3968,6
3969,3
3970,11
3971,9
3972,1
3973,7
3974,2
3975,3
3976,9
3977,3
3978,4
3979,9
3980,5
3981,6
3982,10
3983,11
3984,3
3985,12
3986,3
3987,4
3988,7
3989,1
3990,2
3991,1
3992,2
3993,1
3994,7
3995,9
3996,1
3997,2
3998,4
3999,2
4000,8
4001,1
4002,1
4003,4
4004,1
4005,1
4006,7
4007,4
4008,4
4009,2
4010,3
4011,1
4012,3
4013,1
4014,2
4015,2
4016,7
4017,3
4018,4
4019,5
4020,1
4021,8
4022,2
4023,4
4024,3
4025,7
4026,19
4027,8
4028,1
4029,4
4030,6
4031,12
4032,9
4033,4
4034,10
4035,10
4036,9
4037,19
4038,2
4039,9
4040,3
4041,3
4042,3
4043,4
4044,1
4045,5
4046,10
4047,3
4048,1
4049,2
4050,1
4051,4
4052,4
4053,7
4054,7
4055,4
4056,1
4057,3
4058,5
4059,1
4060,5
4061,14
4062,7
4063,1
4064,1
4065,2
4066,2
4067,5
4068,1
4069,2
4070,7
4071,8
4072,15
4073,6
4074,1
4075,3
4076,9
4077,14
4078,17
4079,15
4080,6
4081,3
4082,1
4083,1
4084,3
4085,5
4086,4
4087,3
4088,4
4089,3
4090,2
4091,4
4092,11
4093,4
4094,7
4095,3
4096,4
4097,3
4098,3
4099,5
4100,3
4101,10
4102,2
4103,2
4104,9
4105,1
4106,3
4107,4
4108,2
4109,1
4110,9
4111,6
4112,5
4113,7
4114,2
4115,7
4116,15
4117,5
4118,3
4119,1
4120,6
4121,11
4122,11
4123,5
4124,5
4125,2
4126,2
4127,7
4128,2
4129,1
4130,2
4131,12
4132,8
4133,3
4134,1
4135,14
4136,5
4137,2
4138,5
4139,1
4140,7
4141,2
4142,1
4143,1
4144,9
4145,4
4146,1
4147,1
4148,1
4149,2
4150,1
4151,1
4152,18
4153,5
4154,1
4155,5
4156,1
4157,4
4158,2
4159,12
4160,4
4161,2
4162,6
4163,2
4164,13
4165,4
4166,2
4167,3
4168,5
4169,5
4170,10
4171,1
4172,1
4173,4
4174,1
4175,10
4176,2
4177,8
4178,5
4179,8
4180,2
4181,2
4182,3
4183,4
4184,2
4185,12
4186,6
4187,1
4188,4
4189,1
4190,4
4191,14
4192,14
4193,8
4194,3
4195,1
4196,2
4197,11
4198,2
4199,5
4200,9
4201,19
4202,4
4203,1
4204,20
4205,2
4206,1
4207,4
4208,3
4209,9
4210,6
4211,1
4212,4
4213,3
4214,5
4215,13
4216,5
4217,5
4218,12
4219,14
4220,3
4221,4
4222,5
4223,3
4224,5
4225,2
4226,7
4227,2
4228,1
4229,19
4230,8
4231,5
4232,2
4233,5
4234,6
4235,3
4236,1
4237,1
4238,1
4239,1
4240,3
4241,6
4242,7
4243,11
4244,5
4245,5
4246,2
4247,3
4248,5
4249,4
4250,6
4251,3
4252,11
4253,3
4254,3
4255,17
4256,1
4257,7
4258,2
4259,1
4260,10
4261,2
4262,2
4263,2
4264,8
4265,2
4266,9
4267,4
4268,2
4269,6
4270,2
4271,4
4272,2
4273,3
4274,2
4275,5
4276,1
4277,3
4278,1
4279,2
4280,1
4281,5
4282,3
4283,1
4284,2
4285,5
4286,7
4287,1
4288,3
4289,7
4290,2
4291,3
4292,2
4293,2
4294,1
4295,6
4296,5
4297,3
4298,1
4299,1
4300,4
4301,3
4302,2
4303,2
4304,1
4305,3
4306,13
4307,12
4308,1
4309,4
4310,1
4311,1
4312,4
4313,1
4314,3
4315,1
4316,8
4317,1
4318,2
4319,13
4320,4
4321,5
4322,6
4323,2
4324,4
4325,3
4326,2
4327,2
4328,1
4329,1
4330,2
4331,7
4332,2
4333,1
4334,5
4335,1
4336,1
4337,1
4338,1
4339,8
4340,7
4341,2
4342,1
4343,1
4344,2
4345,1
4346,2
4347,1
4348,2
4349,2
4350,1
4351,2
4352,5
4353,1
4354,9
4355,6
4356,3
4357,1
4358,6
4359,5
4360,5
4361,2
4362,4
4363,5
4364,9
4365,11
4366,7
4367,6
4368,3
4369,5
4370,2
4371,2
4372,5
4373,6
4374,2
4375,3
4376,3
4377,1
4378,4
4379,2
4380,2
4381,1
4382,2
4383,1
4384,7
4385,2
4386,3
4387,4
4388,1
4389,3
4390,7
4391,2
4392,2
4393,1
4394,2
4395,1
4396,2
4397,5
4398,1
4399,4
4400,1
4401,3
4402,2
4403,3
4404,2
4405,5
4406,8
4407,1
4408,3
4409,1
4410,9
4411,2
4412,3
4413,2
4414,1
4415,1
4416,2
4417,2
4418,9
4419,3
4420,1
4421,2
4422,5
4423,3
4424,7
4425,1
4426,12
4427,1
4428,2
4429,5
4430,7
4431,3
4432,5
4433,2
4434,16
4435,12
4436,2
4437,1
4438,1
4439,3
4440,3
4441,6
4442,1
4443,1
4444,3
4445,1
4446,2
4447,1
4448,6
4449,1
4450,1
4451,3
4452,2
4453,3
4454,2
4455,1
4456,3
4457,4
4458,3
4459,4
4460,3
4461,2
4462,1
4463,1
4464,3
4465,1
4466,7
4467,4
4468,4
4469,2
4470,2
4471,1
4472,1
4473,2
4474,3
4475,6
4476,2
4477,5
4478,6
4479,6
4480,2
4481,3
4482,3
4483,8
4484,5
4485,3
4486,4
4487,2
4488,1
4489,1
4490,2
4491,2
4492,7
4493,1
4494,1
4495,2
4496,1
4497,1
4498,3
4499,9
4500,1
4501,5
4502,1
4503,1
4504,8
4505,7
4506,8
4507,1
4508,4
4509,2
4510,2
4511,1
4512,2
4513,5
4514,1
4515,1
4516,6
4517,2
4518,5
4519,5
4520,12
4521,1
4522,1
4523,2
4524,7
4525,1
4526,4
4527,1
4528,5
4529,1
4530,4
4531,1
4532,3
4533,1
4534,2
4535,1
4536,7
4537,1
4538,2
4539,1
4540,2
4541,3
4542,5
4543,3
4544,8
4545,3
4546,1
4547,2
4548,1
4549,6
4550,3
4551,1
4552,1
4553,2
4554,1
4555,8
4556,7
4557,3
4558,3
4559,2
4560,1
4561,5
4562,1
4563,7
4564,3
4565,1
4566,11
4567,1
4568,3
4569,1
4570,8
4571,8
4572,1
4573,2
4574,1
4575,1
4576,7
4577,2
4578,3
4579,1
4580,3
4581,2
4582,5
4583,3
4584,3
4585,6
4586,3
4587,4
4588,1
4589,3
4590,8
4591,1
4592,3
4593,1
4594,8
4595,5
4596,13
4597,5
4598,2
4599,6
4600,2
4601,3
4602,4
4603,4
4604,3
4605,3
4606,4
4607,2
4608,8
4609,1
4610,2
4611,10
4612,3
4613,6
4614,19
4615,5
4616,12
4617,4
4618,1
4619,3
4620,3
4621,4
4622,1
4623,17
4624,5
4625,3
4626,7
4627,14
4628,5
4629,2
4630,7
4631,4
4632,17
4633,16
4634,2
4635,8
4636,11
4637,4
4638,12
4639,14
4640,5
4641,11
4642,1
4643,12
4644,42
4645,3
4646,4
4647,12
4648,19
4649,5
4650,6
4651,5
4652,15
4653,21
4654,9
4655,19
4656,4
4657,6
4658,14
4659,17
4660,4
4661,1
4662,10
4663,2
4664,14
4665,12
4666,8
4667,19
4668,10
4669,2
4670,2
4671,5
4672,12
4673,3
4674,9
4675,6
4676,6
4677,18
4678,43
4679,2
4680,17
4681,4
4682,5
4683,6
4684,16
4685,6
4686,15
4687,1
4688,24
4689,8
4690,1
4691,2
4692,33
4693,4
4694,6
4695,6
4696,21
4697,12
4698,7
4699,2
4700,15
4701,10
4702,1
4703,18
4704,12
4705,3
4706,12
4707,15
4708,7
4709,4
4710,5
4711,5
4712,3
4713,2
4714,12
4715,6
4716,1
4717,7
4718,1
4719,1
4720,1
4721,2
4722,9
4723,3
4724,5
4725,8
4726,3
4727,10
4728,1
4729,3
4730,1
4731,8
4732,4
4733,7
4734,7
4735,8
4736,8
4737,4
4738,1
4739,6
4740,10
4741,2
4742,1
4743,5
4744,5
4745,8
4746,4
4747,19
4748,2
4749,7
4750,6
4751,2
4752,12
4753,1
4754,2
4755,2
4756,2
4757,2
4758,10
4759,4
4760,2
4761,6
4762,1
4763,10
4764,1
4765,1
4766,1
4767,1
4768,1
4769,2
4770,1
4771,4
4772,2
4773,14
4774,11
4775,2
4776,9
4777,13
4778,19
4779,18
4780,2
4781,6
4782,4
4783,7
4784,7
4785,6
4786,2
4787,5
4788,6
4789,3
4790,3
4791,10
4792,1
4793,4
4794,1
4795,14
4796,11
4797,4
4798,1
4799,7
4800,1
4801,10
4802,9
4803,3
4804,23
4805,13
4806,6
4807,12
4808,14
4809,3
4810,1
4811,14
4812,7
4813,4
4814,9
4815,9
4816,20
4817,4
4818,33
4819,14
4820,14
4821,11
4822,8
4823,23
4824,2
4825,4
4826,9
4827,11
4828,5
4829,1
4830,8
4831,17
4832,13
4833,9
4834,2
4835,1
4836,9
4837,16
4838,10
4839,7
4840,17
4841,8
4842,22
4843,8
4844,7
4845,17
4846,31
4847,14
4848,8
4849,14
4850,1
4851,16
4852,11
4853,8
4854,15
4855,7
4856,4
4857,3
4858,8
4859,15
4860,3
4861,8
4862,8
4863,4
4864,2
4865,2
4866,5
4867,2
4868,4
4869,2
4870,4
4871,40
4872,4
4873,1
4874,3
4875,20
4876,2
4877,20
4878,14
4879,32
4880,6
4881,8
4882,9
4883,1
4884,7
4885,5
4886,1
4887,3
4888,1
4889,7
4890,5
4891,4
4892,2
4893,2
4894,2
4895,2
4896,1
4897,1
4898,4
4899,3
4900,7
4901,1
4902,4
4903,2
4904,7
4905,2
4906,1
4907,1
4908,4
4909,1
4910,8
4911,7
4912,8
4913,2
4914,3
4915,2
4916,1
4917,1
4918,1
4919,2
4920,5
4921,1
4922,1
4923,4
4924,2
4925,2
4926,4
4927,7
4928,1
4929,1
4930,6
4931,1
4932,6
4933,2
4934,2
4935,2
4936,1
4937,1
4938,2
4939,1
4940,2
4941,4
4942,3
4943,1
4944,4
4945,8
4946,2
4947,2
4948,1
4949,2
4950,5
4951,5
4952,1
4953,7
4954,1
4955,5
4956,1
4957,4
4958,3
4959,8
4960,6
4961,2
4962,2
4963,2
4964,3
4965,3
4966,4
4967,2
4968,4
4969,6
4970,6
4971,3
4972,1
4973,1
4974,2
4975,1
4976,1
4977,2
4978,1
4979,1
4980,1
4981,4
4982,2
4983,3
4984,5
4985,3
4986,1
4987,1
4988,2
4989,4
4990,10
4991,2
4992,5
4993,1
4994,1
4995,10
4996,3
4997,1
4998,4
4999,3
5000,1
5001,1
5002,5
5003,8
5004,1
5005,1
5006,1
5007,2
5008,1
5009,1
5010,5
5011,1
5012,2
5013,1
5014,1
5015,3
5016,1
5017,1
5018,2
5019,1
5020,1
5021,1
5022,11
5023,1
5024,2
5025,3
5026,3
5027,4
5028,2
5029,1
5030,3
5031,1
5032,4
5033,1
5034,2
5035,3
5036,2
5037,4
5038,2
5039,2
5040,1
5041,2
5042,4
5043,3
5044,6
5045,3
5046,3
5047,4
5048,1
5049,2
5050,1
5051,1
5052,1
5053,4
5054,3
5055,4
5056,6
5057,10
5058,3
5059,1
5060,5
5061,2
5062,1
5063,1
5064,1
5065,7
5066,1
5067,1
5068,1
5069,1
5070,1
5071,2
5072,8
5073,2
5074,4
5075,2
5076,10
5077,15
5078,1
5079,2
5080,1
5081,2
5082,3
5083,2
5084,1
5085,2
5086,1
5087,1
5088,3
5089,2
5090,3
5091,2
5092,1
5093,2
5094,2
5095,5
5096,9
5097,8
5098,2
5099,10
5100,2
5101,1
5102,4
5103,1
5104,1
5105,3
5106,12
5107,2
5108,3
5109,2
5110,1
5111,1
5112,2
5113,1
5114,2
5115,3
5116,1
5117,2
5118,2
5119,3
5120,1
5121,2
5122,2
5123,8
5124,1
5125,1
5126,4
5127,2
5128,1
5129,1
5130,2
5131,2
5132,4
5133,7
5134,1
5135,4
5136,2
5137,2
5138,5
5139,1
5140,6
5141,1
5142,2
5143,2
5144,3
5145,8
5146,7
5147,5
5148,1
5149,8
5150,5
5151,2
5152,1
5153,6
5154,4
5155,1
5156,3
5157,4
5158,3
5159,2
5160,4
5161,2
5162,6
5163,8
5164,2
5165,7
5166,1
5167,3
5168,2
5169,4
5170,1
5171,11
5172,3
5173,3
5174,4
5175,2
5176,3
5177,7
5178,7
5179,2
5180,2
5181,1
5182,2
5183,7
5184,1
5185,3
5186,2
5187,3
5188,3
5189,4
5190,3
5191,1
5192,4
5193,1
5194,1
5195,2
5196,6
5197,3
5198,3
5199,1
5200,1
5201,8
5202,1
5203,3
5204,3
5205,4
5206,1
5207,1
5208,2
5209,1
5210,4
5211,2
5212,2
5213,2
5214,4
5215,2
5216,1
5217,2
5218,2
5219,4
5220,1
5221,4
5222,1
5223,2
5224,1
5225,1
5226,1
5227,6
5228,3
5229,2
5230,3
5231,5
5232,1
5233,2
5234,3
5235,2
5236,3
5237,1
5238,4
5239,7
5240,3
5241,2
5242,3
5243,2
5244,1
5245,2
5246,4
5247,1
5248,4
5249,3
5250,3
5251,1
5252,4
5253,4
5254,7
5255,5
5256,3
5257,2
5258,1
5259,4
5260,4
5261,3
5262,3
5263,4
5264,9
5265,3
5266,1
5267,1
5268,3
5269,6
5270,5
5271,4
5272,7
5273,2
5274,2
5275,6
5276,4
5277,7
5278,4
5279,2
5280,5
5281,2
5282,1
5283,1
5284,1
5285,3
5286,7
5287,1
5288,14
5289,5
5290,1
5291,1
5292,5
5293,5
5294,1
5295,1
5296,2
5297,4
5298,7
5299,4
5300,5
5301,3
5302,2
5303,1
5304,5
5305,12
5306,3
5307,2
5308,5
5309,2
5310,5
5311,2
5312,2
5313,1
5314,2
5315,3
5316,2
5317,5
5318,2
5319,2
5320,2
5321,1
5322,6
5323,3
5324,1
5325,2
5326,7
5327,2
5328,1
5329,1
5330,3
5331,5
5332,11
5333,1
5334,5
5335,4
5336,3
5337,4
5338,2
5339,1
5340,2
5341,4
5342,3
5343,1
5344,2
5345,3
5346,4
5347,2
5348,1
5349,5
5350,1
5351,1
5352,2
5353,4
5354,1
5355,2
5356,2
5357,8
5358,1
5359,6
5360,4
5361,1
5362,4
5363,1
5364,2
5365,1
5366,2
5367,4
5368,1
5369,2
5370,3
5371,1
5372,4
5373,3
5374,6
5375,2
5376,3
5377,1
5378,4
5379,1
5380,2
5381,2
5382,1
5383,1
5384,2
5385,3
5386,3
5387,3
5388,2
5389,2
5390,1
5391,6
5392,4
5393,4
5394,1
5395,1
5396,1
5397,3
5398,1
5399,3
5400,7
5401,1
5402,9
5403,3
5404,1
5405,1
5406,1
5407,3
5408,6
5409,10
5410,1
5411,2
5412,1
5413,6
5414,6
5415,3
5416,3
5417,3
5418,1
5419,2
5420,3
5421,1
5422,1
5423,2
5424,7
5425,2
5426,5
5427,2
5428,2
5429,1
5430,1
5431,6
5432,1
5433,1
5434,11
5435,8
5436,1
5437,7
5438,1
5439,5
5440,2
5441,2
5442,1
5443,4
5444,6
5445,1
5446,1
5447,1
5448,2
5449,8
5450,3
5451,6
5452,1
5453,3
5454,2
5455,2
5456,4
5457,4
5458,1
5459,1
5460,3
5461,3
5462,5
5463,1
5464,3
5465,8
5466,1
5467,3
5468,2
5469,1
5470,7
5471,4
5472,3
5473,5
5474,3
5475,2
5476,5
5477,6
5478,6
5479,5
5480,3
5481,4
5482,2
5483,9
5484,3
5485,2
5486,9
5487,2
5488,7
5489,1
5490,2
5491,1
5492,1
5493,2
5494,1
5495,2
5496,7
5497,1
5498,3
5499,1
5500,2
5501,6
5502,2
5503,1
5504,3
5505,3
5506,5
5507,4
5508,2
5509,3
5510,1
5511,2
5512,3
5513,1
5514,1
5515,4
5516,3
5517,3
5518,1
5519,3
5520,1
5521,5
5522,2
5523,8
5524,4
5525,2
5526,1
5527,6
5528,1
5529,1
5530,1
5531,4
5532,6
5533,5
5534,2
5535,4
5536,4
5537,3
5538,4
5539,3
5540,5
5541,1
5542,1
5543,2
5544,1
5545,2
5546,2
5547,1
5548,2
5549,4
5550,1
5551,1
5552,1
5553,1
5554,2
5555,1
5556,3
5557,2
5558,1
5559,5
5560,2
5561,3
5562,2
5563,9
5564,2
5565,1
5566,2
5567,4
5568,1
5569,1
5570,2
5571,2
5572,2
5573,2
5574,2
5575,2
5576,2
5577,7
5578,2
5579,6
5580,1
5581,5
5582,1
5583,2
5584,3
5585,1
5586,8
5587,2
5588,4
5589,13
5590,1
5591,3
5592,2
5593,6
5594,1
5595,1
5596,4
5597,9
5598,10
5599,4
5600,2
5601,2
5602,1
5603,2
5604,3
5605,1
5606,3
5607,1
5608,2
5609,2
5610,3
5611,4
5612,4
5613,5
5614,2
5615,5
5616,2
5617,1
5618,4
5619,1
5620,6
5621,1
5622,3
5623,3
5624,12
5625,4
5626,3
5627,7
5628,4
5629,12
5630,9
5631,3
5632,3
5633,3
5634,7
5635,11
5636,2
5637,15
5638,3
5639,2
5640,7
5641,1
5642,8
5643,3
5644,17
5645,5
5646,18
5647,5
5648,2
5649,2
5650,1
5651,6
5652,13
5653,7
5654,7
5655,1
5656,5
5657,10
5658,11
5659,3
5660,12
5661,3
5662,3
5663,5
5664,12
5665,2
5666,6
5667,1
5668,7
5669,6
5670,8
5671,11
5672,2
5673,1
5674,7
5675,4
5676,2
5677,7
5678,3
5679,5
5680,16
5681,1
5682,1
5683,1
5684,4
5685,1
5686,16
5687,3
5688,6
5689,15
5690,9
5691,8
5692,6
5693,3
5694,16
5695,9
5696,5
5697,2
5698,6
5699,10
5700,7
5701,4
5702,17
5703,2
5704,2
5705,20
5706,11
5707,1
5708,5
5709,1
5710,6
5711,2
5712,4
5713,1
5714,26
5715,17
5716,5
5717,44
5718,9
5719,1
5720,5
5721,24
5722,1
5723,6
5724,20
5725,2
5726,10
5727,18
5728,1
5729,4
5730,4
5731,13
5732,3
5733,28
5734,3
5735,11
5736,2
5737,2
5738,8
5739,9
5740,2
5741,14
5742,4
5743,17
5744,8
5745,1
5746,5
5747,2
5748,9
5749,27
5750,15
5751,8
5752,4
5753,4
5754,16
5755,16
5756,10
5757,13
5758,10
5759,6
5760,15
5761,2
5762,18
5763,3
5764,13
5765,4
5766,13
5767,3
5768,5
5769,14
5770,11
5771,3
5772,6
5773,14
5774,50
5775,5
5776,8
5777,7
5778,16
5779,46
5780,13
5781,38
5782,15
5783,7
5784,6
5785,3
5786,7
5787,3
5788,6
5789,6
5790,3
5791,1
5792,2
5793,7
5794,2
5795,1
5796,1
5797,5
5798,1
5799,1
5800,1
5801,3
5802,8
5803,4
5804,11
5805,4
5806,2
5807,1
5808,1
5809,9
5810,1
5811,10
5812,4
5813,1
5814,1
5815,3
5816,2
5817,1
5818,2
5819,4
5820,1
5821,1
5822,2
5823,2
5824,2
5825,1
5826,1
5827,5
5828,7
5829,2
5830,1
5831,12
5832,5
5833,6
5834,1
5835,1
5836,10
5837,2
5838,1
5839,6
5840,3
5841,2
5842,6
5843,1
5844,3
5845,3
5846,2
5847,6
5848,5
5849,1
5850,4
5851,3
5852,1
5853,5
5854,4
5855,3
5856,11
5857,5
5858,2
5859,3
5860,5
5861,5
5862,1
5863,1
5864,1
5865,5
5866,1
5867,7
5868,4
5869,6
5870,1
5871,3
5872,4
5873,1
5874,2
5875,2
5876,1
5877,2
5878,2
5879,3
5880,4
5881,2
5882,1
5883,4
5884,1
5885,2
5886,3
5887,2
5888,3
5889,1
5890,2
5891,3
5892,3
5893,2
5894,1
5895,1
5896,4
5897,4
5898,3
5899,2
5900,3
5901,5
5902,1
5903,2
5904,1
5905,2
5906,1
5907,2
5908,1
5909,5
5910,4
5911,1
5912,1
5913,5
5914,15
5915,3
5916,4
5917,2
5918,13
5919,1
5920,2
5921,2
5922,1
5923,1
5924,2
5925,1
5926,1
5927,2
5928,1
5929,3
5930,3
5931,4
5932,1
5933,1
5934,5
5935,2
5936,2
5937,4
5938,1
5939,2
5940,4
5941,1
5942,1
5943,2
5944,1
5945,1
5946,5
5947,2
5948,1
5949,1
5950,1
5951,1
5952,3
5953,1
5954,1
5955,6
5956,1
5957,4
5958,1
5959,2
5960,4
5961,1
5962,1
5963,1
5964,1
5965,5
5966,2
5967,1
5968,2
5969,1
5970,1
5971,1
5972,2
5973,5
5974,4
5975,4
5976,5
5977,5
5978,2
5979,2
5980,2
5981,2
5982,6
5983,2
5984,1
5985,7
5986,2
5987,2
5988,3
5989,3
5990,2
5991,1
5992,2
5993,7
5994,1
5995,3
5996,3
5997,1
5998,4
5999,2
6000,3
6001,1
6002,2
6003,1
6004,2
6005,1
6006,1
6007,1
6008,13
6009,2
6010,11
6011,1
6012,1
6013,3
6014,3
6015,1
6016,4
6017,3
6018,1
6019,5
6020,1
6021,1
6022,3
6023,4
6024,7
6025,3
6026,1
6027,1
6028,2
6029,1
6030,9
6031,5
6032,1
6033,3
6034,2
6035,1
6036,4
6037,2
6038,1
6039,1
6040,1
6041,3
6042,1
6043,1
6044,2
6045,3
6046,1
6047,1
6048,2
6049,1
6050,5
6051,1
6052,1
6053,4
6054,1
6055,4
6056,2
6057,5
6058,2
6059,2
6060,1
6061,2
6062,4
6063,12
6064,1
6065,5
6066,2
6067,8
6068,10
6069,4
6070,2
6071,4
6072,2
6073,7
6074,16
6075,7
6076,6
6077,5
6078,3
6079,8
6080,3
6081,1
6082,6
6083,1
6084,3
6085,1
6086,4
6087,4
6088,7
6089,1
6090,3
6091,1
6092,6
6093,1
6094,16
6095,6
6096,2
6097,2
6098,9
6099,17
6100,2
6101,4
6102,2
6103,11
6104,1
6105,1
6106,4
6107,3
6108,2
6109,1
6110,5
6111,1
6112,1
6113,2
6114,3
6115,1
6116,3
6117,1
6118,16
6119,1
6120,4
6121,3
6122,1
6123,4
6124,1
6125,1
6126,8
6127,9
6128,3
6129,4
6130,4
6131,2
6132,2
6133,3
6134,4
6135,2
6136,7
6137,3
6138,9
6139,1
6140,5
6141,9
6142,8
6143,8
6144,23
6145,2
6146,2
6147,2
6148,13
6149,2
6150,3
6151,1
6152,3
6153,1
6154,6
6155,1
6156,1
6157,1
6158,2
6159,1
6160,3
6161,1
6162,3
6163,2
6164,1
6165,1
6166,2
6167,1
6168,2
6169,1
6170,4
6171,1
6172,3
6173,1
6174,1
6175,1
6176,3
6177,1
6178,1
6179,4
6180,1
6181,2
6182,1
6183,2
6184,2
6185,1
6186,1
6187,2
6188,1
6189,3
6190,1
6191,3
6192,1
6193,2
6194,1
6195,5
6196,4
6197,1
6198,1
6199,2
6200,1
6201,1
6202,1
6203,2
6204,3
6205,5
6206,1
6207,1
6208,2
6209,1
6210,3
6211,1
6212,2
6213,3
6214,1
6215,1
6216,1
6217,3
6218,2
6219,1
6220,1
6221,1
6222,2
6223,1
6224,1
6225,2
6226,2
6227,1
6228,1
6229,4
6230,1
6231,3
6232,3
6233,1
6234,3
6235,1
6236,4
6237,4
6238,1
6239,4
6240,1
6241,9
6242,3
6243,2
6244,1
6245,2
6246,1
6247,2
6248,2
6249,1
6250,3
6251,4
6252,3
6253,6
6254,3
6255,7
6256,2
6257,1
6258,1
6259,3
6260,2
6261,2
6262,1
6263,5
6264,1
6265,1
6266,1
6267,3
6268,5
6269,1
6270,2
6271,3
6272,1
6273,1
6274,2
6275,1
6276,1
6277,4
6278,1
6279,1
6280,2
6281,1
6282,2
6283,3
6284,2
6285,2
6286,1
6287,1
6288,1
6289,3
6290,3
6291,2
6292,1
6293,2
6294,5
6295,2
6296,3
6297,2
6298,3
6299,2
6300,2
6301,1
6302,1
6303,1
6304,2
6305,5
6306,2
6307,3
6308,1
6309,1
6310,2
6311,4
6312,2
6313,1
6314,2
6315,1
6316,1
6317,3
6318,1
6319,8
6320,10
6321,1
6322,3
6323,11
6324,2
6325,2
6326,6
6327,3
6328,3
6329,9
6330,2
6331,2
6332,4
6333,7
6334,1
6335,2
6336,2
6337,1
6338,1
6339,1
6340,3
6341,2
6342,2
6343,2
6344,3
6345,1
6346,1
6347,3
6348,1
6349,1
6350,1
6351,10
6352,4
6353,2
6354,1
6355,1
6356,4
6357,1
6358,2
6359,1
6360,1
6361,1
6362,3
6363,4
6364,3
6365,4
6366,4
6367,1
6368,3
6369,1
6370,5
6371,1
6372,2
6373,3
6374,1
6375,2
6376,3
6377,3
6378,5
6379,1
6380,1
6381,5
6382,6
6383,2
6384,2
6385,2
6386,2
6387,1
6388,1
6389,2
6390,1
6391,1
6392,2
6393,2
6394,3
6395,2
6396,3
6397,3
6398,5
6399,4
6400,1
6401,1
6402,6
6403,1
6404,1
6405,1
6406,5
6407,1
6408,5
6409,6
6410,8
6411,2
6412,2
6413,1
6414,2
6415,1
6416,1
6417,3
6418,7
6419,2
6420,4
6421,1
6422,1
6423,2
6424,1
6425,6
6426,2
6427,3
6428,2
6429,4
6430,1
6431,1
6432,3
6433,2
6434,3
6435,5
6436,5
6437,4
6438,4
6439,4
6440,1
6441,2
6442,8
6443,2
6444,2
6445,4
6446,3
6447,2
6448,5
6449,4
6450,2
6451,1
6452,4
6453,2
6454,7
6455,2
6456,3
6457,1
6458,1
6459,6
6460,1
6461,2
6462,3
6463,4
6464,3
6465,1
6466,1
6467,1
6468,5
6469,2
6470,4
6471,1
6472,2
6473,4
6474,2
6475,2
6476,1
6477,2
6478,4
6479,2
6480,1
6481,1
6482,2
6483,6
6484,16
6485,2
6486,2
6487,5
6488,3
6489,2
6490,1
6491,1
6492,2
6493,1
6494,2
6495,2
6496,2
6497,1
6498,1
6499,3
6500,3
6501,6
6502,1
6503,1
6504,5
6505,3
6506,3
6507,1
6508,2
6509,3
6510,4
6511,4
6512,2
6513,1
6514,4
6515,2
6516,5
6517,6
6518,4
6519,1
6520,1
6521,1
6522,2
6523,1
6524,6
6525,2
6526,7
6527,4
6528,1
6529,4
6530,2
6531,2
6532,2
6533,4
6534,1
6535,1
6536,2
6537,1
6538,6
6539,3
6540,1
6541,3
6542,4
6543,4
6544,4
6545,2
6546,5
6547,3
6548,1
6549,2
6550,3
6551,2
6552,1
6553,7
6554,4
6555,1
6556,2
6557,1
6558,1
6559,3
6560,6
6561,1
6562,3
6563,3
6564,2
6565,6
6566,4
6567,2
6568,2
6569,1
6570,5
6571,3
6572,4
6573,1
6574,3
6575,1
6576,1
6577,1
6578,3
6579,10
6580,3
6581,1
6582,2
6583,1
6584,1
6585,1
6586,5
6587,1
6588,3
6589,1
6590,1
6591,3
6592,1
6593,1
6594,1
6595,2
6596,5
6597,3
6598,1
6599,3
6600,1
6601,2
6602,3
6603,1
6604,2
6605,4
6606,4
6607,4
6608,6
6609,1
6610,1
6611,6
6612,2
6613,3
6614,4
6615,5
6616,6
6617,3
6618,1
6619,1
6620,1
6621,4
6622,3
6623,1
6624,1
6625,1
6626,4
6627,3
6628,1
6629,3
6630,6
6631,4
6632,8
6633,2
6634,2
6635,1
6636,1
6637,1
6638,3
6639,4
6640,1
6641,1
6642,1
6643,7
6644,1
6645,6
6646,3
6647,2
6648,8
6649,2
6650,8
6651,3
6652,1
6653,10
6654,2
6655,1
6656,1
6657,1
6658,4
6659,1
6660,2
6661,6
6662,6
6663,3
6664,6
6665,2
6666,1
6667,2
6668,1
6669,14
6670,3
6671,4
6672,5
6673,4
6674,5
6675,4
6676,3
6677,3
6678,1
6679,1
6680,10
6681,2
6682,8
6683,2
6684,5
6685,4
6686,1
6687,1
6688,2
6689,4
6690,2
6691,1
6692,2
6693,4
6694,2
6695,1
6696,2
6697,1
6698,3
6699,1
6700,2
6701,2
6702,4
6703,1
6704,6
6705,5
6706,2
6707,2
6708,1
6709,1
6710,3
6711,3
6712,2
6713,4
6714,1
6715,2
6716,1
6717,1
6718,1
6719,1
6720,2
6721,1
6722,3
6723,1
6724,3
6725,3
6726,2
6727,1
6728,1
6729,4
6730,2
6731,2
6732,4
6733,2
6734,1
6735,2
6736,2
6737,2
6738,7
6739,5
6740,4
6741,2
6742,6
6743,1
6744,3
6745,2
6746,1
6747,1
6748,2
6749,3
6750,4
6751,1
6752,1
6753,2
6754,1
6755,8
6756,3
6757,3
6758,4
6759,2
6760,2
6761,1
6762,3
6763,3
6764,1
6765,4
6766,3
6767,5
6768,2
6769,1
6770,4
6771,6
6772,1
6773,1
6774,1
6775,1
6776,1
6777,3
6778,2
6779,1
6780,1
6781,4
6782,2
6783,2
6784,1
6785,2
6786,1
6787,1
6788,3
6789,1
6790,2
6791,4
6792,1
6793,3
6794,4
6795,2
6796,4
6797,1
6798,1
6799,1
6800,1
6801,2
6802,2
6803,3
6804,1
6805,2
6806,3
6807,2
6808,1
6809,1
6810,1
6811,3
6812,5
6813,7
6814,3
6815,1
6816,4
6817,1
6818,7
6819,1
6820,1
6821,1
6822,1
6823,1
6824,2
6825,2
6826,2
6827,1
6828,1
6829,2
6830,1
6831,4
6832,5
6833,2
6834,1
6835,2
6836,1
6837,1
6838,1
6839,5
6840,6
6841,4
6842,1
6843,1
6844,1
6845,3
6846,2
6847,1
6848,4
6849,2
6850,4
6851,1
6852,1
6853,1
6854,3
6855,3
6856,1
6857,1
6858,1
6859,2
6860,2
6861,2
6862,1
6863,2
6864,1
6865,4
6866,4
6867,1
6868,1
6869,1
6870,2
6871,1
6872,1
6873,1
6874,1
6875,3
6876,3
6877,1
6878,2
6879,3
6880,1
6881,3
6882,1
6883,1
6884,3
6885,2
6886,1
6887,1
6888,1
6889,1
6890,6
6891,3
6892,2
6893,3
6894,2
6895,1
6896,2
6897,4
6898,1
6899,1
6900,1
6901,6
6902,1
6903,4
6904,1
6905,1
6906,6
6907,6
6908,1
6909,2
6910,3
6911,1
6912,2
6913,2
6914,1
6915,4
6916,2
6917,5
6918,2
6919,2
6920,2
6921,2
6922,1
6923,1
6924,2
6925,4
6926,2
6927,5
6928,2
6929,1
6930,2
6931,2
6932,4
6933,5
6934,1
6935,2
6936,4
6937,1
6938,2
6939,1
6940,9
6941,1
6942,3
6943,2
6944,4
6945,3
6946,1
6947,1
6948,1
6949,2
6950,1
6951,3
6952,3
6953,1
6954,2
6955,5
6956,1
6957,3
6958,2
6959,4
6960,1
6961,4
6962,6
6963,5
6964,1
6965,1
6966,3
6967,4
6968,2
6969,2
6970,6
6971,2
6972,3
6973,7
6974,3
6975,1
6976,1
6977,1
6978,8
6979,4
6980,4
6981,3
6982,5
6983,5
6984,1
6985,2
6986,1
6987,1
6988,6
6989,3
6990,2
6991,1
6992,2
6993,2
6994,4
6995,1
6996,1
6997,2
6998,2
6999,4
7000,1
7001,3
7002,1
7003,1
7004,1
7005,1
7006,4
7007,1
7008,3
7009,1
7010,2
7011,1
7012,2
7013,2
7014,1
7015,5
7016,3
7017,2
7018,1
7019,2
7020,3
7021,1
7022,1
7023,5
7024,2
7025,6
7026,2
7027,2
7028,2
7029,2
7030,1
7031,1
7032,1
7033,5
7034,1
7035,6
7036,3
7037,3
7038,3
7039,5
7040,1
7041,1
7042,1
7043,2
7044,1
7045,1
7046,2
7047,2
7048,2
7049,1
7050,1
7051,1
7052,1
7053,2
7054,3
7055,3
7056,8
7057,2
7058,11
7059,1
7060,3
7061,1
7062,1
7063,2
7064,5
7065,2
7066,4
7067,2
7068,1
7069,3
7070,2
7071,1
7072,3
7073,1
7074,2
7075,3
7076,1
7077,1
7078,2
7079,1
7080,3
7081,5
7082,2
7083,2
7084,2
7085,7
7086,1
7087,3
7088,1
7089,4
7090,1
7091,1
7092,3
7093,6
7094,2
7095,3
7096,1
7097,1
7098,2
7099,1
7100,10
7101,2
7102,1
7103,1
7104,7
7105,1
7106,1
7107,7
7108,4
7109,3
7110,12
7111,1
7112,4
7113,6
7114,1
7115,2
7116,4
7117,2
7118,2
7119,1
7120,11
7121,1
7122,3
7123,3
7124,3
7125,11
7126,1
7127,1
7128,2
7129,2
7130,3
7131,3
7132,1
7133,2
7134,4
7135,1
7136,3
7137,1
7138,6
7139,1
7140,7
7141,1
7142,4
7143,2
7144,2
7145,4
7146,1
7147,4
7148,1
7149,3
7150,1
7151,5
7152,4
7153,3
7154,7
7155,1
7156,10
7157,2
7158,9
7159,3
7160,1
7161,3
7162,1
7163,3
7164,11
7165,3
7166,9
7167,1
7168,5
7169,2
7170,4
7171,8
7172,13
7173,2
7174,7
7175,4
7176,5
7177,1
7178,1
7179,10
7180,1
7181,1
7182,3
7183,3
7184,1
7185,6
7186,1
7187,4
7188,8
7189,3
7190,2
7191,3
7192,4
7193,5
7194,1
7195,1
7196,2
7197,2
7198,3
7199,1
7200,2
7201,11
7202,10
7203,3
7204,7
7205,8
7206,1
7207,4
7208,6
7209,2
7210,4
7211,9
7212,2
7213,3
7214,6
7215,4
7216,2
7217,10
7218,4
7219,1
7220,4
7221,11
7222,10
7223,1
7224,13
7225,1
7226,13
7227,4
7228,10
7229,4
7230,2
7231,1
7232,12
7233,1
7234,5
7235,1
7236,5
7237,4
7238,4
7239,2
7240,2
7241,1
7242,1
7243,8
7244,1
7245,2
7246,1
7247,1
7248,4
7249,2
7250,1
7251,2
7252,2
7253,3
7254,2
7255,11
7256,2
7257,3
7258,9
7259,2
7260,1
7261,2
7262,3
7263,2
7264,2
7265,2
7266,2
7267,2
7268,2
7269,1
7270,1
7271,1
7272,1
7273,3
7274,2
7275,4
7276,6
7277,1
7278,2
7279,5
7280,4
7281,4
7282,1
7283,1
7284,2
7285,2
7286,3
7287,1
7288,2
7289,9
7290,2
7291,1
7292,5
7293,1
7294,1
7295,4
7296,11
7297,1
7298,1
7299,2
7300,2
7301,1
7302,1
7303,1
7304,2
7305,4
7306,1
7307,1
7308,3
7309,1
7310,2
7311,2
7312,2
7313,2
7314,11
7315,1
7316,1
7317,1
7318,6
7319,1
7320,3
7321,4
7322,1
7323,3
7324,1
7325,2
7326,2
7327,5
7328,1
7329,3
7330,1
7331,3
7332,4
7333,4
7334,3
7335,2
7336,2
7337,1
7338,1
7339,2
7340,5
7341,2
7342,3
7343,3
7344,1
7345,3
7346,1
7347,4
7348,2
7349,1
7350,1
7351,2
7352,2
7353,2
7354,2
7355,2
7356,1
7357,1
7358,3
7359,2
7360,2
7361,6
7362,5
7363,16
7364,1
7365,6
7366,9
7367,2
7368,3
7369,4
7370,3
7371,7
7372,3
7373,2
7374,1
7375,1
7376,5
7377,3
7378,7
7379,2
7380,5
7381,4
7382,1
7383,4
7384,4
7385,2
7386,2
7387,1
7388,1
7389,3
7390,1
7391,6
7392,1
7393,2
7394,1
7395,1
7396,4
7397,3
7398,3
7399,1
7400,2
7401,1
7402,1
7403,3
7404,6
7405,5
7406,2
7407,2
7408,1
7409,5
7410,1
7411,3
7412,2
7413,3
7414,3
7415,5
7416,3
7417,1
7418,1
7419,7
7420,1
7421,5
7422,1
7423,2
7424,1
7425,2
7426,2
7427,1
7428,1
7429,1
7430,1
7431,1
7432,2
7433,2
7434,5
7435,1
7436,1
7437,2
7438,1
7439,1
7440,2
7441,9
7442,3
7443,3
7444,2
7445,1
7446,3
7447,1
7448,3
7449,1
7450,1
7451,4
7452,1
7453,5
7454,1
7455,1
7456,3
7457,1
7458,1
7459,1
7460,1
7461,1
7462,2
7463,1
7464,4
7465,1
7466,4
7467,2
7468,1
7469,3
7470,3
7471,1
7472,2
7473,10
7474,1
7475,1
7476,3
7477,1
7478,1
7479,2
7480,1
7481,1
7482,1
7483,1
7484,4
7485,5
7486,2
7487,1
7488,3
7489,3
7490,2
7491,2
7492,1
7493,2
7494,1
7495,1
7496,2
7497,1
7498,5
7499,6
7500,3
7501,1
7502,4
7503,8
7504,2
7505,3
7506,2
7507,1
7508,1
7509,3
7510,2
7511,6
7512,2
7513,5
7514,1
7515,1
7516,1
7517,6
7518,1
7519,1
7520,4
7521,1
7522,1
7523,1
7524,1
7525,2
7526,2
7527,3
7528,2
7529,1
7530,2
7531,1
7532,4
7533,1
7534,6
7535,5
7536,2
7537,3
7538,2
7539,2
7540,4
7541,4
7542,5
7543,2
7544,1
7545,2
7546,7
7547,1
7548,2
7549,1
7550,3
7551,3
7552,7
7553,14
7554,5
7555,3
7556,1
7557,7
7558,11
7559,6
7560,6
7561,2
7562,5
7563,3
7564,1
7565,6
7566,1
7567,4
7568,9
7569,1
7570,2
7571,2
7572,3
7573,6
7574,1
7575,6
7576,1
7577,2
7578,4
7579,1
7580,3
7581,1
7582,8
7583,1
7584,2
7585,4
7586,1
7587,4
7588,1
7589,2
7590,1
7591,1
7592,4
7593,1
7594,3
7595,2
7596,2
7597,3
7598,2
7599,1
7600,2
7601,4
7602,1
7603,5
7604,1
7605,7
7606,1
7607,1
7608,1
7609,1
7610,5
7611,3
7612,5
7613,2
7614,6
7615,3
7616,1
7617,2
7618,1
7619,7
7620,1
7621,1
7622,1
7623,1
7624,3
7625,1
7626,2
7627,1
7628,2
7629,2
7630,2
7631,2
7632,1
7633,1
7634,1
7635,2
7636,4
7637,4
7638,4
7639,1
7640,1
7641,2
7642,1
7643,3
7644,1
7645,2
7646,5
7647,1
7648,5
7649,2
7650,1
7651,1
7652,2
7653,3
7654,2
7655,1
7656,2
7657,2
7658,3
7659,1
7660,1
7661,1
7662,2
7663,1
7664,1
7665,2
7666,1
7667,3
7668,1
7669,2
7670,1
7671,1
7672,1
7673,2
7674,1
7675,2
7676,1
7677,4
7678,1
7679,1
7680,1
7681,2
7682,1
7683,2
7684,1
7685,1
7686,3
7687,1
7688,2
7689,1
7690,1
7691,1
7692,1
7693,1
7694,6
7695,1
7696,2
7697,2
7698,2
7699,2
7700,2
7701,1
7702,1
7703,4
7704,1
7705,4
7706,2
7707,2
7708,1
7709,4
7710,4
7711,1
7712,4
7713,1
7714,1
7715,1
7716,1
7717,2
7718,2
7719,2
7720,1
7721,3
7722,2
7723,1
7724,1
7725,2
7726,1
7727,1
7728,1
7729,2
7730,1
7731,3
7732,2
7733,2
7734,1
7735,2
7736,2
7737,1
7738,4
7739,1
7740,1
7741,1
7742,3
7743,2
7744,2
7745,2
7746,4
7747,1
7748,8
7749,2
7750,3
7751,1
7752,2
7753,1
7754,1
7755,1
7756,4
7757,1
7758,3
7759,1
7760,1
7761,1
7762,4
7763,2
7764,1
7765,2
7766,3
7767,2
7768,4
7769,6
7770,5
7771,1
7772,1
7773,1
7774,2
7775,1
7776,1
7777,1
7778,1
7779,1
7780,5
7781,2
7782,7
7783,3
7784,6
7785,1
7786,9
7787,1
7788,1
7789,2
7790,5
7791,5
7792,1
7793,1
7794,4
7795,2
7796,1
7797,2
7798,1
7799,2
7800,1
7801,1
7802,1
7803,1
7804,2
7805,4
7806,2
7807,1
7808,1
7809,2
7810,5
7811,1
7812,3
7813,2
7814,1
7815,1
7816,1
7817,1
7818,1
7819,1
7820,1
7821,2
7822,2
7823,1
7824,1
7825,1
7826,1
7827,2
7828,2
7829,3
7830,1
7831,2
7832,3
7833,1
7834,1
7835,1
7836,1
7837,2
7838,3
7839,5
7840,5
7841,3
7842,1
7843,2
7844,4
7845,4
7846,2
7847,1
7848,3
7849,2
7850,2
7851,1
7852,1
7853,2
7854,1
7855,1
7856,8
7857,2
7858,5
7859,1
7860,2
7861,2
7862,5
7863,1
7864,3
7865,3
7866,2
7867,4
7868,4
7869,1
7870,1
7871,1
7872,1
7873,2
7874,2
7875,4
7876,3
7877,2
7878,3
7879,1
7880,1
7881,2
7882,3
7883,2
7884,1
7885,1
7886,1
7887,1
7888,3
7889,1
7890,1
7891,1
7892,1
7893,3
7894,2
7895,1
7896,2
7897,1
7898,3
7899,4
7900,2
7901,2
7902,1
7903,1
7904,1
7905,1
7906,1
7907,1
7908,2
7909,3
7910,4
7911,6
7912,2
7913,2
7914,4
7915,3
7916,2
7917,1
7918,1
7919,1
7920,1
7921,2
7922,2
7923,1
7924,1
7925,1
7926,12
7927,1
7928,2
7929,2
7930,2
7931,1
7932,1
7933,4
7934,7
7935,3
7936,8
7937,4
7938,1
7939,1
7940,5
7941,6
7942,3
7943,5
7944,4
7945,6
7946,6
7947,2
7948,6
7949,1
7950,3
7951,1
7952,2
7953,1
7954,2
7955,1
7956,2
7957,1
7958,1
7959,2
7960,1
7961,1
7962,2
7963,2
7964,2
7965,7
7966,1
7967,2
7968,1
7969,2
7970,1
7971,3
7972,1
7973,1
7974,1
7975,1
7976,2
7977,1
7978,1
7979,3
7980,3
7981,1
7982,4
7983,2
7984,1
7985,2
7986,1
7987,1
7988,1
7989,4
7990,3
7991,1
7992,1
7993,1
7994,2
7995,1
7996,2
7997,2
7998,1
7999,1
8000,2
8001,2
8002,1
8003,3
8004,2
8005,1
8006,2
8007,2
8008,3
8009,1
8010,1
8011,3
8012,2
8013,2
8014,6
8015,2
8016,4
8017,8
8018,10
8019,3
8020,1
8021,1
8022,4
8023,1
8024,2
8025,1
8026,4
8027,2
8028,1
8029,1
8030,6
8031,2
8032,4
8033,6
8034,3
8035,2
8036,3
8037,2
8038,4
8039,2
8040,2
8041,2
8042,2
8043,3
8044,2
8045,1
8046,4
8047,1
8048,2
8049,1
8050,2
8051,4
8052,4
8053,1
8054,1
8055,2
8056,1
8057,4
8058,1
8059,3
8060,1
8061,1
8062,1
8063,1
8064,1
8065,5
8066,3
8067,2
8068,1
8069,1
8070,2
8071,2
8072,2
8073,2
8074,2
8075,4
8076,1
8077,1
8078,1
8079,6
8080,1
8081,6
8082,4
8083,5
8084,2
8085,9
8086,2
8087,3
8088,1
8089,6
8090,2
8091,1
8092,2
8093,2
8094,7
8095,2
8096,3
8097,3
8098,2
8099,1
8100,2
8101,3
8102,1
8103,1
8104,7
8105,10
8106,8
8107,6
8108,5
8109,4
8110,4
8111,2
8112,5
8113,3
8114,7
8115,1
8116,3
8117,2
8118,3
8119,1
8120,1
8121,2
8122,4
8123,1
8124,2
8125,1
8126,5
8127,3
8128,1
8129,1
8130,2
8131,1
8132,9
8133,2
8134,7
8135,1
8136,2
8137,1
8138,1
8139,3
8140,1
8141,3
8142,1
8143,1
8144,2
8145,2
8146,1
8147,4
8148,1
8149,4
8150,5
8151,6
8152,4
8153,1
8154,6
8155,7
8156,2
8157,1
8158,2
8159,2
8160,7
8161,2
8162,6
8163,1
8164,3
8165,6
8166,2
8167,4
8168,1
8169,5
8170,1
8171,2
8172,1
8173,3
8174,3
8175,8
8176,2
8177,1
8178,1
8179,7
8180,3
8181,1
8182,3
8183,3
8184,2
8185,5
8186,3
8187,5
8188,3
8189,1
8190,11
8191,8
8192,3
8193,1
8194,4
8195,4
8196,2
8197,1
8198,7
8199,2
8200,6
8201,6
8202,1
8203,3
8204,2
8205,1
8206,3
8207,7
8208,1
8209,2
8210,6
8211,3
8212,6
8213,1
8214,3
8215,1
8216,5
8217,1
8218,4
8219,3
8220,4
8221,1
8222,1
8223,1
8224,1
8225,3
8226,1
8227,5
8228,1
8229,1
8230,2
8231,1
8232,2
8233,3
8234,3
8235,5
8236,1
8237,2
8238,3
8239,5
8240,1
8241,2
8242,4
8243,1
8244,1
8245,1
8246,1
8247,3
8248,1
8249,1
8250,3
8251,1
8252,1
8253,3
8254,1
8255,2
8256,6
8257,1
8258,1
8259,1
8260,2
8261,3
8262,4
8263,1
8264,3
8265,1
8266,3
8267,1
8268,2
8269,2
8270,4
8271,2
8272,4
8273,3
8274,3
8275,2
8276,3
8277,1
8278,4
8279,3
8280,1
8281,2
8282,2
8283,2
8284,2
8285,1
8286,2
8287,1
8288,1
8289,1
8290,5
8291,2
8292,2
8293,3
8294,3
8295,1
8296,2
8297,1
8298,3
8299,2
8300,2
8301,1
8302,1
8303,2
8304,1
8305,1
8306,1
8307,1
8308,1
8309,1
8310,4
8311,2
8312,8
8313,1
8314,7
8315,4
8316,3
8317,2
8318,1
8319,8
8320,2
8321,3
8322,5
8323,5
8324,1
8325,1
8326,2
8327,2
8328,8
8329,5
8330,10
8331,3
8332,3
8333,3
8334,6
8335,2
8336,1
8337,9
8338,1
8339,2
8340,2
8341,2
8342,3
8343,2
8344,1
8345,3
8346,2
8347,2
8348,2
8349,3
8350,2
8351,2
8352,10
8353,4
8354,2
8355,5
8356,2
8357,4
8358,10
8359,8
8360,1
8361,3
8362,2
8363,2
8364,1
8365,2
8366,9
8367,3
8368,1
8369,2
8370,2
8371,3
8372,2
8373,1
8374,2
8375,5
8376,5
8377,2
8378,2
8379,7
8380,1
8381,5
8382,1
8383,2
8384,2
8385,3
8386,5
8387,4
8388,6
8389,1
8390,10
8391,1
8392,4
8393,1
8394,1
8395,4
8396,3
8397,1
8398,2
8399,1
8400,2
8401,1
8402,1
8403,3
8404,2
8405,1
8406,1
8407,1
8408,1
8409,5
8410,3
8411,1
8412,1
8413,1
8414,1
8415,7
8416,1
8417,2
8418,1
8419,1
8420,2
8421,1
8422,1
8423,1
8424,2
8425,3
8426,1
8427,2
8428,1
8429,1
8430,2
8431,1
8432,2
8433,2
8434,2
8435,2
8436,5
8437,1
8438,1
8439,3
8440,1
8441,1
8442,1
8443,2
8444,2
8445,2
8446,1
8447,4
8448,3
8449,1
8450,2
8451,1
8452,1
8453,1
8454,3
8455,1
8456,1
8457,1
8458,1
8459,2
8460,1
8461,1
8462,2
8463,2
8464,1
8465,5
8466,2
8467,2
8468,1
8469,1
8470,1
8471,1
8472,1
8473,1
8474,4
8475,4
8476,3
8477,1
8478,2
8479,6
8480,1
8481,2
8482,2
8483,2
8484,1
8485,1
8486,1
8487,1
8488,4
8489,4
8490,2
8491,1
8492,1
8493,1
8494,1
8495,3
8496,3
8497,4
8498,5
8499,2
8500,1
8501,1
8502,1
8503,1
8504,1
8505,1
8506,2
8507,3
8508,1
8509,5
8510,3
8511,3
8512,2
8513,2
8514,1
8515,3
8516,2
8517,1
8518,2
8519,4
8520,1
8521,1
8522,1
8523,3
8524,1
8525,4
8526,1
8527,1
8528,1
8529,3
8530,2
8531,1
8532,3
8533,8
8534,2
8535,1
8536,1
8537,2
8538,2
8539,1
8540,4
8541,3
8542,2
8543,2
8544,1
8545,3
8546,1
8547,2
8548,3
8549,1
8550,1
8551,2
8552,2
8553,1
8554,1
8555,1
8556,1
8557,2
8558,1
8559,1
8560,1
8561,2
8562,1
8563,2
8564,1
8565,1
8566,3
8567,3
8568,2
8569,1
8570,1
8571,2
8572,2
8573,4
8574,1
8575,3
8576,1
8577,1
8578,3
8579,3
8580,1
8581,1
8582,1
8583,1
8584,4
8585,1
8586,1
8587,1
8588,2
8589,1
8590,1
8591,2
8592,3
8593,1
8594,2
8595,2
8596,2
8597,1
8598,1
8599,1
8600,4
8601,2
8602,3
8603,1
8604,1
8605,1
8606,1
8607,2
8608,1
8609,2
8610,1
8611,1
8612,2
8613,4
8614,2
8615,1
8616,4
8617,1
8618,2
8619,2
8620,4
8621,5
8622,2
8623,5
8624,1
8625,2
8626,5
8627,1
8628,1
8629,7
8630,1
8631,1
8632,2
8633,1
8634,4
8635,1
8636,2
8637,5
8638,3
8639,1
8640,2
8641,4
8642,7
8643,4
8644,1
8645,1
8646,1
8647,2
8648,3
8649,8
8650,2
8651,1
8652,4
8653,2
8654,1
8655,1
8656,4
8657,2
8658,8
8659,3
8660,1
8661,2
8662,1
8663,2
8664,3
8665,1
8666,3
8667,5
8668,2
8669,1
8670,4
8671,4
8672,5
8673,5
8674,2
8675,3
8676,4
8677,1
8678,1
8679,7
8680,3
8681,1
8682,2
8683,2
8684,1
8685,3
8686,1
8687,1
8688,1
8689,2
8690,1
8691,7
8692,3
8693,1
8694,1
8695,5
8696,4
8697,1
8698,3
8699,5
8700,2
8701,1
8702,10
8703,2
8704,1
8705,4
8706,9
8707,4
8708,5
8709,1
8710,4
8711,1
8712,1
8713,3
8714,3
8715,5
8716,2
8717,2
8718,8
8719,3
8720,5
8721,3
8722,3
8723,1
8724,1
8725,5
8726,4
8727,7
8728,2
8729,1
8730,7
8731,3
8732,6
8733,3
8734,19
8735,13
8736,5
8737,13
8738,8
8739,2
8740,3
8741,4
8742,12
8743,3
8744,4
8745,3
8746,2
8747,7
8748,4
8749,2
8750,10
8751,1
8752,11
8753,4
8754,13
8755,7
8756,5
8757,5
8758,8
8759,1
8760,7
8761,2
8762,10
8763,2
8764,3
8765,5
8766,7
8767,3
8768,4
8769,4
8770,2
8771,2
8772,3
8773,3
8774,2
8775,4
8776,1
8777,2
8778,4
8779,3
8780,1
8781,2
8782,2
8783,11
8784,5
8785,1
8786,9
8787,8
8788,5
8789,3
8790,4
8791,4
8792,2
8793,7
8794,4
8795,4
8796,2
8797,8
8798,2
8799,2
8800,2
8801,2
8802,11
8803,3
8804,1
8805,6
8806,3
8807,2
8808,2
8809,3
8810,4
8811,5
8812,5
8813,3
8814,6
8815,5
8816,1
8817,2
8818,3
8819,4
8820,6
8821,2
8822,2
8823,6
8824,4
8825,8
8826,4
8827,2
8828,1
8829,8
8830,1
8831,3
8832,2
8833,7
8834,12
8835,13
8836,1
8837,6
8838,3
8839,10
8840,5
8841,4
8842,2
8843,7
8844,1
8845,1
8846,4
8847,2
8848,4
8849,1
8850,7
8851,5
8852,1
8853,1
8854,1
8855,3
8856,3
8857,3
8858,4
8859,3
8860,16
8861,1
8862,6
8863,1
8864,9
8865,3
8866,3
8867,5
8868,11
8869,2
8870,2
8871,4
8872,7
8873,8
8874,1
8875,4
8876,2
8877,7
8878,1
8879,1
8880,3
8881,7
8882,2
8883,2
8884,3
8885,2
8886,3
8887,1
8888,3
8889,3
8890,1
8891,2
8892,2
8893,2
8894,4
8895,2
8896,3
8897,1
8898,5
8899,2
8900,6
8901,7
8902,2
8903,3
8904,1
8905,2
8906,2
8907,3
8908,2
8909,1
8910,2
8911,6
8912,5
8913,2
8914,4
8915,2
8916,2
8917,3
8918,1
8919,4
8920,1
8921,1
8922,4
8923,3
8924,6
8925,2
8926,2
8927,6
8928,3
8929,3
8930,2
8931,1
8932,3
8933,1
8934,4
8935,2
8936,8
8937,1
8938,2
8939,5
8940,2
8941,3
8942,1
8943,1
8944,4
8945,6
8946,9
8947,2
8948,4
8949,1
8950,1
8951,4
8952,1
8953,3
8954,2
8955,2
8956,1
8957,5
8958,1
8959,3
8960,2
8961,1
8962,8
8963,5
8964,1
8965,1
8966,13
8967,7
8968,4
8969,9
8970,1
8971,1
8972,2
8973,1
8974,2
8975,7
8976,1
8977,1
8978,1
8979,2
8980,6
8981,1
8982,1
8983,2
8984,5
8985,2
8986,1
8987,1
8988,4
8989,5
8990,2
8991,1
8992,1
8993,4
8994,1
8995,1
8996,1
8997,1
8998,1
8999,1
9000,5
9001,6
9002,3
9003,3
9004,7
9005,2
9006,1
9007,1
9008,2
9009,7
9010,1
9011,2
9012,4
9013,2
9014,1
9015,6
9016,1
9017,1
9018,1
9019,3
9020,1
9021,9
9022,2
9023,2
9024,1
9025,11
9026,1
9027,2
9028,7
9029,2
9030,4
9031,2
9032,1
9033,2
9034,2
9035,3
9036,2
9037,1
9038,1
9039,3
9040,1
9041,2
9042,4
9043,1
9044,1
9045,1
9046,1
9047,4
9048,3
9049,2
9050,1
9051,1
9052,2
9053,4
9054,2
9055,2
9056,2
9057,5
9058,3
9059,1
9060,2
9061,2
9062,3
9063,5
9064,2
9065,3
9066,2
9067,1
9068,2
9069,3
9070,5
9071,2
9072,3
9073,5
9074,1
9075,3
9076,3
9077,1
9078,11
9079,3
9080,1
9081,4
9082,4
9083,2
9084,5
9085,4
9086,7
9087,6
9088,1
9089,1
9090,1
9091,1
9092,2
9093,3
9094,4
9095,2
9096,13
9097,1
9098,3
9099,1
9100,2
9101,2
9102,5
9103,4
9104,7
9105,1
9106,2
9107,1
9108,2
9109,2
9110,1
9111,10
9112,2
9113,1
9114,2
9115,3
9116,5
9117,4
9118,2
9119,6
9120,5
9121,7
9122,1
9123,7
9124,1
9125,9
9126,12
9127,7
9128,2
9129,3
9130,3
9131,4
9132,1
9133,6
9134,15
9135,8
9136,11
9137,1
9138,2
9139,7
9140,4
9141,8
9142,4
9143,1
9144,2
9145,2
9146,3
9147,4
9148,1
9149,2
9150,1
9151,7
9152,8
9153,3
9154,12
9155,12
9156,7
9157,2
9158,2
9159,6
9160,2
9161,1
9162,1
9163,4
9164,1
9165,2
9166,3
9167,4
9168,22
9169,3
9170,5
9171,9
9172,3
9173,4
9174,12
9175,6
9176,3
9177,1
9178,1
9179,9
9180,3
9181,2
9182,12
9183,8
9184,15
9185,2
9186,8
9187,4
9188,9
9189,3
9190,14
9191,1
9192,17
9193,1
9194,3
9195,1
9196,5
9197,2
9198,5
9199,1
9200,2
9201,1
9202,5
9203,5
9204,2
9205,6
9206,1
9207,9
9208,2
9209,2
9210,2
9211,3
9212,4
9213,6
9214,3
9215,6
9216,1
9217,1
9218,2
9219,1
9220,2
9221,6
9222,15
9223,1
9224,19
9225,16
9226,2
9227,3
9228,7
9229,2
9230,6
9231,3
9232,6
9233,1
9234,1
9235,4
9236,3
9237,2
9238,2
9239,4
9240,2
9241,19
9242,12
9243,28
9244,2
9245,3
9246,10
9247,6
9248,3
9249,23
9250,8
9251,3
9252,7
9253,20
9254,4
9255,1
9256,9
9257,5
9258,25
9259,3
9260,4
9261,3
9262,1
9263,12
9264,22
9265,1
9266,1
9267,11
9268,6
9269,15
9270,37
9271,5
9272,6
9273,25
9274,10
9275,1
9276,9
9277,4
9278,2
9279,8
9280,8
9281,4
9282,7
9283,3
9284,7
9285,14
9286,19
9287,19
9288,9
9289,3
9290,4
9291,24
9292,5
9293,5
9294,3
9295,3
9296,18
9297,13
9298,1
9299,17
9300,11
9301,30
9302,7
9303,32
9304,26
9305,3
9306,11
9307,2
9308,2
9309,5
9310,15
9311,6
9312,27
9313,3
9314,2
9315,2
9316,9
9317,1
9318,33
9319,53
9320,6
9321,7
9322,7
9323,11
9324,1
9325,13
9326,16
9327,6
9328,9
9329,3
9330,24
9331,4
9332,3
9333,3
9334,26
9335,6
9336,1
9337,20
9338,23
9339,1
9340,23
9341,5
9342,2
9343,10
9344,1
9345,4
9346,23
9347,5
9348,6
9349,4
9350,10
9351,9
9352,11
9353,5
9354,30
9355,10
9356,18
9357,11
9358,16
9359,3
9360,14
9361,13
9362,4
9363,8
9364,7
9365,4
9366,3
9367,6
9368,4
9369,12
9370,3
9371,1
9372,21
9373,7
9374,1
9375,5
9376,8
9377,14
9378,11
9379,7
9380,6
9381,11
9382,8
9383,21
9384,10
9385,1
9386,2
9387,16
9388,4
9389,7
9390,2
9391,28
9392,30
9393,3
9394,1
9395,22
9396,10
9397,4
9398,7
9399,9
9400,2
9401,4
9402,29
9403,8
9404,40
9405,11
9406,22
9407,2
9408,3
9409,5
9410,17
9411,2
9412,1
9413,13
9414,11
9415,11
9416,3
9417,4
9418,5
9419,34
9420,46
9421,11
9422,6
9423,15
9424,41
9425,6
9426,2
9427,10
9428,2
9429,20
9430,5
9431,2
9432,4
9433,2
9434,10
9435,4
9436,31
9437,7
9438,18
9439,20
9440,55
9441,7
9442,9
9443,6
9444,31
9445,3
9446,36
9447,45
9448,13
9449,5
9450,9
9451,4
9452,12
9453,14
9454,3
9455,3
9456,9
9457,16
9458,4
9459,3
9460,27
9461,21
9462,35
9463,2
9464,8
9465,22
9466,43
9467,10
9468,25
9469,20
9470,17
9471,13
9472,27
9473,5
9474,33
9475,4
9476,2
9477,2
9478,31
9479,34
9480,10
9481,26
9482,9
9483,13
9484,9
9485,9
9486,3
9487,38
9488,15
9489,2
9490,1
9491,8
9492,5
9493,34
9494,13
9495,3
9496,4
9497,34
9498,4
9499,15
9500,2
9501,11
9502,16
9503,8
9504,22
9505,16
9506,2
9507,21
9508,1
9509,11
9510,2
9511,1
9512,10
9513,16
9514,6
9515,4
9516,22
9517,3
9518,2
9519,16
9520,3
9521,1
9522,11
9523,3
9524,2
9525,4
9526,16
9527,7
9528,2
9529,1
9530,4
9531,5
9532,16
9533,7
9534,1
9535,22
9536,5
9537,26
9538,8
9539,2
9540,1
9541,1
9542,15
9543,1
9544,11
9545,3
9546,5
9547,6
9548,14
9549,3
9550,7
9551,8
9552,3
9553,6
9554,8
9555,8
9556,3
9557,7
9558,3
9559,2
9560,10
9561,3
9562,7
9563,4
9564,4
9565,1
9566,28
9567,11
9568,12
9569,3
9570,1
9571,1
9572,4
9573,15
9574,8
9575,5
9576,4
9577,6
9578,5
9579,8
9580,1
9581,10
9582,5
9583,6
9584,5
9585,3
9586,1
9587,3
9588,2
9589,8
9590,13
9591,7
9592,3
9593,1
9594,1
9595,2
9596,3
9597,2
9598,2
9599,8
9600,2
9601,6
9602,5
9603,1
9604,5
9605,2
9606,1
9607,2
9608,3
9609,2
9610,1
9611,6
9612,1
9613,1
9614,1
9615,8
9616,2
9617,3
9618,6
9619,2
9620,4
9621,8
9622,3
9623,3
9624,1
9625,2
9626,5
9627,7
9628,10
9629,2
9630,1
9631,2
9632,1
9633,2
9634,1
9635,5
9636,2
9637,8
9638,2
9639,4
9640,4
9641,2
9642,3
9643,1
9644,3
9645,3
9646,2
9647,2
9648,1
9649,2
9650,4
9651,1
9652,1
9653,6
9654,3
9655,3
9656,8
9657,3
9658,1
9659,1
9660,2
9661,1
9662,4
9663,2
9664,1
9665,2
9666,1
9667,9
9668,2
9669,1
9670,1
9671,2
9672,5
9673,1
9674,2
9675,2
9676,2
9677,1
9678,15
9679,2
9680,4
9681,1
9682,13
9683,1
9684,2
9685,1
9686,8
9687,1
9688,2
9689,3
9690,1
9691,3
9692,6
9693,5
9694,1
9695,4
9696,2
9697,1
9698,6
9699,2
9700,2
9701,6
9702,6
9703,1
9704,1
9705,1
9706,1
9707,5
9708,4
9709,2
9710,2
9711,1
9712,4
9713,3
9714,1
9715,3
9716,4
9717,6
9718,3
9719,2
9720,1
9721,3
9722,2
9723,10
9724,3
9725,1
9726,5
9727,6
9728,2
9729,2
9730,6
9731,2
9732,2
9733,5
9734,6
9735,1
9736,1
9737,1
9738,2
9739,1
9740,1
9741,3
9742,9
9743,3
9744,4
9745,8
9746,2
9747,6
9748,1
9749,5
9750,2
9751,3
9752,6
9753,1
9754,1
9755,2
9756,2
9757,6
9758,4
9759,2
9760,1
9761,4
9762,2
9763,1
9764,4
9765,2
9766,3
9767,2
9768,2
9769,3
9770,6
9771,1
9772,1
9773,2
9774,10
9775,2
9776,3
9777,2
9778,4
9779,3
9780,1
9781,1
9782,3
9783,1
9784,1
9785,1
9786,2
9787,2
9788,1
9789,4
9790,2
9791,3
9792,2
9793,1
9794,3
9795,2
9796,4
9797,2
9798,4
9799,1
9800,1
9801,1
9802,6
9803,1
9804,4
9805,5
9806,2
9807,2
9808,4
9809,9
9810,1
9811,1
9812,6
9813,5
9814,1
9815,1
9816,1
9817,1
9818,2
9819,2
9820,2
9821,1
9822,2
9823,2
9824,2
9825,4
9826,4
9827,1
9828,1
9829,3
9830,1
9831,4
9832,1
9833,3
9834,1
9835,1
9836,2
9837,3
9838,3
9839,2
9840,2
9841,4
9842,3
9843,2
9844,3
9845,1
9846,3
9847,8
9848,8
9849,4
9850,1
9851,1
9852,1
9853,2
9854,1
9855,1
9856,2
9857,2
9858,1
9859,2
9860,2
9861,2
9862,5
9863,5
9864,2
9865,5
9866,2
9867,2
9868,3
9869,13
9870,2
9871,7
9872,17
9873,3
9874,2
9875,6
9876,5
9877,1
9878,2
9879,3
9880,1
9881,3
9882,1
9883,1
9884,4
9885,1
9886,1
9887,3
9888,1
9889,1
9890,1
9891,1
9892,2
9893,2
9894,2
9895,3
9896,3
9897,8
9898,2
9899,1
9900,3
9901,1
9902,1
9903,2
9904,1
9905,2
9906,2
9907,2
9908,2
9909,2
9910,4
9911,1
9912,4
9913,3
9914,1
9915,4
9916,1
9917,2
9918,1
9919,4
9920,2
9921,4
9922,6
9923,2
9924,1
9925,2
9926,2
9927,1
9928,1
9929,1
9930,2
9931,2
9932,2
9933,4
9934,2
9935,2
9936,6
9937,4
9938,4
9939,4
9940,3
9941,1
9942,3
9943,4
9944,1
9945,8
9946,4
9947,1
9948,4
9949,3
9950,2
9951,1
9952,1
9953,8
9954,2
9955,4
9956,3
9957,4
9958,7
9959,7
9960,2
9961,2
9962,6
9963,2
9964,3
9965,2
9966,8
9967,5
9968,2
9969,2
9970,2
9971,2
9972,3
9973,4
9974,3
9975,2
9976,4
9977,3
9978,1
9979,3
9980,4
9981,1
9982,3
9983,2
9984,1
9985,10
9986,3
9987,2
9988,4
9989,2
9990,12
9991,1
9992,5
9993,1
9994,3
9995,3
9996,2
9997,4
9998,1
9999,2
10000,1
10001,4
10002,1
10003,1
10004,2
10005,2
10006,5
10007,3
10008,7
10009,2
10010,5
10011,2
10012,6
10013,2
10014,5
10015,3
10016,3
10017,3
10018,1
10019,5
10020,1
10021,4
10022,2
10023,11
10024,1
10025,2
10026,9
10027,11
10028,6
10029,1
10030,11
10031,8
10032,5
10033,5
10034,4
10035,6
10036,10
10037,2
10038,20
10039,5
10040,6
10041,3
10042,9
10043,8
10044,8
10045,1
10046,6
10047,4
10048,8
10049,10
10050,11
10051,1
10052,3
10053,7
10054,1
10055,1
10056,7
10057,4
10058,6
10059,1
10060,2
10061,1
10062,3
10063,2
10064,1
10065,7
10066,2
10067,3
10068,4
10069,3
10070,3
10071,1
10072,5
10073,3
10074,2
10075,10
10076,4
10077,1
10078,3
10079,7
10080,4
10081,5
10082,1
10083,1
10084,18
10085,9
10086,2
10087,1
10088,3
10089,9
10090,1
10091,1
10092,1
10093,2
10094,4
10095,5
10096,5
10097,6
10098,3
10099,4
10100,2
10101,2
10102,1
10103,3
10104,12
10105,1
10106,6
10107,1
10108,1
10109,6
10110,2
10111,2
10112,1
10113,9
10114,4
10115,6
10116,1
10117,1
10118,5
10119,3
10120,15
10121,1
10122,3
10123,10
10124,8
10125,2
10126,1
10127,2
10128,3
10129,2
10130,5
10131,2
10132,2
10133,3
10134,1
10135,4
10136,6
10137,2
10138,3
10139,5
10140,5
10141,9
10142,6
10143,4
10144,3
10145,2
10146,1
10147,2
10148,5
10149,1
10150,2
10151,1
10152,1
10153,1
10154,1
10155,7
10156,7
10157,1
10158,5
10159,1
10160,8
10161,1
10162,10
10163,11
10164,2
10165,2
10166,2
10167,2
10168,1
10169,1
10170,2
10171,7
10172,6
10173,1
10174,2
10175,3
10176,12
10177,3
10178,3
10179,8
10180,1
10181,7
10182,10
10183,1
10184,2
10185,3
10186,2
10187,3
10188,4
10189,2
10190,1
10191,1
10192,1
10193,12
10194,9
10195,5
10196,11
10197,8
10198,1
10199,2
10200,3
10201,10
10202,6
10203,4
10204,5
10205,1
10206,3
10207,1
10208,1
10209,3
10210,4
10211,1
10212,3
10213,5
10214,4
10215,5
10216,1
10217,4
10218,1
10219,2
10220,6
10221,6
10222,2
10223,2
10224,3
10225,4
10226,9
10227,6
10228,1
10229,7
10230,5
10231,2
10232,4
10233,4
10234,7
10235,2
10236,5
10237,2
10238,4
10239,6
10240,2
10241,4
10242,1
10243,2
10244,4
10245,10
10246,1
10247,1
10248,6
10249,5
10250,2
10251,12
10252,1
10253,2
10254,2
10255,6
10256,2
10257,5
10258,1
10259,5
10260,7
10261,8
10262,5
10263,1
10264,4
10265,7
10266,2
10267,2
10268,4
10269,3
10270,3
10271,3
10272,3
10273,6
10274,1
10275,4
10276,8
10277,2
10278,1
10279,2
10280,11
10281,9
10282,16
10283,6
10284,2
10285,5
10286,4
10287,3
10288,3
10289,1
10290,12
10291,4
10292,6
10293,1
10294,2
10295,1
10296,3
10297,10
10298,1
10299,8
10300,4
10301,13
10302,3
10303,6
10304,8
10305,4
10306,1
10307,1
10308,4
10309,1
10310,1
10311,1
10312,1
10313,3
10314,7
10315,2
10316,1
10317,8
10318,4
10319,3
10320,2
10321,9
10322,4
10323,1
10324,9
10325,19
10326,6
10327,4
10328,4
10329,3
10330,1
10331,8
10332,1
10333,10
10334,9
10335,13
10336,13
10337,2
10338,3
10339,11
10340,1
10341,5
10342,3
10343,11
10344,1
10345,20
10346,7
10347,2
10348,3
10349,3
10350,36
10351,4
10352,3
10353,1
10354,2
10355,16
10356,7
10357,11
10358,9
10359,1
10360,2
10361,7
10362,8
10363,3
10364,5
10365,2
10366,5
10367,2
10368,2
10369,9
10370,1
10371,14
10372,6
10373,6
10374,1
10375,7
10376,8
10377,2
10378,7
10379,2
10380,5
10381,3
10382,30
10383,6
10384,3
10385,2
10386,14
10387,2
10388,23
10389,1
10390,12
10391,19
10392,4
10393,1
10394,6
10395,11
10396,7
10397,10
10398,10
10399,12
10400,1
10401,4
10402,5
10403,6
10404,2
10405,7
10406,5
10407,20
10408,11
10409,1
10410,2
10411,3
10412,4
10413,5
10414,2
10415,1
10416,6
10417,3
10418,8
10419,1
10420,2
10421,1
10422,7
10423,24
10424,3
10425,10
10426,34
10427,4
10428,8
10429,10
10430,12
10431,1
10432,7
10433,19
10434,10
10435,10
10436,4
10437,6
10438,14
10439,4
10440,7
10441,3
10442,15
10443,18
10444,1
10445,22
10446,3
10447,3
10448,1
10449,16
10450,1
10451,19
10452,1
10453,12
10454,3
10455,2
10456,6
10457,13
10458,15
10459,9
10460,3
10461,22
10462,5
10463,8
10464,3
10465,1
10466,6
10467,4
10468,2
10469,7
10470,11
10471,19
10472,4
10473,2
10474,4
10475,5
10476,4
10477,9
10478,13
10479,14
10480,22
10481,19
10482,10
10483,25
10484,31
10485,35
10486,4
10487,8
10488,3
10489,13
10490,8
10491,3
10492,22
10493,5
10494,3
10495,2
10496,17
10497,23
10498,2
10499,15
10500,40
10501,16
10502,26
10503,2
10504,1
10505,10
10506,11
10507,6
10508,13
10509,3
10510,1
10511,3
10512,1
10513,13
10514,5
10515,17
10516,4
10517,3
10518,3
10519,10
10520,9
10521,6
10522,12
10523,37
10524,26
10525,14
10526,15
10527,19
10528,7
10529,9
10530,13
10531,2
10532,37
10533,15
10534,11
10535,7
10536,9
10537,21
10538,3
10539,7
10540,19
10541,1
10542,8
10543,5
10544,2
10545,13
10546,6
10547,3
10548,8
10549,11
10550,4
10551,5
10552,17
10553,36
10554,13
10555,1
10556,4
10557,12
10558,32
10559,5
10560,17
10561,5
10562,11
10563,5
10564,1
10565,11
10566,9
10567,2
10568,7
10569,39
10570,9
10571,4
10572,10
10573,28
10574,7
10575,23
10576,29
10577,6
10578,5
10579,2
10580,20
10581,1
10582,55
10583,12
10584,7
10585,45
10586,3
10587,20
10588,24
10589,24
10590,13
10591,17
10592,4
10593,3
10594,17
10595,2
10596,14
10597,1
10598,9
10599,19
10600,2
10601,13
10602,8
10603,13
10604,18
10605,22
10606,1
10607,7
10608,3
10609,9
10610,6
10611,5
10612,10
10613,3
10614,2
10615,14
10616,10
10617,11
10618,17
10619,10
10620,1
10621,2
10622,5
10623,6
10624,3
10625,11
10626,5
10627,1
10628,1
10629,25
10630,6
10631,6
10632,5
10633,1
10634,29
10635,32
10636,3
10637,12
10638,6
10639,11
10640,9
10641,5
10642,14
10643,3
10644,4
10645,3
10646,11
10647,5
10648,10
10649,18
10650,10
10651,5
10652,3
10653,7
10654,14
10655,10
10656,3
10657,6
10658,3
10659,6
10660,10
10661,21
10662,4
10663,2
10664,5
10665,1
10666,7
10667,1
10668,8
10669,1
10670,1
10671,16
10672,6
10673,8
10674,1
10675,5
10676,5
10677,1
10678,10
10679,5
10680,5
10681,2
10682,1
10683,4
10684,3
10685,1
10686,1
10687,3
10688,1
10689,1
10690,2
10691,2
10692,1
10693,1
10694,1
10695,1
10696,1
10697,1
10698,1
10699,1
10700,2
10701,2
10702,2
10703,2
10704,2
10705,3
10706,1
10707,1
10708,3
10709,4
10710,2
10711,5
10712,1
10713,12
10714,3
10715,2
10716,3
10717,2
10718,1
10719,2
10720,3
10721,6
10722,2
10723,4
10724,2
10725,2
10726,1
10727,4
10728,3
10729,2
10730,6
10731,1
10732,4
10733,7
10734,4
10735,5
10736,1
10737,2
10738,1
10739,5
10740,5
10741,3
10742,1
10743,3
10744,1
10745,2
10746,3
10747,1
10748,3
10749,4
10750,1
10751,1
10752,6
10753,1
10754,1
10755,2
10756,1
10757,1
10758,1
10759,2
10760,1
10761,1
10762,1
10763,4
10764,1
10765,1
10766,1
10767,1
10768,1
10769,3
10770,1
10771,1
10772,5
10773,3
10774,1
10775,1
10776,1
10777,1
10778,2
10779,1
10780,4
10781,1
10782,2
10783,1
10784,2
10785,1
10786,1
10787,1
10788,1
10789,1
10790,1
10791,2
10792,2
10793,1
10794,4
10795,1
10796,1
10797,1
10798,1
10799,3
10800,2
