1,7
2,1
3,9
4,1
5,1
6,11
7,3
8,7
9,1
10,2
11,1
12,2
13,1
14,3
15,1
16,5
17,5
18,2
19,3
20,2
21,1
22,4
23,2
24,2
25,4
26,1
27,7
28,1
29,1
30,3
31,4
32,5
33,2
34,3
35,2
36,5
37,9
38,3
39,4
40,3
41,5
42,4
43,1
44,1
45,1
46,6
47,3
48,7
49,7
50,1
51,6
52,10
53,7
54,3
55,2
56,2
57,19
58,7
59,2
60,2
61,6
62,3
63,2
64,5
65,5
66,3
67,7
68,9
69,10
70,2
71,10
72,1
73,1
74,4
75,1
76,4
77,10
78,2
79,2
80,1
81,7
82,3
83,2
84,5
85,3
86,1
87,6
88,5
89,4
90,3
91,9
92,3
93,3
94,3
95,3
96,1
97,8
98,2
99,3
100,1
101,3
102,9
103,1
104,6
105,4
106,6
107,1
108,1
109,3
110,3
111,6
112,2
113,4
114,2
115,5
116,7
117,1
118,11
119,5
120,2
121,2
122,5
123,3
124,6
125,1
126,7
127,3
128,2
129,1
130,10
131,7
132,1
133,9
134,2
135,5
136,2
137,1
138,1
139,3
140,2
141,2
142,2
143,2
144,2
145,3
146,2
147,11
148,3
149,2
150,1
151,6
152,1
153,10
154,1
155,1
156,3
157,2
158,1
159,2
160,1
161,7
162,2
163,1
164,4
165,7
166,3
167,5
168,4
169,2
170,2
171,2
172,5
173,10
174,8
175,7
176,8
177,1
178,1
179,3
180,12
181,5
182,1
183,3
184,1
185,1
186,8
187,1
188,7
189,16
190,3
191,2
192,3
193,5
194,5
195,1
196,1
197,1
198,6
199,7
200,2
201,1
202,2
203,9
204,1
205,4
206,5
207,2
208,2
209,1
210,3
211,1
212,4
213,3
214,5
215,4
216,1
217,1
218,2
219,10
220,4
221,3
222,7
223,3
224,5
225,3
226,2
227,2
228,14
229,5
230,1
231,3
232,2
233,5
234,5
235,1
236,4
237,3
238,2
239,5
240,5
241,4
242,7
243,11
244,9
245,8
246,1
247,4
248,3
249,2
250,8
251,1
252,11
253,4
254,3
255,12
256,4
257,12
258,7
259,3
260,7
261,10
262,4
263,14
264,6
265,1
266,3
267,4
268,1
269,7
270,4
271,4
272,11
273,6
274,2
275,2
276,9
277,1
278,6
279,1
280,2
281,3
282,2
283,12
284,2
285,1
286,7
287,1
288,12
289,2
290,3
291,5
292,7
293,2
294,16
295,3
296,4
297,1
298,3
299,2
300,2
301,3
302,2
303,3
304,3
305,2
306,4
307,5
308,1
309,3
310,5
311,1
312,13
313,3
314,7
315,3
316,1
317,2
318,6
319,3
320,2
321,5
322,1
323,14
324,1
325,2
326,1
327,4
328,4
329,1
330,2
331,1
332,1
333,6
334,2
335,4
336,5
337,4
338,8
339,3
340,8
341,2
342,1
343,2
344,1
345,2
346,4
347,2
348,8
349,6
350,11
351,1
352,1
353,5
354,7
355,6
356,6
357,9
358,14
359,3
360,2
361,2
362,2
363,4
364,3
365,5
366,1
367,1
368,2
369,1
370,7
371,6
372,2
373,3
374,4
375,3
376,3
377,10
378,2
379,7
380,2
381,1
382,2
383,7
384,5
385,1
386,5
387,2
388,8
389,5
390,2
391,5
392,1
393,5
394,1
395,7
396,1
397,4
398,12
399,1
400,1
401,3
402,1
403,8
404,2
405,2
406,1
407,1
408,1
409,3
410,1
411,3
412,7
413,11
414,6
415,2
416,7
417,2
418,6
419,2
420,2
421,5
422,9
423,4
424,2
425,1
426,4
427,1
428,11
429,6
430,1
431,12
432,8
433,2
434,3
435,2
436,6
437,2
438,2
439,1
440,5
441,1
442,4
443,3
444,2
445,5
446,3
447,1
448,9
449,1
450,14
451,1
452,5
453,6
454,5
455,7
456,6
457,8
458,3
459,2
460,11
461,1
462,3
463,1
464,4
465,1
466,6
467,4
468,2
469,1
470,1
471,1
472,1
473,1
474,3
475,1
476,5
477,2
478,1
479,4
480,7
481,3
482,8
483,5
484,3
485,1
486,7
487,8
488,3
489,6
490,1
491,1
492,2
493,3
494,1
495,7
496,1
497,7
498,5
499,2
500,1
501,11
502,3
503,2
504,13
505,4
506,3
507,1
508,6
509,3
510,4
511,6
512,1
513,6
514,3
515,10
516,13
517,5
518,2
519,2
520,3
521,3
522,1
523,1
524,6
525,1
526,3
527,1
528,3
529,1
530,2
531,2
532,7
533,2
534,12
535,2
536,1
537,3
538,2
539,5
540,8
541,6
542,1
543,1
544,2
545,2
546,3
547,3
548,2
549,11
550,11
551,7
552,2
553,11
554,1
555,1
556,7
557,1
558,3
559,3
560,1
561,12
562,2
563,6
564,4
565,1
566,1
567,1
568,4
569,4
570,3
571,2
572,8
573,2
574,1
575,10
576,6
577,2
578,3
579,2
580,3
581,4
582,1
583,1
584,3
585,2
586,2
587,5
588,8
589,4
590,1
591,2
592,1
593,4
594,1
595,1
596,2
597,6
598,3
599,1
600,4
601,4
602,2
603,4
604,1
605,3
606,3
607,4
608,1
609,3
610,2
611,1
612,1
613,1
614,4
615,4
616,12
617,2
618,3
619,1
620,1
621,1
622,4
623,4
624,2
625,4
626,4
627,6
628,4
629,2
630,8
631,3
632,11
633,1
634,9
635,6
636,4
637,6
638,7
639,4
640,4
641,1
642,7
643,1
644,2
645,10
646,16
647,3
648,7
649,2
650,4
651,4
652,6
653,4
654,9
655,7
656,1
657,6
658,1
659,4
660,2
661,8
662,1
663,1
664,21
665,2
666,7
667,14
668,12
669,1
670,6
671,10
672,5
673,3
674,14
675,15
676,10
677,37
678,10
679,4
680,22
681,9
682,3
683,5
684,10
685,4
686,3
687,4
688,2
689,1
690,5
691,5
692,1
693,6
694,1
695,13
696,6
697,23
698,7
699,2
700,7
701,5
702,4
703,5
704,4
705,6
706,12
707,7
708,1
709,3
710,1
711,2
712,7
713,1
714,18
715,4
716,18
717,6
718,4
719,6
720,3
721,1
722,6
723,1
724,3
725,6
726,9
727,10
728,4
729,2
730,5
731,2
732,13
733,5
734,3
735,1
736,4
737,8
738,5
739,2
740,10
741,5
742,2
743,4
744,1
745,5
746,3
747,16
748,1
749,4
750,7
751,2
752,3
753,4
754,3
755,2
756,1
757,1
758,4
759,1
760,1
761,1
762,1
763,1
764,11
765,4
766,5
767,4
768,1
769,1
770,2
771,7
772,1
773,6
774,5
775,5
776,1
777,2
778,4
779,1
780,4
781,1
782,3
783,1
784,2
785,6
786,4
787,4
788,6
789,4
790,2
791,3
792,2
793,1
794,2
795,5
796,2
797,3
798,1
799,2
800,2
801,7
802,2
803,7
804,1
805,1
806,5
807,1
808,1
809,2
810,2
811,9
812,2
813,5
814,1
815,2
816,5
817,6
818,4
819,4
820,10
821,3
822,1
823,9
824,10
825,10
826,4
827,4
828,1
829,4
830,12
831,6
832,1
833,2
834,7
835,8
836,12
837,1
838,5
839,3
840,10
841,4
842,34
843,4
844,2
845,13
846,9
847,2
848,6
849,1
850,3
851,2
852,6
853,9
854,11
855,7
856,1
857,3
858,1
859,1
860,5
861,4
862,3
863,6
864,6
865,2
866,7
867,1
868,2
869,1
870,4
871,5
872,1
873,5
874,1
875,1
876,4
877,2
878,6
879,6
880,1
881,4
882,6
883,2
884,1
885,1
886,4
887,3
888,1
889,4
890,1
891,3
892,12
893,6
894,3
895,6
896,5
897,4
898,2
899,6
900,3
901,3
902,3
903,1
904,3
905,1
906,7
907,1
908,1
909,8
910,2
911,5
912,1
913,7
914,9
915,1
916,2
917,6
918,1
919,1
920,1
921,4
922,1
923,4
924,1
925,1
926,1
927,6
928,1
929,2
930,8
931,4
932,2
933,5
934,1
935,9
936,9
937,2
938,7
939,1
940,2
941,3
942,4
943,5
944,3
945,7
946,3
947,1
948,3
949,4
950,3
951,2
952,5
953,4
954,1
955,2
956,16
957,1
958,1
959,14
960,9
961,8
962,4
963,4
964,16
965,12
966,11
967,2
968,10
969,1
970,10
971,1
972,11
973,9
974,1
975,5
976,1
977,10
978,5
979,5
980,4
981,2
982,8
983,14
984,7
985,2
986,3
987,11
988,3
989,9
990,4
991,9
992,16
993,3
994,18
995,17
996,1
997,19
998,9
999,8
1000,1
1001,3
1002,13
1003,7
1004,12
1005,4
1006,2
1007,14
1008,7
1009,8
1010,11
1011,13
1012,30
1013,8
1014,5
1015,11
1016,3
1017,1
1018,8
1019,1
1020,5
1021,3
1022,2
1023,3
1024,5
1025,5
1026,3
1027,24
1028,1
1029,7
1030,22
1031,1
1032,11
1033,5
1034,3
1035,16
1036,2
1037,3
1038,1
1039,6
1040,3
1041,5
1042,6
1043,13
1044,8
1045,4
1046,1
1047,18
1048,15
1049,35
1050,5
1051,8
1052,11
1053,1
1054,19
1055,21
1056,1
1057,3
1058,9
1059,12
1060,17
1061,17
1062,21
1063,3
1064,1
1065,4
1066,4
1067,8
1068,7
1069,9
1070,6
1071,2
1072,6
1073,5
1074,4
1075,3
1076,17
1077,40
1078,9
1079,7
1080,3
1081,11
1082,12
1083,30
1084,6
1085,2
1086,21
1087,6
1088,9
1089,1
1090,5
1091,4
1092,9
1093,4
1094,23
1095,7
1096,2
1097,5
1098,1
1099,2
1100,5
1101,2
1102,5
1103,13
1104,2
1105,2
1106,1
1107,3
1108,9
1109,6
1110,9
1111,2
1112,5
1113,1
1114,4
1115,1
1116,7
1117,16
1118,12
1119,3
1120,37
1121,3
1122,12
1123,1
1124,1
1125,7
1126,12
1127,2
1128,5
1129,2
1130,3
1131,12
1132,9
1133,1
1134,21
1135,6
1136,3
1137,23
1138,5
1139,12
1140,6
1141,2
1142,2
1143,1
1144,5
1145,1
1146,3
1147,15
1148,8
1149,8
1150,8
1151,1
1152,1
1153,25
1154,4
1155,2
1156,12
1157,6
1158,5
1159,4
1160,9
1161,4
1162,6
1163,8
1164,3
1165,1
1166,11
1167,5
1168,7
1169,4
1170,3
1171,5
1172,8
1173,1
1174,17
1175,1
1176,5
1177,2
1178,2
1179,2
1180,2
1181,2
1182,4
1183,5
1184,7
1185,9
1186,3
1187,21
1188,1
1189,5
1190,20
1191,5
1192,1
1193,1
1194,6
1195,20
1196,6
1197,12
1198,4
1199,8
1200,9
1201,15
1202,14
1203,5
1204,2
1205,11
1206,7
1207,5
1208,7
1209,7
1210,4
1211,1
1212,3
1213,1
1214,5
1215,3
1216,6
1217,9
1218,15
1219,24
1220,30
1221,7
1222,9
1223,4
1224,2
1225,2
1226,3
1227,1
1228,15
1229,5
1230,1
1231,5
1232,4
1233,6
1234,20
1235,6
1236,29
1237,3
1238,3
1239,1
1240,3
1241,5
1242,28
1243,1
1244,6
1245,5
1246,19
1247,16
1248,7
1249,3
1250,8
1251,7
1252,6
1253,2
1254,10
1255,31
1256,12
1257,4
1258,12
1259,4
1260,7
1261,9
1262,1
1263,2
1264,5
1265,4
1266,1
1267,1
1268,10
1269,8
1270,2
1271,6
1272,2
1273,4
1274,11
1275,5
1276,3
1277,12
1278,2
1279,6
1280,2
1281,4
1282,15
1283,1
1284,1
1285,1
1286,2
1287,1
1288,1
1289,6
1290,5
1291,3
1292,3
1293,3
1294,9
1295,2
1296,6
1297,2
1298,2
1299,1
1300,5
1301,4
1302,4
1303,2
1304,1
1305,3
1306,1
1307,1
1308,3
1309,1
1310,7
1311,2
1312,3
1313,2
1314,2
1315,6
1316,1
1317,1
1318,2
1319,2
1320,4
1321,1
1322,5
1323,3
1324,1
1325,2
1326,6
1327,2
1328,3
1329,1
1330,2
1331,6
1332,2
1333,7
1334,6
1335,7
1336,1
1337,1
1338,6
1339,1
1340,4
1341,3
1342,7
1343,1
1344,16
1345,3
1346,2
1347,12
1348,1
1349,8
1350,1
1351,1
1352,5
1353,1
1354,2
1355,4
1356,3
1357,1
1358,1
1359,1
1360,2
1361,1
1362,1
1363,2
1364,5
1365,1
1366,1
1367,5
1368,1
1369,3
1370,6
1371,1
1372,2
1373,2
1374,1
1375,7
1376,1
1377,2
1378,2
1379,6
1380,2
1381,3
1382,4
1383,1
1384,3
1385,7
1386,1
1387,1
1388,3
1389,10
1390,1
1391,2
1392,1
1393,1
1394,4
1395,8
1396,4
1397,4
1398,2
1399,1
1400,1
1401,3
1402,3
1403,15
1404,11
1405,1
1406,5
1407,3
1408,1
1409,3
1410,1
1411,6
1412,6
1413,2
1414,6
1415,2
1416,5
1417,7
1418,4
1419,11
1420,1
1421,1
1422,2
1423,5
1424,3
1425,1
1426,1
1427,10
1428,1
1429,1
1430,7
1431,5
1432,3
1433,1
1434,1
1435,9
1436,2
1437,5
1438,3
1439,6
1440,1
1441,1
1442,1
1443,1
1444,1
1445,3
1446,5
1447,1
1448,2
1449,5
1450,13
1451,2
1452,6
1453,5
1454,2
1455,4
1456,1
1457,15
1458,8
1459,3
1460,11
1461,6
1462,3
1463,1
1464,1
1465,4
1466,3
1467,9
1468,15
1469,4
1470,3
1471,5
1472,2
1473,1
1474,6
1475,3
1476,19
1477,5
1478,7
1479,3
1480,7
1481,16
1482,2
1483,2
1484,2
1485,1
1486,1
1487,7
1488,3
1489,1
1490,2
1491,4
1492,1
1493,2
1494,2
1495,3
1496,9
1497,1
1498,1
1499,1
1500,1
1501,1
1502,7
1503,4
1504,6
1505,8
1506,9
1507,1
1508,5
1509,2
1510,9
1511,1
1512,1
1513,4
1514,9
1515,3
1516,5
1517,10
1518,12
1519,2
1520,12
1521,7
1522,1
1523,3
1524,12
1525,2
1526,8
1527,5
1528,3
1529,12
1530,5
1531,3
1532,5
1533,8
1534,9
1535,4
1536,5
1537,7
1538,4
1539,1
1540,13
1541,8
1542,1
1543,2
1544,4
1545,3
1546,4
1547,3
1548,4
1549,4
1550,3
1551,4
1552,2
1553,3
1554,1
1555,1
1556,3
1557,3
1558,5
1559,3
1560,2
1561,5
1562,1
1563,1
1564,12
1565,11
1566,2
1567,4
1568,13
1569,2
1570,9
1571,4
1572,5
1573,1
1574,9
1575,9
1576,3
1577,2
1578,4
1579,7
1580,2
1581,1
1582,6
1583,1
1584,7
1585,2
1586,5
1587,5
1588,1
1589,4
1590,14
1591,4
1592,2
1593,6
1594,3
1595,1
1596,1
1597,3
1598,3
1599,1
1600,4
1601,7
1602,1
1603,1
1604,2
1605,9
1606,2
1607,6
1608,9
1609,4
1610,3
1611,7
1612,2
1613,2
1614,7
1615,5
1616,2
1617,3
1618,7
1619,1
1620,8
1621,3
1622,3
1623,2
1624,1
1625,4
1626,9
1627,1
1628,1
1629,6
1630,1
1631,12
1632,2
1633,2
1634,9
1635,3
1636,2
1637,2
1638,8
1639,9
1640,9
1641,3
1642,2
1643,2
1644,10
1645,2
1646,10
1647,3
1648,5
1649,1
1650,9
1651,1
1652,11
1653,7
1654,10
1655,2
1656,1
1657,6
1658,6
1659,3
1660,1
1661,4
1662,1
1663,3
1664,14
1665,1
1666,24
1667,6
1668,13
1669,3
1670,16
1671,5
1672,9
1673,3
1674,6
1675,5
1676,9
1677,5
1678,1
1679,23
1680,2
1681,11
1682,4
1683,7
1684,4
1685,4
1686,2
1687,2
1688,1
1689,24
1690,1
1691,4
1692,1
1693,2
1694,25
1695,2
1696,3
1697,6
1698,8
1699,7
1700,6
1701,2
1702,1
1703,3
1704,16
1705,2
1706,12
1707,6
1708,2
1709,8
1710,1
1711,8
1712,17
1713,13
1714,1
1715,13
1716,4
1717,8
1718,2
1719,6
1720,17
1721,13
1722,6
1723,7
1724,6
1725,5
1726,27
1727,3
1728,2
1729,1
1730,2
1731,2
1732,2
1733,10
1734,6
1735,8
1736,1
1737,29
1738,24
1739,2
1740,3
1741,16
1742,8
1743,8
1744,2
1745,2
1746,11
1747,2
1748,2
1749,8
1750,4
1751,12
1752,11
1753,8
1754,4
1755,18
1756,4
1757,6
1758,1
1759,43
1760,5
1761,14
1762,7
1763,19
1764,27
1765,13
1766,3
1767,2
1768,2
1769,1
1770,14
1771,17
1772,22
1773,4
1774,3
1775,2
1776,16
1777,12
1778,44
1779,22
1780,3
1781,13
1782,13
1783,11
1784,22
1785,5
1786,2
1787,5
1788,5
1789,34
1790,14
1791,4
1792,1
1793,1
1794,3
1795,5
1796,7
1797,5
1798,2
1799,13
1800,4
1801,8
1802,3
1803,2
1804,2
1805,4
1806,10
1807,3
1808,10
1809,3
1810,4
1811,29
1812,2
1813,10
1814,2
1815,5
1816,7
1817,1
1818,3
1819,1
1820,2
1821,17
1822,4
1823,34
1824,11
1825,19
1826,2
1827,8
1828,2
1829,1
1830,25
1831,17
1832,16
1833,34
1834,20
1835,10
1836,9
1837,8
1838,13
1839,3
1840,9
1841,11
1842,7
1843,9
1844,20
1845,1
1846,4
1847,2
1848,6
1849,5
1850,1
1851,2
1852,6
1853,6
1854,4
1855,5
1856,5
1857,7
1858,7
1859,17
1860,4
1861,15
1862,1
1863,5
1864,3
1865,14
1866,10
1867,5
1868,26
1869,18
1870,1
1871,11
1872,1
1873,1
1874,20
1875,11
1876,15
1877,1
1878,19
1879,12
1880,4
1881,16
1882,3
1883,9
1884,15
1885,3
1886,7
1887,9
1888,1
1889,6
1890,5
1891,2
1892,1
1893,12
1894,7
1895,18
1896,2
1897,1
1898,6
1899,3
1900,7
1901,1
1902,3
1903,4
1904,2
1905,1
1906,3
1907,1
1908,1
1909,10
1910,7
1911,6
1912,2
1913,19
1914,1
1915,19
1916,5
1917,11
1918,1
1919,5
1920,12
1921,1
1922,2
1923,2
1924,6
1925,5
1926,8
1927,10
1928,8
1929,9
1930,10
1931,4
1932,4
1933,6
1934,1
1935,10
1936,1
1937,5
1938,1
1939,1
1940,9
1941,1
1942,16
1943,3
1944,1
1945,1
1946,13
1947,1
1948,2
1949,12
1950,2
1951,6
1952,6
1953,12
1954,7
1955,2
1956,1
1957,1
1958,5
1959,5
1960,3
1961,3
1962,15
1963,5
1964,7
1965,1
1966,4
1967,4
1968,6
1969,10
1970,5
1971,2
1972,1
1973,7
1974,3
1975,3
1976,3
1977,2
1978,5
1979,1
1980,1
1981,2
1982,1
1983,4
1984,1
1985,3
1986,9
1987,2
1988,1
1989,2
1990,3
1991,2
1992,11
1993,4
1994,1
1995,13
1996,7
1997,2
1998,1
1999,6
2000,1
2001,2
2002,1
2003,1
2004,4
2005,5
2006,6
2007,1
2008,1
2009,6
2010,1
2011,1
2012,2
2013,7
2014,4
2015,3
2016,2
2017,1
2018,12
2019,4
2020,4
2021,2
2022,1
2023,5
2024,1
2025,10
2026,3
2027,17
2028,13
2029,4
2030,1
2031,4
2032,1
2033,1
2034,7
2035,6
2036,1
2037,2
2038,2
2039,1
2040,7
2041,1
2042,3
2043,4
2044,3
2045,4
2046,9
2047,10
2048,3
2049,3
2050,7
2051,3
2052,20
2053,4
2054,2
2055,5
2056,8
2057,5
2058,1
2059,3
2060,5
2061,6
2062,5
2063,17
2064,4
2065,5
2066,1
2067,3
2068,16
2069,4
2070,5
2071,6
2072,5
2073,12
2074,1
2075,2
2076,6
2077,2
2078,5
2079,1
2080,1
2081,9
2082,3
2083,3
2084,11
2085,3
2086,2
2087,4
2088,9
2089,1
2090,6
2091,1
2092,1
2093,10
2094,4
2095,5
2096,2
2097,4
2098,3
2099,2
2100,6
2101,2
2102,1
2103,9
2104,5
2105,3
2106,3
2107,1
2108,1
2109,5
2110,5
2111,2
2112,2
2113,2
2114,6
2115,2
2116,13
2117,2
2118,2
2119,3
2120,2
2121,1
2122,1
2123,2
2124,4
2125,3
2126,1
2127,2
2128,2
2129,12
2130,2
2131,8
2132,3
2133,7
2134,2
2135,6
2136,10
2137,1
2138,3
2139,12
2140,3
2141,2
2142,9
2143,2
2144,4
2145,2
2146,3
2147,1
2148,3
2149,1
2150,3
2151,2
2152,10
2153,4
2154,4
2155,1
2156,2
2157,5
2158,7
2159,4
2160,4
2161,1
2162,15
2163,1
2164,1
2165,10
2166,5
2167,2
2168,1
2169,18
2170,15
2171,12
2172,1
2173,1
2174,1
2175,6
2176,6
2177,13
2178,9
2179,8
2180,1
2181,1
2182,4
2183,2
2184,8
2185,7
2186,7
2187,15
2188,5
2189,1
2190,1
2191,3
2192,11
2193,1
2194,4
2195,8
2196,2
2197,9
2198,7
2199,1
2200,20
2201,17
2202,3
2203,2
2204,1
2205,18
2206,1
2207,6
2208,7
2209,4
2210,5
2211,20
2212,1
2213,1
2214,8
2215,8
2216,2
2217,4
2218,3
2219,7
2220,13
2221,2
2222,2
2223,6
2224,1
2225,5
2226,1
2227,3
2228,14
2229,10
2230,4
2231,32
2232,10
2233,8
2234,6
2235,5
2236,2
2237,2
2238,12
2239,10
2240,8
2241,3
2242,5
2243,3
2244,6
2245,2
2246,9
2247,4
2248,6
2249,4
2250,2
2251,3
2252,1
2253,2
2254,12
2255,1
2256,8
2257,1
2258,7
2259,1
2260,5
2261,16
2262,2
2263,18
2264,21
2265,16
2266,2
2267,5
2268,5
2269,1
2270,2
2271,1
2272,2
2273,4
2274,30
2275,4
2276,9
2277,12
2278,1
2279,4
2280,10
2281,5
2282,1
2283,2
2284,5
2285,16
2286,7
2287,45
2288,8
2289,2
2290,4
2291,1
2292,6
2293,2
2294,39
2295,13
2296,7
2297,7
2298,3
2299,6
2300,8
2301,3
2302,11
2303,4
2304,17
2305,11
2306,18
2307,9
2308,30
2309,29
2310,18
2311,12
2312,9
2313,8
2314,1
2315,12
2316,16
2317,7
2318,8
2319,3
2320,5
2321,3
2322,7
2323,11
2324,2
2325,11
2326,6
2327,10
2328,7
2329,23
2330,13
2331,13
2332,15
2333,3
2334,7
2335,5
2336,14
2337,23
2338,15
2339,6
2340,8
2341,29
2342,3
2343,14
2344,3
2345,36
2346,10
2347,20
2348,12
2349,11
2350,9
2351,20
2352,4
2353,4
2354,21
2355,1
2356,31
2357,8
2358,26
2359,1
2360,7
2361,3
2362,10
2363,29
2364,24
2365,31
2366,6
2367,3
2368,4
2369,20
2370,5
2371,1
2372,14
2373,17
2374,5
2375,17
2376,11
2377,13
2378,18
2379,8
2380,16
2381,29
2382,17
2383,5
2384,88
2385,24
2386,16
2387,7
2388,18
2389,18
2390,18
2391,5
2392,1
2393,8
2394,9
2395,4
2396,22
2397,61
2398,16
2399,5
2400,38
2401,2
2402,4
2403,5
2404,36
2405,28
2406,6
2407,16
2408,7
2409,1
2410,37
2411,3
2412,41
2413,20
2414,9
2415,2
2416,14
2417,49
2418,12
2419,16
2420,9
2421,9
2422,6
2423,16
2424,10
2425,13
2426,15
2427,42
2428,4
2429,21
2430,5
2431,9
2432,21
2433,23
2434,5
2435,41
2436,1
2437,4
2438,3
2439,3
2440,5
2441,1
2442,13
2443,31
2444,4
2445,49
2446,22
2447,3
2448,17
2449,3
2450,5
2451,24
2452,2
2453,40
2454,1
2455,3
2456,9
2457,14
2458,46
2459,2
2460,13
2461,16
2462,14
2463,10
2464,4
2465,5
2466,4
2467,9
2468,5
2469,3
2470,4
2471,11
2472,3
2473,2
2474,7
2475,29
2476,20
2477,6
2478,31
2479,2
2480,26
2481,3
2482,3
2483,3
2484,6
2485,12
2486,15
2487,16
2488,26
2489,9
2490,17
2491,3
2492,14
2493,12
2494,6
2495,8
2496,5
2497,59
2498,8
2499,14
2500,1
2501,2
2502,13
2503,38
2504,34
2505,9
2506,6
2507,18
2508,8
2509,26
2510,6
2511,12
2512,4
2513,8
2514,5
2515,1
2516,13
2517,6
2518,9
2519,1
2520,45
2521,10
2522,4
2523,2
2524,25
2525,7
2526,18
2527,4
2528,4
2529,1
2530,40
2531,9
2532,8
2533,8
2534,11
2535,1
2536,7
2537,3
2538,10
2539,29
2540,19
2541,9
2542,13
2543,2
2544,21
2545,4
2546,5
2547,2
2548,5
2549,14
2550,1
2551,2
2552,14
2553,1
2554,21
2555,26
2556,9
2557,3
2558,4
2559,8
2560,43
2561,9
2562,7
2563,18
2564,28
2565,10
2566,44
2567,14
2568,61
2569,27
2570,16
2571,18
2572,16
2573,20
2574,3
2575,6
2576,2
2577,8
2578,20
2579,53
2580,5
2581,54
2582,27
2583,26
2584,3
2585,45
2586,1
2587,13
2588,1
2589,9
2590,2
2591,57
2592,1
2593,7
2594,5
2595,7
2596,6
2597,9
2598,29
2599,37
2600,10
2601,4
2602,33
2603,42
2604,28
2605,9
2606,2
2607,1
2608,50
2609,24
2610,19
2611,21
2612,10
2613,1
2614,2
2615,17
2616,2
2617,17
2618,33
2619,2
2620,3
2621,17
2622,34
2623,6
2624,16
2625,7
2626,16
2627,30
2628,15
2629,16
2630,13
2631,72
2632,2
2633,5
2634,12
2635,22
2636,4
2637,23
2638,13
2639,6
2640,21
2641,16
2642,6
2643,3
2644,12
2645,6
2646,1
2647,6
2648,8
2649,22
2650,4
2651,1
2652,2
2653,17
2654,4
2655,1
2656,8
2657,6
2658,1
2659,8
2660,7
2661,5
2662,17
2663,32
2664,5
2665,23
2666,18
2667,18
2668,39
2669,1
2670,2
2671,3
2672,4
2673,6
2674,3
2675,12
2676,11
2677,6
2678,7
2679,3
2680,9
2681,4
2682,3
2683,9
2684,1
2685,9
2686,5
2687,10
2688,11
2689,6
2690,3
2691,5
2692,20
2693,10
2694,11
2695,8
2696,41
2697,10
2698,6
2699,7
2700,5
2701,7
2702,25
2703,27
2704,11
2705,20
2706,14
2707,15
2708,46
2709,8
2710,4
2711,14
2712,2
2713,16
2714,31
2715,5
2716,3
2717,31
2718,10
2719,11
2720,17
2721,14
2722,1
2723,11
2724,18
2725,15
2726,4
2727,9
2728,3
2729,1
2730,34
2731,28
2732,8
2733,11
2734,1
2735,3
2736,13
2737,13
2738,11
2739,3
2740,1
2741,31
2742,7
2743,42
2744,11
2745,10
2746,3
2747,9
2748,13
2749,4
2750,5
2751,5
2752,38
2753,10
2754,24
2755,12
2756,9
2757,3
2758,5
2759,8
2760,4
2761,3
2762,22
2763,20
2764,4
2765,14
2766,8
2767,4
2768,5
2769,16
2770,3
2771,6
2772,47
2773,6
2774,18
2775,2
2776,1
2777,20
2778,6
2779,3
2780,13
2781,44
2782,11
2783,17
2784,13
2785,21
2786,31
2787,62
2788,29
2789,61
2790,10
2791,13
2792,18
2793,6
2794,34
2795,5
2796,9
2797,20
2798,17
2799,3
2800,6
2801,10
2802,9
2803,1
2804,2
2805,2
2806,11
2807,15
2808,2
2809,7
2810,7
2811,10
2812,6
2813,14
2814,6
2815,23
2816,2
2817,6
2818,4
2819,11
2820,1
2821,8
2822,11
2823,1
2824,15
2825,12
2826,7
2827,6
2828,33
2829,25
2830,4
2831,17
2832,9
2833,5
2834,6
2835,8
2836,8
2837,38
2838,2
2839,4
2840,11
2841,16
2842,11
2843,3
2844,2
2845,1
2846,21
2847,21
2848,3
2849,8
2850,10
2851,6
2852,1
2853,11
2854,9
2855,2
2856,14
2857,17
2858,15
2859,1
2860,1
2861,2
2862,1
2863,5
2864,1
2865,1
2866,6
2867,17
2868,15
2869,24
2870,3
2871,8
2872,13
2873,3
2874,25
2875,12
2876,5
2877,3
2878,13
2879,13
2880,3
2881,4
2882,9
2883,3
2884,4
2885,3
2886,18
2887,3
2888,4
2889,3
2890,24
2891,3
2892,1
2893,3
2894,8
2895,2
2896,1
2897,2
2898,3
2899,5
2900,9
2901,4
2902,8
2903,4
2904,16
2905,1
2906,13
2907,21
2908,3
2909,1
2910,3
2911,5
2912,27
2913,2
2914,5
2915,15
2916,2
2917,15
2918,2
2919,6
2920,5
2921,3
2922,1
2923,9
2924,1
2925,1
2926,5
2927,2
2928,7
2929,1
2930,6
2931,6
2932,7
2933,9
2934,4
2935,11
2936,7
2937,11
2938,1
2939,1
2940,4
2941,4
2942,14
2943,1
2944,3
2945,1
2946,7
2947,3
2948,8
2949,24
2950,6
2951,5
2952,1
2953,11
2954,7
2955,2
2956,3
2957,2
2958,1
2959,1
2960,9
2961,3
2962,8
2963,4
2964,2
2965,2
2966,8
2967,4
2968,3
2969,1
2970,8
2971,2
2972,3
2973,4
2974,18
2975,8
2976,4
2977,8
2978,1
2979,2
2980,1
2981,5
2982,8
2983,4
2984,2
2985,8
2986,7
2987,4
2988,1
2989,1
2990,6
2991,5
2992,10
2993,16
2994,3
2995,8
2996,9
2997,5
2998,3
2999,2
3000,4
3001,2
3002,8
3003,1
3004,6
3005,4
3006,1
3007,7
3008,4
3009,2
3010,7
3011,3
3012,4
3013,10
3014,1
3015,8
3016,9
3017,23
3018,6
3019,5
3020,4
3021,7
3022,1
3023,4
3024,1
3025,4
3026,9
3027,13
3028,3
3029,20
3030,5
3031,21
3032,2
3033,18
3034,1
3035,8
3036,5
3037,9
3038,5
3039,7
3040,1
3041,2
3042,4
3043,8
3044,2
3045,1
3046,2
3047,13
3048,8
3049,2
3050,2
3051,4
3052,5
3053,8
3054,16
3055,3
3056,2
3057,7
3058,36
3059,9
3060,3
3061,1
3062,10
3063,6
3064,7
3065,7
3066,7
3067,2
3068,21
3069,12
3070,13
3071,7
3072,5
3073,6
3074,20
3075,16
3076,6
3077,10
3078,3
3079,13
3080,3
3081,6
3082,13
3083,8
3084,5
3085,11
3086,12
3087,25
3088,2
3089,4
3090,14
3091,1
3092,17
3093,17
3094,5
3095,9
3096,16
3097,8
3098,5
3099,9
3100,1
3101,4
3102,11
3103,16
3104,18
3105,9
3106,20
3107,3
3108,9
3109,13
3110,7
3111,15
3112,2
3113,18
3114,10
3115,13
3116,7
3117,8
3118,9
3119,1
3120,1
3121,8
3122,4
3123,2
3124,14
3125,12
3126,1
3127,5
3128,3
3129,27
3130,7
3131,7
3132,17
3133,9
3134,4
3135,10
3136,16
3137,2
3138,5
3139,5
3140,8
3141,19
3142,11
3143,18
3144,21
3145,14
3146,9
3147,9
3148,2
3149,2
3150,41
3151,13
3152,6
3153,2
3154,4
3155,4
3156,10
3157,9
3158,2
3159,5
3160,27
3161,3
3162,7
3163,1
3164,8
3165,6
3166,6
3167,3
3168,4
3169,9
3170,4
3171,14
3172,18
3173,3
3174,4
3175,23
3176,13
3177,17
3178,11
3179,6
3180,10
3181,13
3182,9
3183,14
3184,15
3185,7
3186,8
3187,4
3188,16
3189,2
3190,1
3191,8
3192,2
3193,1
3194,15
3195,2
3196,1
3197,11
3198,5
3199,9
3200,10
3201,11
3202,2
3203,3
3204,5
3205,4
3206,5
3207,11
3208,1
3209,14
3210,1
3211,1
3212,8
3213,3
3214,9
3215,10
3216,25
3217,6
3218,14
3219,7
3220,5
3221,4
3222,14
3223,2
3224,7
3225,5
3226,1
3227,4
3228,14
3229,2
3230,5
3231,1
3232,30
3233,1
3234,5
3235,23
3236,3
3237,6
3238,2
3239,12
3240,11
3241,10
3242,4
3243,14
3244,5
3245,9
3246,10
3247,12
3248,5
3249,5
3250,5
3251,7
3252,14
3253,8
3254,6
3255,1
3256,3
3257,8
3258,12
3259,1
3260,11
3261,1
3262,7
3263,2
3264,6
3265,1
3266,14
3267,9
3268,9
3269,6
3270,2
3271,1
3272,3
3273,15
3274,5
3275,2
3276,3
3277,2
3278,3
3279,3
3280,3
3281,2
3282,3
3283,4
3284,2
3285,8
3286,2
3287,1
3288,3
3289,3
3290,4
3291,1
3292,2
3293,2
3294,1
3295,4
3296,3
3297,1
3298,2
3299,19
3300,6
3301,4
3302,8
3303,3
3304,3
3305,1
3306,4
3307,5
3308,11
3309,9
3310,2
3311,2
3312,4
3313,1
3314,2
3315,1
3316,4
3317,2
3318,1
3319,5
3320,13
3321,8
3322,2
3323,1
3324,4
3325,6
3326,4
3327,5
3328,3
3329,2
3330,2
3331,2
3332,2
3333,3
3334,1
3335,8
3336,1
3337,1
3338,11
3339,4
3340,1
3341,2
3342,3
3343,3
3344,10
3345,3
3346,1
3347,4
3348,2
3349,2
3350,6
3351,1
3352,10
3353,4
3354,15
3355,1
3356,1
3357,3
3358,4
3359,8
3360,13
3361,1
3362,4
3363,19
3364,5
3365,6
3366,3
3367,10
3368,7
3369,1
3370,2
3371,6
3372,1
3373,6
3374,2
3375,1
3376,3
3377,1
3378,2
3379,5
3380,1
3381,11
3382,1
3383,2
3384,4
3385,23
3386,6
3387,6
3388,2
3389,4
3390,2
3391,2
3392,1
3393,5
3394,1
3395,6
3396,6
3397,13
3398,1
3399,7
3400,3
3401,6
3402,4
3403,2
3404,5
3405,6
3406,11
3407,11
3408,2
3409,25
3410,4
3411,5
3412,9
3413,2
3414,3
3415,2
3416,3
3417,1
3418,11
3419,16
3420,3
3421,20
3422,7
3423,5
3424,10
3425,3
3426,6
3427,6
3428,3
3429,1
3430,7
3431,6
3432,3
3433,17
3434,8
3435,12
3436,2
3437,2
3438,7
3439,8
3440,3
3441,7
3442,1
3443,1
3444,5
3445,2
3446,2
3447,1
3448,4
3449,13
3450,1
3451,1
3452,6
3453,4
3454,1
3455,4
3456,6
3457,2
3458,10
3459,6
3460,2
3461,2
3462,1
3463,3
3464,1
3465,5
3466,10
3467,3
3468,3
3469,4
3470,1
3471,3
3472,7
3473,4
3474,1
3475,2
3476,3
3477,2
3478,1
3479,8
3480,2
3481,1
3482,2
3483,1
3484,5
3485,5
3486,4
3487,4
3488,3
3489,5
3490,6
3491,8
3492,3
3493,1
3494,11
3495,2
3496,2
3497,5
3498,3
3499,1
3500,6
3501,3
3502,1
3503,2
3504,1
3505,1
3506,3
3507,1
3508,2
3509,1
3510,1
3511,6
3512,9
3513,2
3514,1
3515,1
3516,5
3517,3
3518,2
3519,7
3520,2
3521,3
3522,3
3523,2
3524,1
3525,3
3526,5
3527,1
3528,5
3529,2
3530,3
3531,1
3532,8
3533,2
3534,4
3535,5
3536,2
3537,3
3538,6
3539,1
3540,2
3541,1
3542,1
3543,4
3544,4
3545,2
3546,10
3547,2
3548,1
3549,4
3550,1
3551,1
3552,5
3553,2
3554,4
3555,2
3556,2
3557,1
3558,2
3559,5
3560,1
3561,2
3562,4
3563,3
3564,2
3565,3
3566,3
3567,2
3568,1
3569,2
3570,2
3571,3
3572,1
3573,3
3574,4
3575,1
3576,6
3577,1
3578,2
3579,4
3580,3
3581,2
3582,1
3583,5
3584,4
3585,2
3586,3
3587,1
3588,1
3589,1
3590,2
3591,1
3592,5
3593,5
3594,2
3595,6
3596,2
3597,1
3598,5
3599,3
3600,1
3601,2
3602,1
3603,8
3604,2
3605,6
3606,4
3607,3
3608,2
3609,2
3610,2
3611,1
3612,8
3613,3
3614,4
3615,1
3616,1
3617,1
3618,1
3619,2
3620,4
3621,2
3622,1
3623,2
3624,3
3625,2
3626,3
3627,1
3628,5
3629,3
3630,2
3631,3
3632,2
3633,2
3634,3
3635,3
3636,1
3637,1
3638,1
3639,1
3640,1
3641,2
3642,3
3643,1
3644,2
3645,3
3646,1
3647,7
3648,2
3649,2
3650,2
3651,2
3652,1
3653,5
3654,1
3655,4
3656,5
3657,4
3658,7
3659,1
3660,7
3661,2
3662,5
3663,1
3664,1
3665,6
3666,1
3667,2
3668,3
3669,2
3670,2
3671,1
3672,3
3673,2
3674,1
3675,5
3676,1
3677,1
3678,4
3679,1
3680,2
3681,4
3682,2
3683,3
3684,3
3685,6
3686,1
3687,6
3688,2
3689,5
3690,1
3691,3
3692,1
3693,2
3694,5
3695,2
3696,3
3697,4
3698,4
3699,4
3700,1
3701,1
3702,2
3703,2
3704,4
3705,2
3706,1
3707,2
3708,2
3709,2
3710,2
3711,3
3712,1
3713,11
3714,2
3715,1
3716,3
3717,1
3718,1
3719,3
3720,1
3721,1
3722,1
3723,2
3724,6
3725,2
3726,3
3727,1
3728,2
3729,2
3730,1
3731,1
3732,1
3733,6
3734,1
3735,1
3736,3
3737,3
3738,1
3739,5
3740,4
3741,1
3742,2
3743,2
3744,1
3745,1
3746,1
3747,3
3748,1
3749,2
3750,3
3751,2
3752,1
3753,5
3754,3
3755,2
3756,4
3757,4
3758,5
3759,2
3760,7
3761,7
3762,1
3763,2
3764,1
3765,3
3766,1
3767,1
3768,1
3769,1
3770,5
3771,1
3772,1
3773,2
3774,1
3775,1
3776,3
3777,3
3778,1
3779,1
3780,3
3781,3
3782,2
3783,1
3784,2
3785,5
3786,5
3787,2
3788,2
3789,2
3790,2
3791,3
3792,1
3793,10
3794,1
3795,1
3796,3
3797,2
3798,2
3799,4
3800,1
3801,1
3802,1
3803,1
3804,4
3805,1
3806,3
3807,1
3808,2
3809,1
3810,1
3811,2
3812,4
3813,2
3814,3
3815,6
3816,3
3817,1
3818,15
3819,3
3820,10
3821,3
3822,3
3823,5
3824,6
3825,1
3826,1
3827,1
3828,4
3829,1
3830,5
3831,2
3832,5
3833,1
3834,3
3835,6
3836,1
3837,3
3838,1
3839,3
3840,7
3841,1
3842,1
3843,2
3844,12
3845,1
3846,1
3847,5
3848,2
3849,1
3850,8
3851,3
3852,6
3853,2
3854,1
3855,3
3856,1
3857,1
3858,5
3859,1
3860,4
3861,1
3862,5
3863,2
3864,3
3865,3
3866,2
3867,3
3868,3
3869,1
3870,1
3871,3
3872,1
3873,5
3874,3
3875,3
3876,3
3877,1
3878,7
3879,11
3880,1
3881,14
3882,3
3883,3
3884,3
3885,2
3886,2
3887,1
3888,1
3889,3
3890,1
3891,4
3892,6
3893,4
3894,3
3895,7
3896,2
3897,1
3898,1
3899,4
3900,1
3901,11
3902,11
3903,1
3904,11
3905,5
3906,1
3907,1
3908,3
3909,13
3910,12
3911,3
3912,7
3913,6
3914,17
3915,3
3916,1
3917,3
3918,4
3919,1
3920,8
3921,2
3922,5
3923,12
3924,18
3925,14
3926,1
3927,4
3928,5
3929,4
3930,1
3931,2
3932,4
3933,9
3934,4
3935,15
3936,4
3937,13
3938,8
3939,5
3940,5
3941,1
3942,4
3943,2
3944,11
3945,5
3946,6
3947,8
3948,3
3949,7
3950,21
3951,4
3952,1
3953,27
3954,11
3955,15
3956,6
3957,11
3958,25
3959,11
3960,9
3961,5
3962,5
3963,7
3964,1
3965,1
3966,9
3967,5
3968,2
3969,6
3970,1
3971,5
3972,6
3973,5
3974,4
3975,4
3976,8
3977,4
3978,2
3979,3
3980,2
3981,4
3982,8
3983,2
3984,1
3985,9
3986,11
3987,1
3988,10
3989,1
3990,8
3991,5
3992,3
3993,5
3994,8
3995,6
3996,2
3997,6
3998,3
3999,6
4000,9
4001,5
4002,2
4003,4
4004,7
4005,2
4006,1
4007,3
4008,4
4009,5
4010,6
4011,4
4012,3
4013,2
4014,4
4015,4
4016,2
4017,6
4018,1
4019,2
4020,2
4021,3
4022,9
4023,10
4024,8
4025,1
4026,10
4027,2
4028,5
4029,17
4030,7
4031,2
4032,2
4033,10
4034,1
4035,4
4036,1
4037,3
4038,1
4039,7
4040,1
4041,11
4042,5
4043,1
4044,2
4045,8
4046,7
4047,14
4048,2
4049,1
4050,5
4051,18
4052,2
4053,12
4054,17
4055,1
4056,2
4057,4
4058,22
4059,4
4060,2
4061,3
4062,1
4063,2
4064,4
4065,11
4066,4
4067,11
4068,2
4069,15
4070,2
4071,3
4072,9
4073,4
4074,1
4075,2
4076,6
4077,8
4078,1
4079,3
4080,10
4081,6
4082,2
4083,10
4084,1
4085,1
4086,3
4087,3
4088,3
4089,1
4090,2
4091,3
4092,10
4093,6
4094,4
4095,5
4096,2
4097,1
4098,1
4099,5
4100,20
4101,2
4102,4
4103,2
4104,1
4105,2
4106,4
4107,8
4108,3
4109,8
4110,1
4111,3
4112,2
4113,9
4114,12
4115,2
4116,1
4117,5
4118,7
4119,3
4120,5
4121,3
4122,3
4123,3
4124,5
4125,2
4126,11
4127,8
4128,2
4129,2
4130,9
4131,1
4132,1
4133,7
4134,9
4135,3
4136,2
4137,11
4138,5
4139,4
4140,3
4141,4
4142,19
4143,6
4144,10
4145,2
4146,3
4147,7
4148,6
4149,3
4150,5
4151,2
4152,1
4153,3
4154,18
4155,1
4156,11
4157,1
4158,10
4159,7
4160,1
4161,2
4162,2
4163,4
4164,11
4165,4
4166,3
4167,2
4168,1
4169,3
4170,14
4171,12
4172,1
4173,6
4174,23
4175,12
4176,22
4177,15
4178,7
4179,1
4180,25
4181,2
4182,4
4183,2
4184,2
4185,8
4186,2
4187,4
4188,16
4189,6
4190,6
4191,18
4192,6
4193,2
4194,2
4195,4
4196,4
4197,1
4198,1
4199,1
4200,4
4201,2
4202,1
4203,11
4204,1
4205,5
4206,4
4207,1
4208,5
4209,2
4210,6
4211,22
4212,1
4213,13
4214,1
4215,5
4216,22
4217,3
4218,3
4219,10
4220,1
4221,14
4222,3
4223,3
4224,1
4225,11
4226,11
4227,4
4228,5
4229,7
4230,8
4231,4
4232,7
4233,2
4234,2
4235,10
4236,2
4237,6
4238,4
4239,2
4240,10
4241,2
4242,5
4243,4
4244,17
4245,3
4246,6
4247,6
4248,1
4249,2
4250,1
4251,5
4252,7
4253,5
4254,1
4255,2
4256,7
4257,1
4258,6
4259,8
4260,5
4261,3
4262,7
4263,2
4264,5
4265,2
4266,3
4267,3
4268,2
4269,2
4270,2
4271,15
4272,6
4273,6
4274,1
4275,3
4276,3
4277,5
4278,1
4279,2
4280,7
4281,3
4282,5
4283,6
4284,2
4285,1
4286,2
4287,7
4288,1
4289,1
4290,5
4291,1
4292,1
4293,3
4294,10
4295,3
4296,1
4297,2
4298,5
4299,3
4300,4
4301,3
4302,1
4303,1
4304,4
4305,5
4306,6
4307,3
4308,5
4309,6
4310,1
4311,8
4312,2
4313,8
4314,1
4315,6
4316,1
4317,3
4318,4
4319,2
4320,9
4321,1
4322,10
4323,4
4324,2
4325,2
4326,1
4327,4
4328,3
4329,7
4330,6
4331,1
4332,1
4333,1
4334,2
4335,5
4336,1
4337,1
4338,3
4339,2
4340,3
4341,3
4342,2
4343,2
4344,1
4345,1
4346,6
4347,1
4348,1
4349,1
4350,2
4351,8
4352,1
4353,1
4354,4
4355,1
4356,1
4357,1
4358,5
4359,1
4360,1
4361,11
4362,1
4363,1
4364,2
4365,3
4366,1
4367,5
4368,1
4369,1
4370,2
4371,3
4372,1
4373,4
4374,2
4375,3
4376,2
4377,4
4378,14
4379,4
4380,3
4381,3
4382,6
4383,3
4384,1
4385,2
4386,2
4387,3
4388,3
4389,1
4390,3
4391,2
4392,1
4393,3
4394,1
4395,1
4396,3
4397,9
4398,2
4399,2
4400,4
4401,8
4402,4
4403,1
4404,4
4405,3
4406,7
4407,7
4408,1
4409,7
4410,3
4411,8
4412,1
4413,1
4414,3
4415,2
4416,1
4417,2
4418,7
4419,5
4420,9
4421,2
4422,4
4423,1
4424,12
4425,2
4426,6
4427,4
4428,1
4429,2
4430,1
4431,5
4432,1
4433,3
4434,5
4435,1
4436,2
4437,3
4438,2
4439,11
4440,2
4441,5
4442,3
4443,1
4444,2
4445,2
4446,2
4447,3
4448,3
4449,2
4450,4
4451,1
4452,2
4453,6
4454,6
4455,4
4456,3
4457,2
4458,1
4459,7
4460,1
4461,8
4462,3
4463,3
4464,3
4465,2
4466,2
4467,1
4468,10
4469,2
4470,1
4471,3
4472,1
4473,3
4474,2
4475,1
4476,2
4477,6
4478,1
4479,1
4480,1
4481,2
4482,3
4483,4
4484,10
4485,4
4486,5
4487,7
4488,1
4489,4
4490,9
4491,8
4492,4
4493,1
4494,4
4495,1
4496,1
4497,3
4498,1
4499,1
4500,2
4501,1
4502,2
4503,1
4504,6
4505,3
4506,3
4507,2
4508,1
4509,3
4510,1
4511,1
4512,7
4513,4
4514,4
4515,2
4516,11
4517,1
4518,1
4519,4
4520,2
4521,2
4522,2
4523,4
4524,3
4525,4
4526,1
4527,5
4528,6
4529,12
4530,8
4531,6
4532,6
4533,5
4534,2
4535,11
4536,8
4537,1
4538,5
4539,3
4540,8
4541,1
4542,4
4543,1
4544,1
4545,2
4546,1
4547,7
4548,5
4549,5
4550,1
4551,9
4552,1
4553,4
4554,4
4555,1
4556,2
4557,1
4558,2
4559,4
4560,1
4561,2
4562,6
4563,1
4564,9
4565,1
4566,2
4567,3
4568,1
4569,2
4570,3
4571,2
4572,1
4573,1
4574,1
4575,1
4576,3
4577,2
4578,3
4579,3
4580,7
4581,1
4582,9
4583,1
4584,1
4585,3
4586,2
4587,4
4588,3
4589,4
4590,2
4591,12
4592,1
4593,5
4594,2
4595,12
4596,11
4597,2
4598,3
4599,4
4600,8
4601,2
4602,1
4603,1
4604,2
4605,18
4606,2
4607,1
4608,4
4609,2
4610,6
4611,2
4612,2
4613,1
4614,4
4615,1
4616,2
4617,1
4618,18
4619,6
4620,7
4621,10
4622,4
4623,6
4624,20
4625,2
4626,5
4627,4
4628,6
4629,8
4630,14
4631,4
4632,3
4633,5
4634,11
4635,17
4636,20
4637,10
4638,3
4639,28
4640,6
4641,3
4642,5
4643,9
4644,3
4645,30
4646,2
4647,16
4648,23
4649,4
4650,5
4651,4
4652,14
4653,8
4654,2
4655,11
4656,11
4657,7
4658,4
4659,3
4660,5
4661,2
4662,1
4663,24
4664,2
4665,29
4666,4
4667,13
4668,23
4669,6
4670,1
4671,20
4672,8
4673,21
4674,26
4675,1
4676,3
4677,3
4678,16
4679,2
4680,4
4681,6
4682,5
4683,4
4684,16
4685,16
4686,2
4687,1
4688,7
4689,4
4690,37
4691,5
4692,18
4693,10
4694,1
4695,6
4696,15
4697,1
4698,6
4699,6
4700,30
4701,3
4702,10
4703,1
4704,4
4705,2
4706,7
4707,7
4708,37
4709,5
4710,1
4711,1
4712,1
4713,4
4714,3
4715,1
4716,3
4717,8
4718,8
4719,5
4720,2
4721,4
4722,10
4723,5
4724,1
4725,3
4726,5
4727,7
4728,2
4729,5
4730,1
4731,7
4732,13
4733,1
4734,1
4735,9
4736,14
4737,8
4738,5
4739,9
4740,9
4741,12
4742,2
4743,6
4744,7
4745,5
4746,1
4747,4
4748,10
4749,5
4750,8
4751,6
4752,4
4753,13
4754,2
4755,1
4756,1
4757,7
4758,7
4759,5
4760,22
4761,2
4762,1
4763,1
4764,3
4765,4
4766,2
4767,5
4768,11
4769,5
4770,2
4771,1
4772,5
4773,6
4774,4
4775,7
4776,17
4777,1
4778,2
4779,7
4780,2
4781,1
4782,1
4783,4
4784,8
4785,3
4786,13
4787,5
4788,3
4789,12
4790,13
4791,3
4792,7
4793,14
4794,1
4795,3
4796,10
4797,8
4798,18
4799,4
4800,7
4801,10
4802,9
4803,20
4804,8
4805,10
4806,4
4807,10
4808,3
4809,1
4810,5
4811,6
4812,1
4813,12
4814,3
4815,14
4816,15
4817,5
4818,3
4819,4
4820,8
4821,20
4822,25
4823,6
4824,18
4825,3
4826,17
4827,2
4828,6
4829,2
4830,2
4831,2
4832,7
4833,4
4834,19
4835,3
4836,39
4837,5
4838,2
4839,3
4840,6
4841,3
4842,29
4843,1
4844,9
4845,18
4846,6
4847,10
4848,13
4849,6
4850,7
4851,16
4852,18
4853,10
4854,7
4855,3
4856,24
4857,4
4858,4
4859,6
4860,39
4861,2
4862,8
4863,6
4864,23
4865,9
4866,18
4867,20
4868,1
4869,3
4870,1
4871,3
4872,8
4873,12
4874,33
4875,3
4876,2
4877,2
4878,14
4879,8
4880,10
4881,10
4882,5
4883,20
4884,6
4885,16
4886,1
4887,1
4888,28
4889,1
4890,3
4891,9
4892,15
4893,1
4894,2
4895,2
4896,4
4897,2
4898,2
4899,1
4900,1
4901,5
4902,1
4903,2
4904,1
4905,8
4906,4
4907,1
4908,1
4909,2
4910,4
4911,2
4912,4
4913,2
4914,3
4915,16
4916,3
4917,8
4918,4
4919,2
4920,8
4921,3
4922,4
4923,1
4924,1
4925,5
4926,1
4927,1
4928,7
4929,2
4930,3
4931,2
4932,5
4933,2
4934,1
4935,5
4936,3
4937,1
4938,1
4939,2
4940,3
4941,2
4942,2
4943,1
4944,4
4945,1
4946,2
4947,1
4948,7
4949,1
4950,1
4951,9
4952,2
4953,3
4954,2
4955,7
4956,4
4957,2
4958,2
4959,1
4960,5
4961,2
4962,1
4963,2
4964,10
4965,1
4966,2
4967,2
4968,4
4969,7
4970,3
4971,1
4972,7
4973,1
4974,16
4975,4
4976,2
4977,3
4978,1
4979,3
4980,2
4981,1
4982,3
4983,2
4984,3
4985,2
4986,4
4987,3
4988,1
4989,1
4990,2
4991,3
4992,1
4993,6
4994,2
4995,4
4996,1
4997,12
4998,1
4999,2
5000,1
5001,8
5002,1
5003,4
5004,3
5005,11
5006,1
5007,4
5008,5
5009,6
5010,4
5011,2
5012,1
5013,1
5014,5
5015,5
5016,5
5017,4
5018,1
5019,2
5020,1
5021,5
5022,1
5023,1
5024,2
5025,3
5026,3
5027,1
5028,1
5029,4
5030,7
5031,1
5032,3
5033,3
5034,2
5035,1
5036,1
5037,3
5038,1
5039,2
5040,1
5041,1
5042,5
5043,1
5044,2
5045,4
5046,1
5047,3
5048,2
5049,2
5050,1
5051,8
5052,1
5053,3
5054,5
5055,4
5056,1
5057,1
5058,1
5059,7
5060,1
5061,1
5062,1
5063,6
5064,3
5065,1
5066,5
5067,1
5068,1
5069,3
5070,2
5071,2
5072,3
5073,11
5074,1
5075,1
5076,4
5077,1
5078,1
5079,2
5080,1
5081,11
5082,4
5083,4
5084,1
5085,8
5086,4
5087,1
5088,1
5089,1
5090,3
5091,13
5092,6
5093,4
5094,1
5095,4
5096,3
5097,1
5098,1
5099,1
5100,2
5101,4
5102,1
5103,3
5104,1
5105,1
5106,1
5107,3
5108,3
5109,5
5110,2
5111,6
5112,1
5113,3
5114,1
5115,1
5116,2
5117,2
5118,2
5119,2
5120,1
5121,1
5122,1
5123,1
5124,1
5125,1
5126,1
5127,7
5128,2
5129,1
5130,2
5131,1
5132,2
5133,2
5134,1
5135,1
5136,4
5137,1
5138,2
5139,1
5140,7
5141,3
5142,8
5143,1
5144,5
5145,2
5146,3
5147,5
5148,1
5149,2
5150,2
5151,1
5152,1
5153,1
5154,2
5155,13
5156,4
5157,5
5158,3
5159,7
5160,2
5161,3
5162,1
5163,1
5164,1
5165,1
5166,3
5167,3
5168,4
5169,6
5170,1
5171,11
5172,7
5173,1
5174,1
5175,1
5176,7
5177,1
5178,1
5179,10
5180,2
5181,7
5182,1
5183,5
5184,9
5185,1
5186,7
5187,2
5188,2
5189,2
5190,4
5191,1
5192,2
5193,2
5194,4
5195,1
5196,3
5197,1
5198,2
5199,1
5200,4
5201,2
5202,2
5203,4
5204,3
5205,4
5206,2
5207,2
5208,1
5209,1
5210,6
5211,2
5212,1
5213,3
5214,4
5215,1
5216,5
5217,2
5218,5
5219,1
5220,1
5221,3
5222,1
5223,1
5224,10
5225,3
5226,1
5227,1
5228,2
5229,1
5230,8
5231,2
5232,4
5233,1
5234,2
5235,2
5236,2
5237,3
5238,4
5239,1
5240,5
5241,8
5242,5
5243,1
5244,3
5245,3
5246,5
5247,8
5248,2
5249,1
5250,1
5251,4
5252,2
5253,6
5254,1
5255,3
5256,4
5257,4
5258,1
5259,1
5260,1
5261,1
5262,1
5263,2
5264,3
5265,3
5266,1
5267,4
5268,2
5269,2
5270,3
5271,2
5272,2
5273,1
5274,1
5275,3
5276,7
5277,1
5278,3
5279,4
5280,1
5281,2
5282,2
5283,6
5284,1
5285,1
5286,3
5287,4
5288,4
5289,2
5290,6
5291,1
5292,3
5293,9
5294,3
5295,1
5296,6
5297,3
5298,1
5299,1
5300,3
5301,1
5302,2
5303,6
5304,5
5305,1
5306,10
5307,4
5308,3
5309,1
5310,8
5311,2
5312,7
5313,2
5314,7
5315,2
5316,1
5317,2
5318,2
5319,10
5320,1
5321,2
5322,1
5323,3
5324,4
5325,3
5326,11
5327,2
5328,5
5329,7
5330,1
5331,2
5332,9
5333,1
5334,1
5335,2
5336,4
5337,5
5338,2
5339,2
5340,3
5341,2
5342,3
5343,7
5344,1
5345,4
5346,1
5347,2
5348,5
5349,2
5350,1
5351,3
5352,6
5353,5
5354,2
5355,1
5356,1
5357,1
5358,1
5359,11
5360,1
5361,2
5362,4
5363,4
5364,2
5365,2
5366,2
5367,5
5368,3
5369,1
5370,2
5371,7
5372,5
5373,2
5374,2
5375,2
5376,8
5377,1
5378,1
5379,1
5380,1
5381,4
5382,4
5383,3
5384,1
5385,1
5386,4
5387,3
5388,1
5389,6
5390,1
5391,2
5392,6
5393,1
5394,2
5395,4
5396,2
5397,2
5398,1
5399,3
5400,1
5401,4
5402,1
5403,4
5404,8
5405,3
5406,1
5407,1
5408,7
5409,6
5410,3
5411,1
5412,8
5413,3
5414,3
5415,9
5416,4
5417,5
5418,3
5419,1
5420,4
5421,2
5422,5
5423,6
5424,3
5425,1
5426,1
5427,2
5428,4
5429,5
5430,3
5431,4
5432,1
5433,3
5434,1
5435,2
5436,1
5437,1
5438,4
5439,1
5440,2
5441,1
5442,6
5443,2
5444,3
5445,2
5446,1
5447,1
5448,3
5449,1
5450,1
5451,1
5452,3
5453,1
5454,3
5455,5
5456,1
5457,2
5458,1
5459,9
5460,1
5461,4
5462,5
5463,2
5464,6
5465,1
5466,1
5467,3
5468,3
5469,2
5470,4
5471,5
5472,2
5473,1
5474,1
5475,8
5476,4
5477,4
5478,1
5479,5
5480,2
5481,1
5482,5
5483,4
5484,5
5485,1
5486,3
5487,4
5488,2
5489,3
5490,3
5491,5
5492,2
5493,1
5494,1
5495,2
5496,5
5497,2
5498,1
5499,5
5500,2
5501,8
5502,4
5503,3
5504,7
5505,2
5506,2
5507,1
5508,8
5509,2
5510,2
5511,1
5512,5
5513,4
5514,1
5515,9
5516,1
5517,6
5518,3
5519,4
5520,1
5521,7
5522,3
5523,3
5524,2
5525,3
5526,5
5527,2
5528,1
5529,4
5530,4
5531,2
5532,1
5533,7
5534,1
5535,2
5536,5
5537,1
5538,2
5539,3
5540,5
5541,5
5542,1
5543,2
5544,1
5545,1
5546,6
5547,1
5548,2
5549,2
5550,7
5551,5
5552,1
5553,5
5554,4
5555,1
5556,5
5557,4
5558,1
5559,2
5560,2
5561,1
5562,2
5563,3
5564,1
5565,2
5566,1
5567,1
5568,3
5569,5
5570,9
5571,1
5572,2
5573,3
5574,6
5575,2
5576,4
5577,2
5578,2
5579,2
5580,2
5581,1
5582,3
5583,1
5584,5
5585,1
5586,7
5587,3
5588,1
5589,6
5590,6
5591,9
5592,1
5593,12
5594,5
5595,1
5596,3
5597,1
5598,3
5599,5
5600,2
5601,1
5602,4
5603,7
5604,1
5605,1
5606,5
5607,2
5608,5
5609,7
5610,1
5611,1
5612,7
5613,6
5614,9
5615,1
5616,2
5617,9
5618,28
5619,14
5620,3
5621,12
5622,3
5623,6
5624,2
5625,11
5626,4
5627,1
5628,4
5629,4
5630,23
5631,7
5632,15
5633,6
5634,2
5635,2
5636,1
5637,3
5638,6
5639,1
5640,1
5641,5
5642,3
5643,1
5644,1
5645,2
5646,9
5647,7
5648,4
5649,9
5650,7
5651,2
5652,6
5653,10
5654,2
5655,10
5656,1
5657,3
5658,13
5659,3
5660,10
5661,14
5662,10
5663,4
5664,4
5665,2
5666,5
5667,3
5668,3
5669,1
5670,8
5671,2
5672,2
5673,9
5674,9
5675,1
5676,9
5677,1
5678,4
5679,1
5680,2
5681,2
5682,6
5683,3
5684,10
5685,6
5686,6
5687,1
5688,19
5689,4
5690,2
5691,6
5692,17
5693,1
5694,2
5695,4
5696,3
5697,1
5698,1
5699,6
5700,1
5701,2
5702,5
5703,1
5704,3
5705,4
5706,4
5707,3
5708,22
5709,12
5710,2
5711,15
5712,8
5713,21
5714,16
5715,5
5716,5
5717,9
5718,1
5719,10
5720,8
5721,12
5722,4
5723,1
5724,28
5725,18
5726,10
5727,13
5728,7
5729,6
5730,11
5731,15
5732,7
5733,10
5734,5
5735,14
5736,27
5737,40
5738,6
5739,21
5740,22
5741,2
5742,10
5743,25
5744,16
5745,9
5746,7
5747,4
5748,11
5749,4
5750,19
5751,1
5752,14
5753,16
5754,9
5755,2
5756,12
5757,2
5758,21
5759,15
5760,5
5761,28
5762,15
5763,4
5764,8
5765,13
5766,3
5767,21
5768,12
5769,4
5770,4
5771,3
5772,4
5773,1
5774,1
5775,1
5776,8
5777,13
5778,3
5779,10
5780,2
5781,5
5782,19
5783,12
5784,2
5785,7
5786,16
5787,3
5788,11
5789,6
5790,1
5791,2
5792,3
5793,2
5794,1
5795,8
5796,5
5797,1
5798,5
5799,1
5800,1
5801,3
5802,2
5803,3
5804,2
5805,3
5806,2
5807,1
5808,2
5809,3
5810,5
5811,2
5812,1
5813,10
5814,7
5815,5
5816,9
5817,2
5818,1
5819,4
5820,8
5821,4
5822,14
5823,2
5824,4
5825,2
5826,5
5827,2
5828,1
5829,6
5830,4
5831,5
5832,1
5833,4
5834,7
5835,6
5836,1
5837,28
5838,1
5839,7
5840,2
5841,3
5842,1
5843,3
5844,5
5845,8
5846,4
5847,1
5848,4
5849,4
5850,3
5851,5
5852,2
5853,2
5854,4
5855,1
5856,1
5857,5
5858,2
5859,2
5860,2
5861,4
5862,2
5863,1
5864,2
5865,1
5866,3
5867,2
5868,2
5869,3
5870,4
5871,3
5872,4
5873,2
5874,6
5875,3
5876,1
5877,4
5878,1
5879,2
5880,3
5881,4
5882,2
5883,4
5884,3
5885,1
5886,1
5887,1
5888,6
5889,1
5890,1
5891,2
5892,1
5893,2
5894,1
5895,3
5896,2
5897,3
5898,1
5899,1
5900,2
5901,1
5902,3
5903,6
5904,3
5905,1
5906,1
5907,6
5908,4
5909,3
5910,1
5911,6
5912,5
5913,4
5914,6
5915,2
5916,4
5917,3
5918,1
5919,2
5920,4
5921,5
5922,5
5923,9
5924,4
5925,1
5926,3
5927,5
5928,4
5929,2
5930,7
5931,8
5932,5
5933,1
5934,1
5935,2
5936,3
5937,3
5938,5
5939,5
5940,2
5941,4
5942,3
5943,2
5944,2
5945,1
5946,3
5947,1
5948,4
5949,1
5950,1
5951,3
5952,3
5953,1
5954,2
5955,1
5956,2
5957,2
5958,1
5959,2
5960,2
5961,3
5962,1
5963,1
5964,3
5965,1
5966,1
5967,1
5968,1
5969,3
5970,7
5971,2
5972,3
5973,1
5974,1
5975,4
5976,2
5977,1
5978,7
5979,1
5980,7
5981,7
5982,3
5983,4
5984,3
5985,4
5986,2
5987,6
5988,2
5989,3
5990,5
5991,2
5992,1
5993,3
5994,6
5995,4
5996,4
5997,3
5998,1
5999,11
6000,3
6001,8
6002,4
6003,3
6004,4
6005,1
6006,1
6007,2
6008,2
6009,8
6010,5
6011,3
6012,2
6013,3
6014,1
6015,6
6016,1
6017,1
6018,3
6019,3
6020,4
6021,2
6022,4
6023,1
6024,1
6025,2
6026,1
6027,2
6028,5
6029,7
6030,1
6031,1
6032,3
6033,1
6034,5
6035,2
6036,2
6037,1
6038,3
6039,1
6040,3
6041,1
6042,2
6043,4
6044,2
6045,4
6046,3
6047,1
6048,2
6049,4
6050,2
6051,3
6052,1
6053,1
6054,2
6055,3
6056,8
6057,2
6058,5
6059,4
6060,1
6061,16
6062,1
6063,7
6064,2
6065,1
6066,1
6067,2
6068,3
6069,4
6070,9
6071,1
6072,2
6073,7
6074,2
6075,1
6076,4
6077,3
6078,8
6079,10
6080,11
6081,10
6082,4
6083,13
6084,1
6085,5
6086,5
6087,7
6088,1
6089,2
6090,1
6091,2
6092,3
6093,1
6094,3
6095,1
6096,1
6097,6
6098,2
6099,1
6100,3
6101,4
6102,4
6103,5
6104,3
6105,12
6106,5
6107,2
6108,2
6109,8
6110,12
6111,4
6112,5
6113,4
6114,3
6115,5
6116,3
6117,4
6118,2
6119,5
6120,8
6121,1
6122,1
6123,1
6124,2
6125,4
6126,1
6127,1
6128,2
6129,13
6130,2
6131,6
6132,5
6133,2
6134,1
6135,2
6136,11
6137,1
6138,4
6139,2
6140,1
6141,1
6142,3
6143,1
6144,3
6145,1
6146,1
6147,3
6148,5
6149,1
6150,7
6151,1
6152,1
6153,7
6154,1
6155,1
6156,5
6157,1
6158,9
6159,3
6160,1
6161,3
6162,1
6163,1
6164,7
6165,1
6166,1
6167,4
6168,1
6169,4
6170,1
6171,1
6172,7
6173,4
6174,2
6175,1
6176,1
6177,3
6178,2
6179,3
6180,3
6181,1
6182,4
6183,2
6184,1
6185,4
6186,1
6187,2
6188,4
6189,4
6190,2
6191,4
6192,2
6193,2
6194,2
6195,1
6196,4
6197,1
6198,2
6199,3
6200,1
6201,1
6202,2
6203,4
6204,3
6205,1
6206,1
6207,1
6208,2
6209,3
6210,1
6211,3
6212,1
6213,1
6214,5
6215,1
6216,1
6217,2
6218,2
6219,1
6220,1
6221,2
6222,2
6223,2
6224,1
6225,1
6226,2
6227,3
6228,2
6229,3
6230,1
6231,1
6232,5
6233,1
6234,3
6235,6
6236,3
6237,5
6238,2
6239,1
6240,3
6241,1
6242,6
6243,6
6244,3
6245,1
6246,1
6247,2
6248,1
6249,3
6250,6
6251,3
6252,1
6253,2
6254,3
6255,1
6256,1
6257,2
6258,9
6259,1
6260,3
6261,4
6262,2
6263,4
6264,5
6265,6
6266,5
6267,6
6268,1
6269,1
6270,2
6271,2
6272,5
6273,3
6274,2
6275,7
6276,1
6277,1
6278,3
6279,1
6280,3
6281,3
6282,1
6283,3
6284,1
6285,1
6286,1
6287,2
6288,5
6289,1
6290,1
6291,1
6292,5
6293,3
6294,1
6295,1
6296,1
6297,1
6298,1
6299,6
6300,2
6301,2
6302,3
6303,2
6304,4
6305,2
6306,6
6307,4
6308,2
6309,1
6310,3
6311,1
6312,3
6313,1
6314,1
6315,1
6316,1
6317,2
6318,8
6319,7
6320,1
6321,1
6322,7
6323,5
6324,1
6325,4
6326,3
6327,7
6328,2
6329,2
6330,1
6331,2
6332,1
6333,1
6334,3
6335,2
6336,4
6337,3
6338,3
6339,1
6340,2
6341,5
6342,1
6343,3
6344,1
6345,1
6346,1
6347,3
6348,5
6349,1
6350,1
6351,5
6352,1
6353,1
6354,1
6355,1
6356,2
6357,1
6358,1
6359,1
6360,1
6361,2
6362,2
6363,1
6364,4
6365,3
6366,3
6367,1
6368,3
6369,5
6370,4
6371,4
6372,3
6373,3
6374,1
6375,4
6376,2
6377,2
6378,2
6379,1
6380,2
6381,1
6382,3
6383,7
6384,3
6385,2
6386,1
6387,1
6388,3
6389,1
6390,1
6391,5
6392,1
6393,6
6394,1
6395,1
6396,3
6397,5
6398,1
6399,2
6400,1
6401,2
6402,6
6403,8
6404,6
6405,3
6406,2
6407,7
6408,3
6409,4
6410,2
6411,7
6412,2
6413,4
6414,6
6415,3
6416,3
6417,1
6418,2
6419,3
6420,1
6421,2
6422,13
6423,1
6424,1
6425,3
6426,1
6427,2
6428,6
6429,2
6430,1
6431,6
6432,8
6433,2
6434,3
6435,2
6436,2
6437,7
6438,3
6439,2
6440,2
6441,4
6442,4
6443,1
6444,5
6445,8
6446,3
6447,1
6448,3
6449,4
6450,1
6451,3
6452,6
6453,3
6454,7
6455,1
6456,1
6457,1
6458,5
6459,1
6460,6
6461,2
6462,2
6463,1
6464,8
6465,3
6466,1
6467,2
6468,1
6469,7
6470,2
6471,14
6472,2
6473,1
6474,5
6475,1
6476,3
6477,5
6478,2
6479,10
6480,4
6481,6
6482,1
6483,1
6484,1
6485,12
6486,1
6487,3
6488,1
6489,2
6490,4
6491,2
6492,6
6493,6
6494,5
6495,6
6496,7
6497,8
6498,2
6499,1
6500,4
6501,1
6502,3
6503,1
6504,1
6505,2
6506,1
6507,2
6508,1
6509,1
6510,6
6511,6
6512,1
6513,1
6514,4
6515,7
6516,1
6517,7
6518,5
6519,1
6520,2
6521,2
6522,2
6523,1
6524,1
6525,1
6526,1
6527,3
6528,3
6529,1
6530,3
6531,1
6532,1
6533,1
6534,4
6535,3
6536,2
6537,1
6538,2
6539,5
6540,1
6541,1
6542,1
6543,2
6544,1
6545,6
6546,5
6547,2
6548,10
6549,1
6550,1
6551,2
6552,2
6553,2
6554,1
6555,3
6556,2
6557,1
6558,1
6559,3
6560,1
6561,5
6562,1
6563,3
6564,3
6565,2
6566,1
6567,3
6568,5
6569,1
6570,3
6571,3
6572,2
6573,3
6574,4
6575,1
6576,1
6577,7
6578,2
6579,3
6580,3
6581,1
6582,4
6583,2
6584,1
6585,5
6586,3
6587,1
6588,1
6589,1
6590,4
6591,5
6592,6
6593,2
6594,3
6595,1
6596,1
6597,3
6598,3
6599,1
6600,4
6601,2
6602,2
6603,7
6604,4
6605,1
6606,2
6607,1
6608,6
6609,4
6610,8
6611,2
6612,1
6613,1
6614,3
6615,9
6616,1
6617,11
6618,2
6619,1
6620,5
6621,3
6622,1
6623,7
6624,3
6625,3
6626,2
6627,3
6628,2
6629,3
6630,1
6631,3
6632,7
6633,2
6634,1
6635,7
6636,1
6637,1
6638,2
6639,9
6640,1
6641,10
6642,6
6643,12
6644,1
6645,1
6646,3
6647,2
6648,1
6649,4
6650,1
6651,1
6652,5
6653,1
6654,1
6655,6
6656,1
6657,1
6658,1
6659,7
6660,4
6661,4
6662,3
6663,1
6664,1
6665,2
6666,2
6667,1
6668,1
6669,3
6670,1
6671,5
6672,3
6673,2
6674,8
6675,2
6676,5
6677,1
6678,8
6679,2
6680,5
6681,2
6682,1
6683,4
6684,1
6685,1
6686,1
6687,2
6688,9
6689,3
6690,2
6691,2
6692,1
6693,1
6694,2
6695,1
6696,1
6697,1
6698,2
6699,1
6700,2
6701,1
6702,2
6703,3
6704,1
6705,4
6706,2
6707,2
6708,1
6709,4
6710,1
6711,2
6712,1
6713,2
6714,1
6715,2
6716,1
6717,2
6718,1
6719,1
6720,1
6721,2
6722,2
6723,2
6724,3
6725,1
6726,2
6727,1
6728,2
6729,7
6730,1
6731,4
6732,2
6733,2
6734,1
6735,1
6736,1
6737,6
6738,1
6739,1
6740,2
6741,1
6742,1
6743,1
6744,2
6745,1
6746,1
6747,2
6748,3
6749,1
6750,2
6751,3
6752,2
6753,1
6754,1
6755,4
6756,3
6757,7
6758,1
6759,2
6760,3
6761,4
6762,3
6763,1
6764,3
6765,6
6766,2
6767,1
6768,8
6769,3
6770,3
6771,1
6772,1
6773,2
6774,3
6775,2
6776,5
6777,2
6778,2
6779,2
6780,1
6781,4
6782,3
6783,1
6784,1
6785,2
6786,6
6787,1
6788,1
6789,1
6790,1
6791,3
6792,6
6793,1
6794,1
6795,1
6796,1
6797,4
6798,2
6799,1
6800,1
6801,3
6802,2
6803,1
6804,1
6805,4
6806,1
6807,2
6808,2
6809,2
6810,1
6811,4
6812,1
6813,2
6814,1
6815,1
6816,4
6817,1
6818,1
6819,4
6820,4
6821,2
6822,4
6823,1
6824,1
6825,1
6826,3
6827,1
6828,1
6829,4
6830,7
6831,3
6832,5
6833,2
6834,3
6835,3
6836,1
6837,2
6838,1
6839,1
6840,1
6841,3
6842,5
6843,2
6844,2
6845,2
6846,1
6847,1
6848,1
6849,2
6850,2
6851,9
6852,4
6853,1
6854,1
6855,3
6856,1
6857,3
6858,3
6859,3
6860,2
6861,6
6862,3
6863,3
6864,1
6865,2
6866,1
6867,6
6868,3
6869,5
6870,2
6871,3
6872,1
6873,1
6874,1
6875,1
6876,1
6877,2
6878,3
6879,1
6880,1
6881,1
6882,1
6883,6
6884,3
6885,1
6886,2
6887,3
6888,8
6889,1
6890,4
6891,2
6892,1
6893,1
6894,2
6895,1
6896,5
6897,2
6898,1
6899,2
6900,1
6901,1
6902,6
6903,2
6904,1
6905,4
6906,2
6907,6
6908,11
6909,1
6910,2
6911,1
6912,1
6913,2
6914,8
6915,2
6916,2
6917,3
6918,3
6919,3
6920,1
6921,4
6922,6
6923,1
6924,4
6925,7
6926,2
6927,4
6928,1
6929,3
6930,3
6931,1
6932,1
6933,2
6934,2
6935,1
6936,4
6937,1
6938,1
6939,3
6940,2
6941,5
6942,1
6943,1
6944,4
6945,2
6946,2
6947,2
6948,3
6949,1
6950,3
6951,2
6952,3
6953,3
6954,2
6955,2
6956,2
6957,3
6958,7
6959,1
6960,4
6961,1
6962,3
6963,2
6964,2
6965,2
6966,3
6967,1
6968,1
6969,6
6970,2
6971,3
6972,5
6973,1
6974,3
6975,2
6976,2
6977,4
6978,1
6979,5
6980,2
6981,3
6982,2
6983,3
6984,4
6985,1
6986,9
6987,2
6988,2
6989,2
6990,3
6991,1
6992,3
6993,2
6994,3
6995,2
6996,2
6997,1
6998,1
6999,2
7000,4
7001,3
7002,3
7003,2
7004,3
7005,1
7006,4
7007,1
7008,2
7009,3
7010,2
7011,1
7012,3
7013,2
7014,2
7015,3
7016,1
7017,2
7018,1
7019,4
7020,3
7021,5
7022,4
7023,6
7024,2
7025,3
7026,7
7027,5
7028,1
7029,2
7030,2
7031,5
7032,1
7033,4
7034,1
7035,1
7036,1
7037,4
7038,5
7039,4
7040,2
7041,6
7042,2
7043,4
7044,1
7045,3
7046,6
7047,2
7048,1
7049,1
7050,1
7051,2
7052,5
7053,1
7054,5
7055,2
7056,2
7057,1
7058,3
7059,3
7060,2
7061,1
7062,2
7063,2
7064,4
7065,1
7066,1
7067,3
7068,1
7069,4
7070,1
7071,1
7072,5
7073,5
7074,2
7075,2
7076,4
7077,3
7078,4
7079,5
7080,4
7081,5
7082,2
7083,2
7084,1
7085,4
7086,6
7087,1
7088,2
7089,3
7090,3
7091,4
7092,2
7093,5
7094,4
7095,3
7096,6
7097,1
7098,3
7099,8
7100,2
7101,2
7102,3
7103,11
7104,1
7105,2
7106,4
7107,2
7108,2
7109,2
7110,1
7111,1
7112,2
7113,5
7114,1
7115,4
7116,1
7117,2
7118,2
7119,3
7120,2
7121,1
7122,5
7123,3
7124,1
7125,2
7126,1
7127,3
7128,1
7129,2
7130,3
7131,1
7132,1
7133,5
7134,4
7135,1
7136,2
7137,3
7138,2
7139,3
7140,3
7141,1
7142,2
7143,5
7144,2
7145,1
7146,1
7147,4
7148,7
7149,1
7150,2
7151,6
7152,3
7153,2
7154,5
7155,1
7156,1
7157,3
7158,4
7159,3
7160,2
7161,2
7162,1
7163,4
7164,1
7165,4
7166,3
7167,4
7168,2
7169,4
7170,13
7171,1
7172,1
7173,5
7174,2
7175,2
7176,4
7177,2
7178,2
7179,1
7180,4
7181,4
7182,2
7183,6
7184,4
7185,1
7186,4
7187,3
7188,4
7189,6
7190,6
7191,6
7192,1
7193,3
7194,3
7195,1
7196,3
7197,9
7198,5
7199,7
7200,1
7201,2
7202,9
7203,6
7204,2
7205,3
7206,1
7207,5
7208,3
7209,4
7210,3
7211,2
7212,2
7213,5
7214,6
7215,4
7216,3
7217,6
7218,13
7219,1
7220,1
7221,2
7222,6
7223,5
7224,12
7225,2
7226,3
7227,3
7228,2
7229,2
7230,1
7231,2
7232,2
7233,4
7234,1
7235,1
7236,1
7237,2
7238,1
7239,2
7240,1
7241,3
7242,3
7243,3
7244,2
7245,2
7246,6
7247,2
7248,4
7249,7
7250,1
7251,4
7252,2
7253,1
7254,1
7255,1
7256,1
7257,1
7258,1
7259,1
7260,5
7261,1
7262,1
7263,1
7264,1
7265,1
7266,1
7267,1
7268,1
7269,3
7270,4
7271,1
7272,1
7273,3
7274,1
7275,4
7276,7
7277,3
7278,1
7279,3
7280,5
7281,4
7282,1
7283,2
7284,1
7285,1
7286,5
7287,1
7288,1
7289,2
7290,2
7291,2
7292,2
7293,1
7294,1
7295,2
7296,4
7297,2
7298,1
7299,3
7300,2
7301,1
7302,2
7303,1
7304,2
7305,1
7306,1
7307,2
7308,3
7309,2
7310,3
7311,1
7312,8
7313,4
7314,3
7315,2
7316,2
7317,3
7318,3
7319,3
7320,1
7321,1
7322,2
7323,1
7324,1
7325,3
7326,1
7327,1
7328,3
7329,4
7330,1
7331,1
7332,3
7333,1
7334,5
7335,3
7336,5
7337,3
7338,1
7339,1
7340,4
7341,2
7342,1
7343,2
7344,2
7345,2
7346,2
7347,1
7348,5
7349,4
7350,5
7351,2
7352,7
7353,2
7354,1
7355,3
7356,1
7357,1
7358,2
7359,7
7360,6
7361,2
7362,3
7363,3
7364,4
7365,1
7366,3
7367,4
7368,2
7369,1
7370,3
7371,2
7372,1
7373,1
7374,1
7375,2
7376,3
7377,11
7378,6
7379,5
7380,1
7381,1
7382,2
7383,1
7384,1
7385,3
7386,1
7387,1
7388,1
7389,2
7390,4
7391,1
7392,1
7393,2
7394,3
7395,3
7396,1
7397,2
7398,1
7399,2
7400,1
7401,1
7402,2
7403,1
7404,1
7405,4
7406,2
7407,3
7408,5
7409,1
7410,2
7411,4
7412,1
7413,7
7414,5
7415,1
7416,2
7417,1
7418,3
7419,1
7420,4
7421,2
7422,3
7423,3
7424,3
7425,1
7426,3
7427,1
7428,1
7429,3
7430,3
7431,7
7432,4
7433,1
7434,1
7435,1
7436,2
7437,1
7438,2
7439,1
7440,1
7441,2
7442,4
7443,5
7444,4
7445,1
7446,1
7447,1
7448,3
7449,2
7450,2
7451,1
7452,1
7453,3
7454,2
7455,4
7456,4
7457,6
7458,1
7459,3
7460,2
7461,1
7462,4
7463,5
7464,3
7465,4
7466,4
7467,1
7468,2
7469,1
7470,3
7471,3
7472,2
7473,1
7474,3
7475,7
7476,1
7477,4
7478,1
7479,2
7480,4
7481,3
7482,2
7483,2
7484,3
7485,3
7486,2
7487,1
7488,1
7489,6
7490,2
7491,1
7492,2
7493,1
7494,1
7495,1
7496,1
7497,1
7498,3
7499,2
7500,1
7501,4
7502,12
7503,2
7504,6
7505,2
7506,2
7507,4
7508,2
7509,1
7510,1
7511,2
7512,1
7513,4
7514,4
7515,1
7516,7
7517,1
7518,1
7519,1
7520,1
7521,2
7522,2
7523,2
7524,1
7525,6
7526,1
7527,4
7528,3
7529,1
7530,2
7531,2
7532,1
7533,2
7534,5
7535,2
7536,1
7537,3
7538,11
7539,2
7540,4
7541,3
7542,1
7543,1
7544,9
7545,3
7546,18
7547,12
7548,7
7549,1
7550,1
7551,1
7552,1
7553,1
7554,3
7555,5
7556,4
7557,3
7558,2
7559,2
7560,9
7561,2
7562,2
7563,8
7564,7
7565,1
7566,6
7567,3
7568,6
7569,3
7570,2
7571,1
7572,8
7573,1
7574,1
7575,1
7576,9
7577,1
7578,1
7579,8
7580,8
7581,1
7582,2
7583,4
7584,1
7585,7
7586,4
7587,4
7588,2
7589,1
7590,4
7591,4
7592,1
7593,1
7594,1
7595,3
7596,2
7597,2
7598,4
7599,2
7600,1
7601,1
7602,3
7603,1
7604,2
7605,2
7606,3
7607,1
7608,8
7609,1
7610,1
7611,1
7612,1
7613,1
7614,2
7615,3
7616,2
7617,1
7618,2
7619,1
7620,2
7621,3
7622,2
7623,10
7624,1
7625,4
7626,2
7627,5
7628,1
7629,3
7630,6
7631,1
7632,2
7633,4
7634,3
7635,2
7636,1
7637,7
7638,2
7639,2
7640,5
7641,2
7642,2
7643,1
7644,1
7645,3
7646,3
7647,3
7648,2
7649,1
7650,4
7651,1
7652,1
7653,1
7654,2
7655,1
7656,1
7657,1
7658,2
7659,3
7660,2
7661,3
7662,1
7663,2
7664,4
7665,2
7666,1
7667,2
7668,2
7669,5
7670,3
7671,2
7672,1
7673,3
7674,6
7675,2
7676,3
7677,1
7678,1
7679,1
7680,1
7681,1
7682,5
7683,4
7684,2
7685,2
7686,3
7687,1
7688,1
7689,1
7690,3
7691,3
7692,1
7693,1
7694,4
7695,1
7696,1
7697,2
7698,2
7699,3
7700,1
7701,2
7702,4
7703,1
7704,4
7705,2
7706,1
7707,1
7708,4
7709,1
7710,1
7711,1
7712,2
7713,3
7714,2
7715,4
7716,4
7717,1
7718,1
7719,1
7720,1
7721,2
7722,1
7723,1
7724,1
7725,3
7726,1
7727,1
7728,1
7729,3
7730,1
7731,1
7732,1
7733,1
7734,1
7735,1
7736,2
7737,3
7738,2
7739,1
7740,1
7741,7
7742,1
7743,5
7744,2
7745,9
7746,6
7747,1
7748,2
7749,1
7750,3
7751,2
7752,1
7753,5
7754,2
7755,3
7756,1
7757,2
7758,9
7759,3
7760,6
7761,2
7762,1
7763,1
7764,2
7765,2
7766,1
7767,1
7768,1
7769,4
7770,2
7771,4
7772,2
7773,1
7774,1
7775,2
7776,2
7777,1
7778,4
7779,1
7780,2
7781,1
7782,2
7783,2
7784,1
7785,5
7786,2
7787,5
7788,5
7789,1
7790,1
7791,3
7792,1
7793,4
7794,2
7795,1
7796,1
7797,4
7798,2
7799,3
7800,1
7801,2
7802,3
7803,2
7804,1
7805,3
7806,1
7807,1
7808,1
7809,1
7810,1
7811,1
7812,2
7813,2
7814,1
7815,1
7816,1
7817,1
7818,1
7819,2
7820,1
7821,1
7822,1
7823,3
7824,1
7825,3
7826,1
7827,2
7828,1
7829,2
7830,1
7831,2
7832,1
7833,1
7834,3
7835,1
7836,2
7837,4
7838,1
7839,4
7840,5
7841,5
7842,5
7843,1
7844,3
7845,8
7846,2
7847,2
7848,3
7849,2
7850,1
7851,3
7852,2
7853,1
7854,3
7855,7
7856,1
7857,5
7858,1
7859,2
7860,6
7861,1
7862,1
7863,1
7864,1
7865,1
7866,3
7867,2
7868,4
7869,2
7870,2
7871,4
7872,1
7873,2
7874,1
7875,1
7876,1
7877,1
7878,4
7879,2
7880,1
7881,1
7882,1
7883,2
7884,3
7885,3
7886,3
7887,1
7888,1
7889,1
7890,2
7891,3
7892,2
7893,2
7894,4
7895,1
7896,3
7897,1
7898,2
7899,1
7900,1
7901,3
7902,1
7903,1
7904,1
7905,3
7906,1
7907,1
7908,1
7909,1
7910,3
7911,1
7912,1
7913,1
7914,1
7915,3
7916,2
7917,1
7918,2
7919,2
7920,1
7921,5
7922,3
7923,1
7924,5
7925,1
7926,2
7927,1
7928,2
7929,1
7930,4
7931,6
7932,2
7933,3
7934,6
7935,1
7936,3
7937,7
7938,6
7939,3
7940,4
7941,1
7942,1
7943,8
7944,1
7945,1
7946,2
7947,1
7948,1
7949,2
7950,2
7951,1
7952,4
7953,1
7954,1
7955,1
7956,1
7957,2
7958,3
7959,1
7960,1
7961,1
7962,4
7963,1
7964,1
7965,1
7966,3
7967,3
7968,2
7969,2
7970,2
7971,1
7972,2
7973,2
7974,4
7975,1
7976,1
7977,2
7978,2
7979,2
7980,1
7981,3
7982,3
7983,1
7984,2
7985,1
7986,1
7987,1
7988,1
7989,1
7990,1
7991,3
7992,1
7993,4
7994,1
7995,2
7996,3
7997,2
7998,2
7999,1
8000,2
8001,1
8002,1
8003,2
8004,1
8005,1
8006,1
8007,1
8008,1
8009,1
8010,4
8011,3
8012,1
8013,3
8014,2
8015,2
8016,2
8017,4
8018,1
8019,1
8020,1
8021,2
8022,4
8023,1
8024,5
8025,1
8026,2
8027,3
8028,2
8029,1
8030,2
8031,1
8032,1
8033,1
8034,2
8035,5
8036,4
8037,1
8038,1
8039,2
8040,2
8041,3
8042,2
8043,3
8044,1
8045,3
8046,1
8047,1
8048,1
8049,2
8050,1
8051,1
8052,1
8053,2
8054,1
8055,2
8056,1
8057,2
8058,4
8059,2
8060,1
8061,3
8062,4
8063,3
8064,6
8065,1
8066,1
8067,4
8068,2
8069,1
8070,1
8071,2
8072,4
8073,4
8074,2
8075,3
8076,8
8077,2
8078,4
8079,1
8080,1
8081,7
8082,4
8083,8
8084,6
8085,2
8086,2
8087,4
8088,1
8089,2
8090,4
8091,1
8092,3
8093,1
8094,1
8095,1
8096,1
8097,5
8098,1
8099,2
8100,2
8101,8
8102,2
8103,6
8104,1
8105,2
8106,1
8107,1
8108,4
8109,6
8110,1
8111,2
8112,9
8113,2
8114,1
8115,4
8116,2
8117,5
8118,3
8119,3
8120,5
8121,3
8122,7
8123,7
8124,2
8125,5
8126,3
8127,1
8128,1
8129,10
8130,9
8131,1
8132,3
8133,5
8134,5
8135,2
8136,1
8137,2
8138,6
8139,1
8140,1
8141,1
8142,1
8143,2
8144,1
8145,2
8146,3
8147,1
8148,1
8149,1
8150,2
8151,6
8152,4
8153,1
8154,2
8155,1
8156,1
8157,3
8158,4
8159,9
8160,5
8161,1
8162,5
8163,1
8164,1
8165,2
8166,1
8167,1
8168,1
8169,3
8170,1
8171,1
8172,4
8173,3
8174,1
8175,2
8176,1
8177,2
8178,1
8179,1
8180,1
8181,13
8182,1
8183,5
8184,2
8185,2
8186,1
8187,1
8188,2
8189,2
8190,1
8191,2
8192,1
8193,5
8194,3
8195,2
8196,2
8197,16
8198,3
8199,5
8200,1
8201,4
8202,2
8203,2
8204,1
8205,1
8206,1
8207,4
8208,2
8209,5
8210,1
8211,4
8212,2
8213,1
8214,1
8215,1
8216,1
8217,3
8218,3
8219,3
8220,1
8221,1
8222,3
8223,2
8224,2
8225,5
8226,3
8227,1
8228,1
8229,5
8230,1
8231,1
8232,1
8233,1
8234,1
8235,2
8236,5
8237,3
8238,6
8239,3
8240,4
8241,1
8242,3
8243,1
8244,2
8245,2
8246,1
8247,1
8248,2
8249,1
8250,3
8251,2
8252,4
8253,2
8254,1
8255,2
8256,4
8257,3
8258,7
8259,4
8260,7
8261,1
8262,5
8263,1
8264,1
8265,1
8266,1
8267,5
8268,4
8269,2
8270,10
8271,1
8272,1
8273,8
8274,1
8275,4
8276,4
8277,1
8278,5
8279,2
8280,4
8281,1
8282,2
8283,3
8284,1
8285,4
8286,2
8287,2
8288,1
8289,2
8290,5
8291,1
8292,1
8293,1
8294,2
8295,1
8296,2
8297,1
8298,3
8299,1
8300,2
8301,5
8302,2
8303,4
8304,5
8305,1
8306,3
8307,2
8308,2
8309,1
8310,1
8311,1
8312,5
8313,9
8314,3
8315,9
8316,3
8317,1
8318,13
8319,5
8320,5
8321,1
8322,1
8323,6
8324,3
8325,4
8326,20
8327,8
8328,7
8329,2
8330,2
8331,7
8332,3
8333,5
8334,2
8335,1
8336,2
8337,4
8338,4
8339,1
8340,3
8341,1
8342,3
8343,3
8344,3
8345,3
8346,1
8347,2
8348,5
8349,5
8350,2
8351,1
8352,1
8353,1
8354,5
8355,6
8356,3
8357,3
8358,1
8359,4
8360,6
8361,7
8362,2
8363,7
8364,4
8365,3
8366,11
8367,4
8368,2
8369,1
8370,6
8371,2
8372,1
8373,1
8374,3
8375,1
8376,3
8377,3
8378,4
8379,3
8380,6
8381,5
8382,2
8383,4
8384,5
8385,7
8386,3
8387,2
8388,10
8389,6
8390,2
8391,3
8392,1
8393,3
8394,10
8395,5
8396,2
8397,5
8398,4
8399,6
8400,2
8401,1
8402,1
8403,6
8404,2
8405,1
8406,1
8407,7
8408,2
8409,4
8410,1
8411,1
8412,3
8413,2
8414,1
8415,1
8416,2
8417,1
8418,2
8419,1
8420,2
8421,2
8422,5
8423,2
8424,3
8425,2
8426,1
8427,1
8428,3
8429,1
8430,2
8431,2
8432,3
8433,4
8434,1
8435,5
8436,1
8437,1
8438,1
8439,1
8440,2
8441,3
8442,1
8443,1
8444,4
8445,1
8446,2
8447,1
8448,1
8449,1
8450,1
8451,3
8452,2
8453,5
8454,3
8455,2
8456,1
8457,2
8458,3
8459,1
8460,2
8461,1
8462,2
8463,3
8464,9
8465,1
8466,7
8467,3
8468,1
8469,1
8470,4
8471,2
8472,1
8473,5
8474,1
8475,2
8476,3
8477,1
8478,8
8479,2
8480,2
8481,2
8482,3
8483,1
8484,1
8485,3
8486,3
8487,2
8488,1
8489,1
8490,4
8491,2
8492,4
8493,9
8494,5
8495,3
8496,2
8497,1
8498,3
8499,1
8500,1
8501,1
8502,4
8503,1
8504,4
8505,1
8506,1
8507,4
8508,1
8509,2
8510,4
8511,1
8512,4
8513,3
8514,1
8515,3
8516,2
8517,3
8518,1
8519,2
8520,3
8521,7
8522,1
8523,3
8524,2
8525,3
8526,1
8527,2
8528,2
8529,1
8530,1
8531,2
8532,1
8533,3
8534,4
8535,3
8536,1
8537,3
8538,1
8539,2
8540,2
8541,3
8542,4
8543,1
8544,3
8545,1
8546,4
8547,4
8548,3
8549,1
8550,2
8551,1
8552,4
8553,1
8554,2
8555,2
8556,5
8557,1
8558,2
8559,1
8560,1
8561,2
8562,3
8563,3
8564,1
8565,1
8566,1
8567,1
8568,2
8569,2
8570,1
8571,1
8572,1
8573,2
8574,4
8575,1
8576,1
8577,2
8578,4
8579,3
8580,2
8581,1
8582,1
8583,3
8584,1
8585,1
8586,1
8587,1
8588,2
8589,1
8590,2
8591,3
8592,1
8593,3
8594,1
8595,3
8596,2
8597,1
8598,1
8599,1
8600,1
8601,2
8602,4
8603,1
8604,5
8605,1
8606,2
8607,3
8608,2
8609,3
8610,1
8611,3
8612,2
8613,1
8614,1
8615,1
8616,2
8617,2
8618,4
8619,3
8620,5
8621,1
8622,2
8623,3
8624,5
8625,5
8626,1
8627,2
8628,1
8629,4
8630,5
8631,5
8632,2
8633,1
8634,2
8635,2
8636,1
8637,2
8638,1
8639,2
8640,1
8641,1
8642,3
8643,5
8644,5
8645,8
8646,1
8647,1
8648,2
8649,1
8650,3
8651,3
8652,4
8653,3
8654,3
8655,4
8656,1
8657,9
8658,2
8659,1
8660,5
8661,2
8662,2
8663,4
8664,4
8665,2
8666,3
8667,2
8668,1
8669,2
8670,2
8671,1
8672,2
8673,4
8674,1
8675,1
8676,6
8677,7
8678,2
8679,5
8680,1
8681,1
8682,1
8683,7
8684,4
8685,4
8686,2
8687,2
8688,1
8689,1
8690,8
8691,2
8692,12
8693,1
8694,1
8695,8
8696,5
8697,3
8698,8
8699,3
8700,3
8701,4
8702,5
8703,4
8704,4
8705,8
8706,1
8707,1
8708,3
8709,3
8710,13
8711,1
8712,6
8713,8
8714,18
8715,7
8716,2
8717,1
8718,5
8719,1
8720,3
8721,1
8722,1
8723,5
8724,8
8725,2
8726,1
8727,8
8728,1
8729,3
8730,6
8731,4
8732,1
8733,4
8734,4
8735,5
8736,4
8737,7
8738,2
8739,3
8740,6
8741,1
8742,1
8743,4
8744,1
8745,2
8746,8
8747,5
8748,2
8749,4
8750,2
8751,1
8752,9
8753,10
8754,1
8755,7
8756,6
8757,6
8758,4
8759,5
8760,11
8761,3
8762,2
8763,10
8764,2
8765,6
8766,2
8767,8
8768,1
8769,3
8770,9
8771,2
8772,2
8773,2
8774,6
8775,7
8776,2
8777,9
8778,3
8779,2
8780,8
8781,2
8782,1
8783,2
8784,4
8785,2
8786,1
8787,3
8788,3
8789,5
8790,4
8791,7
8792,3
8793,1
8794,3
8795,5
8796,4
8797,7
8798,5
8799,4
8800,3
8801,4
8802,3
8803,1
8804,1
8805,3
8806,2
8807,7
8808,1
8809,1
8810,2
8811,6
8812,4
8813,1
8814,1
8815,1
8816,6
8817,4
8818,3
8819,2
8820,4
8821,6
8822,6
8823,2
8824,1
8825,10
8826,1
8827,2
8828,5
8829,5
8830,1
8831,1
8832,2
8833,2
8834,2
8835,1
8836,1
8837,2
8838,5
8839,2
8840,7
8841,2
8842,1
8843,2
8844,6
8845,1
8846,1
8847,2
8848,8
8849,2
8850,2
8851,3
8852,3
8853,3
8854,2
8855,3
8856,3
8857,2
8858,1
8859,5
8860,1
8861,2
8862,1
8863,8
8864,5
8865,1
8866,6
8867,3
8868,4
8869,6
8870,1
8871,2
8872,3
8873,2
8874,1
8875,1
8876,6
8877,2
8878,1
8879,2
8880,2
8881,3
8882,1
8883,3
8884,8
8885,6
8886,2
8887,3
8888,2
8889,1
8890,4
8891,2
8892,2
8893,3
8894,9
8895,1
8896,3
8897,2
8898,1
8899,3
8900,1
8901,1
8902,4
8903,2
8904,1
8905,5
8906,1
8907,7
8908,1
8909,3
8910,10
8911,1
8912,3
8913,3
8914,1
8915,2
8916,1
8917,1
8918,3
8919,1
8920,3
8921,3
8922,2
8923,2
8924,1
8925,1
8926,3
8927,1
8928,7
8929,2
8930,4
8931,3
8932,2
8933,4
8934,2
8935,1
8936,1
8937,3
8938,1
8939,3
8940,3
8941,1
8942,1
8943,2
8944,5
8945,1
8946,1
8947,2
8948,3
8949,1
8950,1
8951,1
8952,3
8953,2
8954,2
8955,1
8956,6
8957,5
8958,1
8959,2
8960,4
8961,2
8962,1
8963,2
8964,1
8965,5
8966,1
8967,1
8968,2
8969,3
8970,8
8971,2
8972,1
8973,2
8974,6
8975,2
8976,2
8977,3
8978,6
8979,8
8980,1
8981,1
8982,2
8983,1
8984,1
8985,2
8986,1
8987,1
8988,1
8989,1
8990,3
8991,1
8992,1
8993,2
8994,5
8995,1
8996,8
8997,4
8998,1
8999,1
9000,4
9001,2
9002,2
9003,3
9004,8
9005,4
9006,1
9007,1
9008,1
9009,1
9010,4
9011,3
9012,4
9013,1
9014,4
9015,1
9016,7
9017,5
9018,7
9019,6
9020,1
9021,2
9022,2
9023,1
9024,4
9025,2
9026,2
9027,3
9028,1
9029,1
9030,3
9031,2
9032,1
9033,4
9034,2
9035,1
9036,1
9037,1
9038,1
9039,1
9040,2
9041,1
9042,1
9043,3
9044,1
9045,3
9046,2
9047,2
9048,2
9049,4
9050,1
9051,1
9052,1
9053,5
9054,1
9055,3
9056,1
9057,2
9058,3
9059,1
9060,7
9061,1
9062,2
9063,1
9064,7
9065,2
9066,8
9067,3
9068,2
9069,1
9070,1
9071,3
9072,2
9073,1
9074,3
9075,3
9076,2
9077,1
9078,3
9079,1
9080,3
9081,3
9082,1
9083,6
9084,2
9085,3
9086,5
9087,3
9088,1
9089,1
9090,1
9091,1
9092,1
9093,1
9094,1
9095,1
9096,2
9097,3
9098,5
9099,3
9100,5
9101,1
9102,6
9103,4
9104,1
9105,5
9106,5
9107,8
9108,2
9109,3
9110,3
9111,1
9112,3
9113,1
9114,7
9115,3
9116,1
9117,2
9118,1
9119,5
9120,11
9121,4
9122,3
9123,6
9124,6
9125,3
9126,1
9127,14
9128,1
9129,1
9130,3
9131,4
9132,11
9133,2
9134,1
9135,3
9136,3
9137,10
9138,5
9139,1
9140,1
9141,2
9142,8
9143,10
9144,3
9145,1
9146,7
9147,4
9148,1
9149,7
9150,1
9151,6
9152,1
9153,6
9154,15
9155,3
9156,9
9157,2
9158,1
9159,3
9160,9
9161,10
9162,1
9163,12
9164,9
9165,6
9166,11
9167,4
9168,1
9169,7
9170,11
9171,6
9172,12
9173,3
9174,3
9175,1
9176,10
9177,5
9178,8
9179,3
9180,1
9181,1
9182,1
9183,2
9184,7
9185,6
9186,4
9187,3
9188,2
9189,3
9190,2
9191,11
9192,1
9193,5
9194,1
9195,1
9196,2
9197,4
9198,8
9199,2
9200,2
9201,11
9202,1
9203,3
9204,2
9205,2
9206,2
9207,1
9208,3
9209,2
9210,4
9211,9
9212,1
9213,3
9214,3
9215,4
9216,15
9217,4
9218,1
9219,17
9220,1
9221,11
9222,9
9223,9
9224,1
9225,1
9226,4
9227,5
9228,9
9229,10
9230,9
9231,2
9232,12
9233,4
9234,12
9235,7
9236,1
9237,18
9238,3
9239,2
9240,1
9241,7
9242,3
9243,25
9244,6
9245,7
9246,4
9247,26
9248,20
9249,3
9250,5
9251,1
9252,19
9253,6
9254,10
9255,9
9256,16
9257,6
9258,6
9259,5
9260,24
9261,6
9262,14
9263,16
9264,6
9265,9
9266,27
9267,22
9268,5
9269,2
9270,12
9271,21
9272,2
9273,1
9274,37
9275,6
9276,17
9277,14
9278,4
9279,6
9280,14
9281,1
9282,3
9283,16
9284,8
9285,3
9286,6
9287,7
9288,31
9289,23
9290,34
9291,12
9292,10
9293,9
9294,13
9295,3
9296,10
9297,11
9298,8
9299,15
9300,19
9301,12
9302,7
9303,3
9304,6
9305,44
9306,16
9307,13
9308,18
9309,44
9310,13
9311,16
9312,6
9313,12
9314,15
9315,9
9316,6
9317,28
9318,2
9319,2
9320,1
9321,5
9322,10
9323,7
9324,13
9325,5
9326,10
9327,8
9328,12
9329,4
9330,20
9331,8
9332,1
9333,6
9334,4
9335,3
9336,1
9337,9
9338,19
9339,16
9340,7
9341,15
9342,3
9343,1
9344,7
9345,9
9346,38
9347,9
9348,11
9349,10
9350,8
9351,5
9352,19
9353,1
9354,5
9355,10
9356,1
9357,7
9358,1
9359,6
9360,6
9361,39
9362,12
9363,7
9364,13
9365,26
9366,7
9367,3
9368,2
9369,2
9370,12
9371,17
9372,16
9373,6
9374,7
9375,3
9376,5
9377,14
9378,9
9379,14
9380,2
9381,6
9382,24
9383,7
9384,14
9385,3
9386,7
9387,9
9388,1
9389,3
9390,14
9391,1
9392,4
9393,17
9394,39
9395,4
9396,20
9397,5
9398,10
9399,32
9400,2
9401,8
9402,17
9403,16
9404,1
9405,5
9406,5
9407,28
9408,19
9409,24
9410,1
9411,15
9412,20
9413,13
9414,8
9415,6
9416,22
9417,16
9418,27
9419,10
9420,36
9421,48
9422,3
9423,42
9424,12
9425,19
9426,26
9427,20
9428,16
9429,12
9430,8
9431,19
9432,5
9433,30
9434,37
9435,24
9436,11
9437,6
9438,8
9439,8
9440,21
9441,17
9442,22
9443,30
9444,4
9445,14
9446,1
9447,5
9448,28
9449,7
9450,12
9451,25
9452,15
9453,3
9454,15
9455,3
9456,7
9457,21
9458,8
9459,17
9460,22
9461,1
9462,5
9463,23
9464,30
9465,5
9466,15
9467,1
9468,18
9469,3
9470,21
9471,14
9472,34
9473,23
9474,11
9475,6
9476,18
9477,10
9478,15
9479,22
9480,30
9481,25
9482,7
9483,42
9484,4
9485,7
9486,3
9487,9
9488,2
9489,10
9490,14
9491,5
9492,2
9493,3
9494,5
9495,19
9496,16
9497,4
9498,1
9499,7
9500,2
9501,15
9502,58
9503,11
9504,6
9505,31
9506,3
9507,2
9508,9
9509,10
9510,23
9511,5
9512,25
9513,16
9514,20
9515,6
9516,5
9517,16
9518,4
9519,14
9520,4
9521,2
9522,6
9523,3
9524,12
9525,10
9526,6
9527,8
9528,20
9529,21
9530,14
9531,3
9532,11
9533,4
9534,11
9535,8
9536,1
9537,2
9538,21
9539,5
9540,1
9541,13
9542,1
9543,13
9544,18
9545,7
9546,4
9547,6
9548,27
9549,16
9550,10
9551,10
9552,1
9553,4
9554,9
9555,23
9556,10
9557,12
9558,23
9559,8
9560,9
9561,4
9562,3
9563,15
9564,1
9565,22
9566,12
9567,24
9568,11
9569,1
9570,2
9571,1
9572,3
9573,2
9574,9
9575,19
9576,2
9577,2
9578,7
9579,2
9580,4
9581,6
9582,3
9583,8
9584,14
9585,9
9586,3
9587,5
9588,3
9589,4
9590,1
9591,6
9592,2
9593,2
9594,2
9595,32
9596,6
9597,5
9598,1
9599,3
9600,5
9601,5
9602,4
9603,1
9604,4
9605,1
9606,5
9607,6
9608,1
9609,1
9610,4
9611,17
9612,1
9613,9
9614,2
9615,2
9616,2
9617,1
9618,7
9619,4
9620,1
9621,6
9622,3
9623,2
9624,4
9625,10
9626,1
9627,2
9628,10
9629,3
9630,1
9631,2
9632,2
9633,1
9634,1
9635,2
9636,5
9637,1
9638,3
9639,4
9640,2
9641,2
9642,5
9643,4
9644,1
9645,2
9646,3
9647,8
9648,2
9649,1
9650,8
9651,1
9652,8
9653,1
9654,8
9655,1
9656,4
9657,8
9658,4
9659,4
9660,1
9661,2
9662,2
9663,1
9664,1
9665,2
9666,2
9667,2
9668,2
9669,3
9670,8
9671,3
9672,8
9673,5
9674,7
9675,1
9676,2
9677,5
9678,1
9679,7
9680,5
9681,8
9682,1
9683,5
9684,2
9685,4
9686,2
9687,2
9688,6
9689,6
9690,1
9691,6
9692,2
9693,4
9694,1
9695,12
9696,3
9697,3
9698,1
9699,3
9700,3
9701,4
9702,1
9703,3
9704,7
9705,4
9706,6
9707,1
9708,2
9709,1
9710,4
9711,1
9712,9
9713,1
9714,2
9715,7
9716,9
9717,2
9718,2
9719,4
9720,2
9721,7
9722,3
9723,2
9724,1
9725,4
9726,8
9727,2
9728,1
9729,3
9730,5
9731,3
9732,1
9733,3
9734,3
9735,1
9736,12
9737,2
9738,2
9739,1
9740,1
9741,1
9742,3
9743,5
9744,1
9745,3
9746,9
9747,2
9748,8
9749,7
9750,2
9751,1
9752,3
9753,5
9754,3
9755,2
9756,3
9757,1
9758,5
9759,1
9760,11
9761,3
9762,4
9763,1
9764,2
9765,1
9766,4
9767,6
9768,5
9769,3
9770,3
9771,4
9772,1
9773,4
9774,6
9775,10
9776,2
9777,1
9778,3
9779,2
9780,4
9781,5
9782,1
9783,10
9784,1
9785,4
9786,4
9787,1
9788,2
9789,2
9790,2
9791,1
9792,2
9793,2
9794,1
9795,1
9796,1
9797,1
9798,1
9799,2
9800,3
9801,3
9802,1
9803,13
9804,2
9805,4
9806,1
9807,3
9808,2
9809,1
9810,3
9811,2
9812,1
9813,1
9814,1
9815,2
9816,1
9817,1
9818,1
9819,3
9820,5
9821,1
9822,1
9823,2
9824,1
9825,1
9826,5
9827,1
9828,2
9829,5
9830,1
9831,1
9832,1
9833,3
9834,6
9835,5
9836,4
9837,1
9838,1
9839,6
9840,1
9841,3
9842,2
9843,4
9844,7
9845,8
9846,3
9847,3
9848,8
9849,2
9850,2
9851,1
9852,20
9853,2
9854,1
9855,2
9856,1
9857,2
9858,1
9859,2
9860,6
9861,6
9862,6
9863,2
9864,15
9865,1
9866,1
9867,8
9868,2
9869,3
9870,1
9871,1
9872,1
9873,2
9874,2
9875,2
9876,1
9877,1
9878,3
9879,4
9880,1
9881,2
9882,5
9883,2
9884,1
9885,5
9886,3
9887,1
9888,7
9889,2
9890,6
9891,3
9892,4
9893,2
9894,7
9895,4
9896,3
9897,1
9898,6
9899,6
9900,1
9901,2
9902,2
9903,3
9904,1
9905,1
9906,1
9907,1
9908,3
9909,1
9910,7
9911,1
9912,1
9913,2
9914,6
9915,3
9916,2
9917,2
9918,7
9919,2
9920,3
9921,2
9922,1
9923,1
9924,1
9925,1
9926,1
9927,6
9928,2
9929,1
9930,1
9931,1
9932,3
9933,1
9934,3
9935,2
9936,1
9937,3
9938,1
9939,2
9940,2
9941,1
9942,2
9943,2
9944,1
9945,7
9946,1
9947,10
9948,2
9949,7
9950,4
9951,7
9952,3
9953,2
9954,3
9955,2
9956,5
9957,1
9958,3
9959,9
9960,4
9961,6
9962,9
9963,1
9964,2
9965,7
9966,6
9967,4
9968,1
9969,3
9970,2
9971,5
9972,5
9973,4
9974,6
9975,4
9976,2
9977,4
9978,7
9979,7
9980,5
9981,2
9982,2
9983,2
9984,11
9985,7
9986,2
9987,2
9988,12
9989,1
9990,2
9991,6
9992,2
9993,1
9994,2
9995,2
9996,7
9997,3
9998,5
9999,4
10000,6
10001,5
10002,7
10003,5
10004,3
10005,2
10006,1
10007,8
10008,1
10009,4
10010,2
10011,4
10012,2
10013,3
10014,4
10015,6
10016,3
10017,2
10018,1
10019,9
10020,2
10021,1
10022,6
10023,4
10024,15
10025,4
10026,6
10027,4
10028,2
10029,6
10030,1
10031,1
10032,2
10033,4
10034,4
10035,1
10036,7
10037,1
10038,2
10039,5
10040,5
10041,2
10042,17
10043,1
10044,1
10045,3
10046,12
10047,13
10048,8
10049,2
10050,2
10051,2
10052,3
10053,2
10054,6
10055,1
10056,3
10057,1
10058,3
10059,5
10060,1
10061,4
10062,5
10063,2
10064,2
10065,4
10066,1
10067,3
10068,2
10069,3
10070,1
10071,2
10072,5
10073,6
10074,6
10075,13
10076,6
10077,3
10078,1
10079,13
10080,5
10081,3
10082,2
10083,5
10084,1
10085,9
10086,4
10087,1
10088,5
10089,3
10090,4
10091,2
10092,4
10093,2
10094,6
10095,6
10096,3
10097,2
10098,3
10099,3
10100,10
10101,3
10102,2
10103,14
10104,1
10105,2
10106,5
10107,2
10108,4
10109,3
10110,2
10111,10
10112,10
10113,2
10114,4
10115,4
10116,2
10117,6
10118,6
10119,12
10120,6
10121,2
10122,8
10123,1
10124,2
10125,3
10126,2
10127,6
10128,10
10129,4
10130,1
10131,1
10132,1
10133,1
10134,2
10135,3
10136,2
10137,3
10138,2
10139,3
10140,1
10141,1
10142,8
10143,6
10144,1
10145,3
10146,5
10147,4
10148,2
10149,5
10150,8
10151,4
10152,5
10153,2
10154,3
10155,5
10156,1
10157,1
10158,5
10159,9
10160,4
10161,1
10162,4
10163,4
10164,7
10165,3
10166,2
10167,1
10168,6
10169,9
10170,2
10171,3
10172,2
10173,1
10174,6
10175,1
10176,8
10177,2
10178,2
10179,3
10180,5
10181,1
10182,5
10183,2
10184,1
10185,5
10186,4
10187,5
10188,1
10189,5
10190,8
10191,1
10192,2
10193,8
10194,2
10195,5
10196,1
10197,4
10198,16
10199,2
10200,5
10201,2
10202,3
10203,2
10204,10
10205,5
10206,1
10207,9
10208,3
10209,2
10210,1
10211,2
10212,6
10213,5
10214,2
10215,9
10216,3
10217,1
10218,9
10219,9
10220,1
10221,2
10222,11
10223,3
10224,5
10225,4
10226,2
10227,4
10228,7
10229,5
10230,2
10231,7
10232,9
10233,2
10234,4
10235,7
10236,7
10237,2
10238,2
10239,1
10240,5
10241,2
10242,2
10243,3
10244,7
10245,1
10246,3
10247,6
10248,1
10249,5
10250,2
10251,1
10252,4
10253,4
10254,1
10255,1
10256,2
10257,5
10258,2
10259,1
10260,4
10261,5
10262,1
10263,17
10264,2
10265,3
10266,2
10267,10
10268,2
10269,3
10270,4
10271,4
10272,3
10273,5
10274,3
10275,1
10276,3
10277,3
10278,3
10279,5
10280,3
10281,4
10282,1
10283,2
10284,23
10285,4
10286,12
10287,2
10288,1
10289,4
10290,1
10291,6
10292,7
10293,2
10294,3
10295,2
10296,2
10297,16
10298,4
10299,1
10300,2
10301,1
10302,9
10303,5
10304,1
10305,1
10306,17
10307,4
10308,5
10309,4
10310,7
10311,3
10312,1
10313,2
10314,1
10315,6
10316,8
10317,4
10318,2
10319,3
10320,2
10321,14
10322,1
10323,9
10324,4
10325,1
10326,2
10327,7
10328,3
10329,3
10330,8
10331,3
10332,3
10333,6
10334,8
10335,1
10336,7
10337,9
10338,21
10339,3
10340,30
10341,1
10342,17
10343,16
10344,6
10345,3
10346,2
10347,8
10348,12
10349,6
10350,10
10351,1
10352,5
10353,20
10354,4
10355,1
10356,6
10357,6
10358,1
10359,10
10360,31
10361,8
10362,6
10363,4
10364,2
10365,3
10366,6
10367,7
10368,2
10369,2
10370,6
10371,2
10372,1
10373,9
10374,1
10375,22
10376,5
10377,3
10378,8
10379,13
10380,13
10381,14
10382,2
10383,5
10384,6
10385,18
10386,23
10387,2
10388,8
10389,1
10390,11
10391,1
10392,2
10393,3
10394,8
10395,9
10396,5
10397,2
10398,11
10399,1
10400,1
10401,8
10402,9
10403,15
10404,3
10405,8
10406,7
10407,4
10408,3
10409,10
10410,12
10411,13
10412,12
10413,13
10414,16
10415,4
10416,16
10417,6
10418,10
10419,2
10420,5
10421,8
10422,10
10423,3
10424,13
10425,3
10426,8
10427,19
10428,23
10429,19
10430,13
10431,11
10432,2
10433,9
10434,1
10435,25
10436,5
10437,26
10438,13
10439,8
10440,5
10441,4
10442,17
10443,2
10444,1
10445,2
10446,2
10447,1
10448,6
10449,2
10450,10
10451,10
10452,6
10453,5
10454,1
10455,5
10456,6
10457,16
10458,8
10459,12
10460,1
10461,3
10462,11
10463,6
10464,3
10465,2
10466,9
10467,6
10468,24
10469,6
10470,5
10471,8
10472,6
10473,8
10474,7
10475,2
10476,1
10477,10
10478,4
10479,15
10480,34
10481,1
10482,14
10483,1
10484,1
10485,11
10486,1
10487,5
10488,8
10489,1
10490,2
10491,13
10492,2
10493,1
10494,5
10495,29
10496,9
10497,1
10498,3
10499,16
10500,34
10501,11
10502,23
10503,1
10504,5
10505,13
10506,14
10507,16
10508,1
10509,13
10510,8
10511,29
10512,38
10513,23
10514,14
10515,24
10516,16
10517,10
10518,10
10519,5
10520,17
10521,8
10522,4
10523,14
10524,16
10525,3
10526,8
10527,3
10528,9
10529,3
10530,13
10531,39
10532,9
10533,2
10534,18
10535,3
10536,2
10537,65
10538,2
10539,20
10540,2
10541,2
10542,6
10543,10
10544,8
10545,34
10546,10
10547,2
10548,8
10549,6
10550,1
10551,23
10552,4
10553,4
10554,1
10555,1
10556,5
10557,1
10558,1
10559,11
10560,6
10561,3
10562,9
10563,11
10564,3
10565,3
10566,19
10567,45
10568,10
10569,8
10570,2
10571,26
10572,15
10573,1
10574,5
10575,28
10576,6
10577,14
10578,4
10579,26
10580,14
10581,39
10582,5
10583,13
10584,2
10585,1
10586,4
10587,1
10588,6
10589,7
10590,8
10591,2
10592,11
10593,5
10594,3
10595,5
10596,20
10597,2
10598,9
10599,4
10600,16
10601,5
10602,42
10603,9
10604,11
10605,7
10606,3
10607,6
10608,22
10609,1
10610,1
10611,2
10612,2
10613,2
10614,1
10615,2
10616,2
10617,32
10618,5
10619,3
10620,6
10621,8
10622,1
10623,4
10624,23
10625,13
10626,4
10627,16
10628,7
10629,4
10630,8
10631,17
10632,10
10633,1
10634,12
10635,2
10636,13
10637,1
10638,16
10639,1
10640,2
10641,3
10642,5
10643,12
10644,16
10645,8
10646,9
10647,11
10648,2
10649,13
10650,14
10651,4
10652,2
10653,7
10654,6
10655,21
10656,21
10657,8
10658,5
10659,10
10660,3
10661,1
10662,14
10663,7
10664,1
10665,14
10666,4
10667,3
10668,6
10669,2
10670,4
10671,2
10672,18
10673,10
10674,8
10675,2
10676,7
10677,4
10678,8
10679,4
10680,1
10681,1
10682,3
10683,1
10684,2
10685,1
10686,2
10687,1
10688,1
10689,1
10690,1
10691,1
10692,1
10693,1
10694,3
10695,3
10696,2
10697,4
10698,2
10699,2
10700,2
10701,1
10702,2
10703,1
10704,1
10705,1
10706,1
10707,1
10708,1
10709,1
10710,2
10711,7
10712,1
10713,5
10714,5
10715,2
10716,6
10717,7
10718,8
10719,1
10720,1
10721,1
10722,7
10723,1
10724,3
10725,3
10726,10
10727,1
10728,2
10729,3
10730,3
10731,4
10732,7
10733,3
10734,1
10735,1
10736,6
10737,1
10738,1
10739,1
10740,6
10741,4
10742,3
10743,2
10744,4
10745,2
10746,1
10747,1
10748,1
10749,2
10750,1
10751,2
10752,3
10753,3
10754,1
10755,2
10756,4
10757,1
10758,1
10759,1
10760,3
10761,1
10762,1
10763,5
10764,3
10765,1
10766,3
10767,1
10768,1
10769,2
10770,1
10771,1
10772,1
10773,1
10774,2
10775,5
10776,2
10777,1
10778,1
10779,1
10780,1
10781,2
10782,1
10783,3
10784,3
10785,1
10786,1
10787,1
10788,2
10789,1
10790,1
10791,1
10792,3
10793,2
10794,1
10795,1
10796,2
10797,1
10798,3
10799,1
10800,1
