1,6
2,1
3,4
4,6
5,4
6,5
7,4
8,3
9,2
10,1
11,7
12,5
13,1
14,8
15,11
16,2
17,10
18,4
19,1
20,4
21,3
22,2
23,2
24,1
25,1
26,6
27,3
28,2
29,1
30,1
31,8
32,6
33,1
34,7
35,16
36,3
37,4
38,5
39,2
40,6
41,6
42,4
43,2
44,1
45,1
46,3
47,1
48,1
49,1
50,1
51,1
52,3
53,2
54,8
55,3
56,7
57,3
58,6
59,3
60,6
61,5
62,4
63,1
64,1
65,1
66,4
67,3
68,9
69,7
70,4
71,2
72,1
73,1
74,1
75,5
76,4
77,5
78,3
79,3
80,8
81,2
82,1
83,2
84,19
85,2
86,1
87,5
88,3
89,10
90,5
91,10
92,5
93,5
94,1
95,2
96,7
97,14
98,8
99,3
100,6
101,6
102,1
103,5
104,2
105,11
106,2
107,4
108,3
109,2
110,10
111,1
112,10
113,4
114,5
115,6
116,5
117,2
118,4
119,5
120,8
121,3
122,20
123,2
124,1
125,8
126,1
127,5
128,11
129,9
130,1
131,6
132,2
133,3
134,9
135,7
136,8
137,6
138,6
139,7
140,10
141,9
142,6
143,2
144,12
145,2
146,5
147,3
148,9
149,16
150,4
151,1
152,7
153,1
154,8
155,1
156,2
157,3
158,7
159,4
160,6
161,1
162,1
163,1
164,5
165,3
166,1
167,6
168,1
169,5
170,2
171,8
172,2
173,8
174,1
175,1
176,1
177,4
178,3
179,1
180,5
181,1
182,2
183,15
184,5
185,6
186,1
187,2
188,4
189,6
190,1
191,7
192,5
193,2
194,4
195,5
196,1
197,4
198,3
199,3
200,4
201,5
202,5
203,1
204,2
205,4
206,13
207,5
208,14
209,14
210,16
211,2
212,1
213,2
214,1
215,2
216,4
217,3
218,5
219,20
220,1
221,4
222,5
223,2
224,12
225,8
226,2
227,2
228,4
229,2
230,5
231,5
232,5
233,6
234,2
235,12
236,1
237,3
238,3
239,4
240,3
241,18
242,1
243,3
244,9
245,1
246,4
247,14
248,6
249,4
250,5
251,2
252,1
253,2
254,1
255,1
256,6
257,2
258,5
259,2
260,4
261,1
262,5
263,3
264,1
265,7
266,1
267,3
268,11
269,5
270,2
271,5
272,2
273,4
274,2
275,1
276,3
277,4
278,8
279,4
280,4
281,7
282,1
283,3
284,2
285,1
286,3
287,10
288,2
289,8
290,21
291,1
292,4
293,2
294,1
295,3
296,4
297,4
298,5
299,7
300,3
301,9
302,4
303,2
304,6
305,9
306,3
307,3
308,1
309,5
310,8
311,8
312,1
313,2
314,2
315,8
316,6
317,3
318,1
319,8
320,1
321,1
322,2
323,2
324,2
325,3
326,4
327,3
328,4
329,4
330,11
331,4
332,1
333,2
334,2
335,3
336,2
337,15
338,3
339,4
340,9
341,1
342,4
343,5
344,11
345,5
346,2
347,2
348,4
349,6
350,1
351,1
352,6
353,3
354,1
355,2
356,7
357,5
358,1
359,4
360,3
361,10
362,4
363,4
364,2
365,1
366,3
367,1
368,6
369,2
370,4
371,7
372,4
373,2
374,2
375,1
376,1
377,4
378,2
379,3
380,5
381,2
382,6
383,1
384,1
385,14
386,1
387,13
388,4
389,5
390,1
391,7
392,2
393,3
394,8
395,4
396,2
397,22
398,2
399,2
400,1
401,7
402,2
403,18
404,3
405,3
406,8
407,3
408,3
409,13
410,3
411,1
412,3
413,7
414,4
415,2
416,2
417,6
418,4
419,4
420,10
421,4
422,3
423,1
424,6
425,3
426,4
427,2
428,6
429,1
430,11
431,2
432,1
433,2
434,4
435,3
436,2
437,2
438,12
439,8
440,4
441,3
442,6
443,9
444,2
445,4
446,2
447,11
448,3
449,4
450,2
451,1
452,1
453,5
454,5
455,8
456,6
457,1
458,9
459,1
460,1
461,3
462,2
463,1
464,8
465,8
466,3
467,3
468,6
469,2
470,2
471,7
472,1
473,1
474,7
475,14
476,7
477,10
478,8
479,5
480,1
481,4
482,4
483,1
484,2
485,2
486,2
487,1
488,7
489,6
490,2
491,4
492,3
493,2
494,2
495,14
496,1
497,2
498,4
499,3
500,3
501,1
502,2
503,2
504,19
505,1
506,3
507,5
508,5
509,1
510,3
511,1
512,7
513,5
514,3
515,2
516,2
517,4
518,9
519,4
520,3
521,3
522,8
523,1
524,2
525,2
526,3
527,1
528,3
529,2
530,3
531,7
532,1
533,7
534,5
535,7
536,2
537,3
538,3
539,1
540,1
541,1
542,6
543,2
544,1
545,3
546,4
547,2
548,2
549,2
550,3
551,2
552,6
553,2
554,5
555,1
556,1
557,2
558,2
559,7
560,10
561,2
562,3
563,1
564,1
565,4
566,5
567,6
568,6
569,9
570,4
571,1
572,7
573,1
574,2
575,10
576,1
577,1
578,2
579,1
580,5
581,5
582,5
583,4
584,6
585,2
586,1
587,1
588,5
589,3
590,1
591,3
592,2
593,4
594,8
595,4
596,6
597,4
598,4
599,1
600,7
601,4
602,9
603,1
604,1
605,6
606,2
607,1
608,2
609,5
610,6
611,1
612,1
613,1
614,1
615,2
616,3
617,1
618,4
619,3
620,1
621,6
622,1
623,7
624,3
625,4
626,4
627,2
628,3
629,5
630,2
631,4
632,8
633,2
634,6
635,2
636,1
637,3
638,4
639,8
640,4
641,3
642,11
643,16
644,5
645,8
646,2
647,9
648,12
649,1
650,8
651,2
652,4
653,1
654,7
655,1
656,5
657,11
658,3
659,6
660,3
661,12
662,14
663,21
664,3
665,11
666,1
667,13
668,3
669,28
670,4
671,8
672,7
673,22
674,10
675,2
676,30
677,10
678,12
679,34
680,9
681,1
682,6
683,2
684,10
685,32
686,4
687,1
688,10
689,5
690,22
691,16
692,1
693,10
694,5
695,5
696,2
697,8
698,2
699,7
700,3
701,3
702,8
703,10
704,2
705,4
706,4
707,8
708,2
709,1
710,8
711,18
712,8
713,1
714,7
715,5
716,6
717,30
718,3
719,2
720,4
721,1
722,3
723,7
724,5
725,6
726,9
727,2
728,6
729,1
730,6
731,5
732,4
733,5
734,8
735,5
736,7
737,4
738,7
739,1
740,6
741,14
742,4
743,9
744,1
745,8
746,1
747,3
748,4
749,1
750,2
751,2
752,3
753,4
754,8
755,5
756,6
757,4
758,1
759,8
760,3
761,7
762,4
763,3
764,5
765,1
766,1
767,1
768,1
769,5
770,3
771,1
772,14
773,2
774,2
775,3
776,2
777,3
778,3
779,1
780,3
781,4
782,3
783,3
784,3
785,1
786,2
787,4
788,3
789,5
790,18
791,3
792,5
793,1
794,4
795,4
796,2
797,4
798,9
799,1
800,3
801,1
802,5
803,3
804,8
805,2
806,4
807,19
808,2
809,3
810,3
811,7
812,9
813,3
814,8
815,1
816,12
817,4
818,4
819,14
820,8
821,2
822,1
823,9
824,2
825,2
826,3
827,3
828,5
829,6
830,8
831,1
832,2
833,7
834,7
835,5
836,1
837,1
838,12
839,4
840,15
841,5
842,5
843,5
844,30
845,3
846,5
847,2
848,2
849,1
850,2
851,4
852,1
853,8
854,6
855,11
856,9
857,1
858,5
859,4
860,7
861,10
862,15
863,3
864,4
865,2
866,5
867,2
868,3
869,2
870,1
871,2
872,2
873,4
874,1
875,6
876,1
877,5
878,4
879,6
880,3
881,7
882,9
883,1
884,1
885,6
886,6
887,4
888,9
889,2
890,1
891,3
892,2
893,1
894,2
895,1
896,3
897,4
898,2
899,1
900,2
901,2
902,2
903,3
904,8
905,18
906,3
907,3
908,5
909,1
910,3
911,3
912,4
913,3
914,1
915,5
916,4
917,2
918,2
919,1
920,1
921,2
922,2
923,1
924,2
925,2
926,5
927,11
928,3
929,1
930,2
931,2
932,3
933,7
934,8
935,2
936,7
937,3
938,1
939,3
940,7
941,9
942,6
943,5
944,1
945,1
946,2
947,3
948,2
949,7
950,4
951,1
952,1
953,9
954,4
955,3
956,2
957,2
958,5
959,1
960,2
961,12
962,6
963,4
964,25
965,2
966,1
967,3
968,1
969,14
970,5
971,1
972,1
973,5
974,5
975,13
976,4
977,2
978,1
979,7
980,3
981,1
982,2
983,14
984,24
985,1
986,2
987,2
988,7
989,7
990,26
991,7
992,4
993,3
994,4
995,1
996,4
997,8
998,2
999,3
1000,1
1001,5
1002,5
1003,9
1004,11
1005,13
1006,10
1007,5
1008,26
1009,4
1010,2
1011,4
1012,1
1013,19
1014,2
1015,4
1016,16
1017,1
1018,4
1019,5
1020,6
1021,20
1022,1
1023,4
1024,4
1025,2
1026,9
1027,8
1028,4
1029,3
1030,11
1031,14
1032,4
1033,11
1034,13
1035,25
1036,15
1037,37
1038,5
1039,1
1040,5
1041,4
1042,4
1043,5
1044,33
1045,6
1046,1
1047,9
1048,6
1049,2
1050,13
1051,2
1052,21
1053,1
1054,6
1055,7
1056,61
1057,9
1058,1
1059,13
1060,3
1061,1
1062,8
1063,5
1064,6
1065,3
1066,3
1067,35
1068,7
1069,11
1070,24
1071,3
1072,11
1073,26
1074,1
1075,4
1076,4
1077,2
1078,29
1079,28
1080,5
1081,4
1082,2
1083,3
1084,11
1085,16
1086,7
1087,13
1088,7
1089,3
1090,2
1091,11
1092,5
1093,1
1094,6
1095,3
1096,9
1097,4
1098,3
1099,3
1100,4
1101,7
1102,3
1103,34
1104,9
1105,2
1106,1
1107,3
1108,5
1109,20
1110,2
1111,1
1112,4
1113,4
1114,10
1115,10
1116,2
1117,2
1118,4
1119,4
1120,3
1121,2
1122,3
1123,13
1124,1
1125,1
1126,2
1127,19
1128,8
1129,15
1130,2
1131,3
1132,5
1133,2
1134,2
1135,4
1136,3
1137,4
1138,1
1139,5
1140,11
1141,5
1142,21
1143,1
1144,2
1145,1
1146,2
1147,5
1148,2
1149,4
1150,4
1151,3
1152,3
1153,8
1154,3
1155,14
1156,3
1157,3
1158,10
1159,24
1160,3
1161,7
1162,5
1163,10
1164,1
1165,3
1166,3
1167,9
1168,6
1169,5
1170,19
1171,9
1172,5
1173,8
1174,2
1175,9
1176,1
1177,5
1178,1
1179,2
1180,5
1181,1
1182,14
1183,15
1184,3
1185,3
1186,11
1187,11
1188,5
1189,14
1190,3
1191,3
1192,1
1193,2
1194,5
1195,1
1196,1
1197,7
1198,3
1199,8
1200,1
1201,5
1202,7
1203,5
1204,4
1205,25
1206,3
1207,3
1208,15
1209,11
1210,3
1211,6
1212,4
1213,1
1214,12
1215,1
1216,9
1217,6
1218,5
1219,10
1220,4
1221,4
1222,11
1223,7
1224,11
1225,4
1226,11
1227,8
1228,18
1229,8
1230,6
1231,6
1232,13
1233,3
1234,5
1235,10
1236,5
1237,5
1238,16
1239,1
1240,17
1241,2
1242,2
1243,3
1244,1
1245,10
1246,1
1247,1
1248,4
1249,6
1250,2
1251,2
1252,10
1253,4
1254,6
1255,3
1256,6
1257,8
1258,4
1259,1
1260,5
1261,1
1262,10
1263,2
1264,15
1265,5
1266,3
1267,4
1268,5
1269,4
1270,5
1271,1
1272,3
1273,1
1274,2
1275,1
1276,7
1277,10
1278,1
1279,1
1280,2
1281,2
1282,2
1283,4
1284,10
1285,6
1286,6
1287,17
1288,4
1289,5
1290,1
1291,1
1292,5
1293,6
1294,7
1295,1
1296,2
1297,3
1298,3
1299,3
1300,3
1301,1
1302,1
1303,1
1304,10
1305,1
1306,1
1307,3
1308,2
1309,6
1310,2
1311,4
1312,4
1313,3
1314,4
1315,1
1316,8
1317,1
1318,7
1319,4
1320,5
1321,5
1322,1
1323,1
1324,3
1325,6
1326,3
1327,1
1328,11
1329,4
1330,1
1331,1
1332,6
1333,4
1334,2
1335,6
1336,3
1337,2
1338,4
1339,2
1340,1
1341,1
1342,6
1343,4
1344,1
1345,2
1346,1
1347,2
1348,4
1349,4
1350,13
1351,5
1352,2
1353,2
1354,1
1355,1
1356,4
1357,3
1358,5
1359,7
1360,2
1361,14
1362,6
1363,4
1364,2
1365,8
1366,4
1367,2
1368,3
1369,4
1370,1
1371,2
1372,4
1373,1
1374,3
1375,1
1376,15
1377,4
1378,8
1379,1
1380,1
1381,1
1382,2
1383,1
1384,1
1385,1
1386,9
1387,1
1388,7
1389,2
1390,12
1391,13
1392,12
1393,12
1394,1
1395,1
1396,3
1397,6
1398,8
1399,2
1400,2
1401,15
1402,2
1403,3
1404,1
1405,8
1406,1
1407,1
1408,1
1409,3
1410,7
1411,1
1412,4
1413,4
1414,1
1415,5
1416,1
1417,2
1418,2
1419,2
1420,2
1421,1
1422,3
1423,8
1424,4
1425,1
1426,4
1427,1
1428,8
1429,3
1430,2
1431,5
1432,9
1433,3
1434,5
1435,2
1436,1
1437,4
1438,1
1439,1
1440,3
1441,1
1442,1
1443,4
1444,5
1445,7
1446,9
1447,2
1448,5
1449,3
1450,6
1451,4
1452,8
1453,12
1454,6
1455,1
1456,9
1457,3
1458,1
1459,1
1460,2
1461,1
1462,2
1463,4
1464,1
1465,1
1466,4
1467,3
1468,7
1469,1
1470,2
1471,1
1472,4
1473,2
1474,14
1475,4
1476,5
1477,2
1478,2
1479,4
1480,7
1481,1
1482,4
1483,13
1484,3
1485,5
1486,1
1487,1
1488,5
1489,1
1490,13
1491,6
1492,3
1493,13
1494,2
1495,2
1496,3
1497,1
1498,6
1499,1
1500,2
1501,3
1502,13
1503,1
1504,1
1505,2
1506,2
1507,3
1508,13
1509,23
1510,8
1511,2
1512,2
1513,3
1514,2
1515,5
1516,1
1517,4
1518,1
1519,9
1520,7
1521,7
1522,10
1523,3
1524,8
1525,10
1526,4
1527,4
1528,1
1529,2
1530,1
1531,1
1532,5
1533,2
1534,2
1535,13
1536,8
1537,3
1538,1
1539,1
1540,4
1541,1
1542,2
1543,6
1544,2
1545,4
1546,10
1547,11
1548,1
1549,3
1550,1
1551,2
1552,2
1553,14
1554,2
1555,1
1556,1
1557,2
1558,4
1559,4
1560,8
1561,6
1562,8
1563,7
1564,4
1565,2
1566,4
1567,3
1568,7
1569,4
1570,10
1571,2
1572,11
1573,14
1574,6
1575,5
1576,6
1577,7
1578,6
1579,2
1580,1
1581,4
1582,2
1583,2
1584,2
1585,19
1586,10
1587,2
1588,5
1589,9
1590,2
1591,3
1592,5
1593,10
1594,2
1595,3
1596,2
1597,4
1598,1
1599,6
1600,2
1601,9
1602,2
1603,2
1604,7
1605,1
1606,3
1607,12
1608,3
1609,1
1610,6
1611,1
1612,4
1613,8
1614,2
1615,1
1616,1
1617,1
1618,6
1619,1
1620,1
1621,4
1622,9
1623,18
1624,2
1625,1
1626,8
1627,5
1628,14
1629,5
1630,29
1631,5
1632,12
1633,2
1634,4
1635,2
1636,1
1637,4
1638,7
1639,2
1640,3
1641,1
1642,4
1643,3
1644,4
1645,2
1646,2
1647,2
1648,7
1649,4
1650,7
1651,21
1652,7
1653,11
1654,2
1655,1
1656,7
1657,5
1658,1
1659,1
1660,8
1661,5
1662,2
1663,11
1664,1
1665,10
1666,3
1667,1
1668,2
1669,11
1670,3
1671,5
1672,17
1673,6
1674,2
1675,6
1676,4
1677,13
1678,5
1679,1
1680,3
1681,1
1682,4
1683,2
1684,13
1685,10
1686,5
1687,17
1688,1
1689,9
1690,3
1691,8
1692,3
1693,4
1694,4
1695,14
1696,19
1697,13
1698,7
1699,2
1700,20
1701,1
1702,5
1703,2
1704,1
1705,15
1706,4
1707,1
1708,5
1709,2
1710,8
1711,2
1712,14
1713,2
1714,16
1715,9
1716,14
1717,2
1718,6
1719,13
1720,3
1721,8
1722,10
1723,4
1724,6
1725,3
1726,14
1727,5
1728,14
1729,1
1730,3
1731,1
1732,20
1733,18
1734,3
1735,9
1736,6
1737,3
1738,5
1739,10
1740,6
1741,3
1742,18
1743,1
1744,5
1745,4
1746,1
1747,8
1748,12
1749,17
1750,1
1751,1
1752,16
1753,2
1754,10
1755,15
1756,3
1757,34
1758,1
1759,6
1760,3
1761,1
1762,15
1763,7
1764,15
1765,9
1766,10
1767,1
1768,4
1769,4
1770,1
1771,10
1772,6
1773,8
1774,5
1775,4
1776,9
1777,5
1778,5
1779,7
1780,4
1781,4
1782,3
1783,2
1784,5
1785,6
1786,13
1787,1
1788,2
1789,7
1790,2
1791,36
1792,12
1793,12
1794,3
1795,2
1796,1
1797,9
1798,6
1799,9
1800,14
1801,3
1802,12
1803,12
1804,11
1805,6
1806,1
1807,6
1808,1
1809,9
1810,10
1811,8
1812,33
1813,8
1814,8
1815,17
1816,5
1817,31
1818,7
1819,16
1820,26
1821,15
1822,4
1823,11
1824,5
1825,8
1826,1
1827,6
1828,2
1829,3
1830,7
1831,8
1832,17
1833,1
1834,2
1835,2
1836,8
1837,7
1838,2
1839,20
1840,12
1841,4
1842,8
1843,7
1844,3
1845,13
1846,1
1847,3
1848,10
1849,7
1850,2
1851,1
1852,6
1853,4
1854,16
1855,5
1856,11
1857,4
1858,1
1859,23
1860,9
1861,5
1862,5
1863,14
1864,9
1865,9
1866,20
1867,12
1868,1
1869,8
1870,6
1871,4
1872,15
1873,27
1874,6
1875,4
1876,5
1877,13
1878,22
1879,14
1880,28
1881,16
1882,8
1883,13
1884,11
1885,2
1886,2
1887,4
1888,15
1889,1
1890,18
1891,18
1892,8
1893,1
1894,2
1895,4
1896,2
1897,6
1898,1
1899,4
1900,1
1901,2
1902,11
1903,3
1904,1
1905,8
1906,5
1907,3
1908,5
1909,1
1910,4
1911,2
1912,6
1913,2
1914,10
1915,1
1916,27
1917,1
1918,1
1919,2
1920,2
1921,8
1922,3
1923,1
1924,15
1925,3
1926,7
1927,3
1928,2
1929,4
1930,3
1931,1
1932,3
1933,8
1934,4
1935,8
1936,1
1937,3
1938,15
1939,3
1940,6
1941,2
1942,3
1943,9
1944,7
1945,2
1946,9
1947,1
1948,1
1949,4
1950,1
1951,3
1952,6
1953,7
1954,2
1955,11
1956,5
1957,4
1958,12
1959,1
1960,5
1961,10
1962,1
1963,3
1964,7
1965,2
1966,5
1967,1
1968,3
1969,3
1970,2
1971,3
1972,1
1973,8
1974,3
1975,2
1976,5
1977,1
1978,18
1979,3
1980,4
1981,4
1982,10
1983,3
1984,1
1985,1
1986,5
1987,3
1988,1
1989,4
1990,7
1991,5
1992,3
1993,7
1994,4
1995,1
1996,2
1997,1
1998,2
1999,1
2000,6
2001,5
2002,3
2003,5
2004,3
2005,2
2006,2
2007,6
2008,8
2009,11
2010,2
2011,6
2012,1
2013,8
2014,1
2015,1
2016,1
2017,1
2018,1
2019,4
2020,5
2021,9
2022,7
2023,2
2024,6
2025,5
2026,10
2027,1
2028,3
2029,3
2030,1
2031,4
2032,2
2033,5
2034,10
2035,9
2036,3
2037,7
2038,7
2039,4
2040,7
2041,7
2042,5
2043,2
2044,10
2045,7
2046,3
2047,9
2048,10
2049,4
2050,4
2051,6
2052,1
2053,2
2054,4
2055,1
2056,7
2057,5
2058,13
2059,2
2060,1
2061,1
2062,8
2063,1
2064,8
2065,1
2066,1
2067,2
2068,2
2069,8
2070,12
2071,4
2072,7
2073,1
2074,2
2075,1
2076,4
2077,1
2078,5
2079,2
2080,15
2081,2
2082,5
2083,4
2084,4
2085,1
2086,15
2087,5
2088,4
2089,4
2090,2
2091,4
2092,8
2093,5
2094,2
2095,1
2096,8
2097,5
2098,3
2099,4
2100,1
2101,1
2102,3
2103,12
2104,8
2105,1
2106,2
2107,8
2108,4
2109,6
2110,6
2111,17
2112,1
2113,1
2114,2
2115,6
2116,1
2117,1
2118,3
2119,7
2120,3
2121,3
2122,4
2123,2
2124,7
2125,6
2126,8
2127,2
2128,1
2129,1
2130,8
2131,4
2132,3
2133,3
2134,10
2135,1
2136,1
2137,13
2138,2
2139,10
2140,1
2141,4
2142,9
2143,2
2144,2
2145,7
2146,17
2147,2
2148,1
2149,7
2150,4
2151,2
2152,12
2153,17
2154,5
2155,1
2156,6
2157,7
2158,2
2159,8
2160,1
2161,9
2162,4
2163,1
2164,2
2165,5
2166,6
2167,8
2168,5
2169,2
2170,3
2171,8
2172,2
2173,1
2174,3
2175,18
2176,8
2177,3
2178,21
2179,1
2180,6
2181,6
2182,13
2183,6
2184,4
2185,6
2186,1
2187,7
2188,3
2189,1
2190,3
2191,3
2192,9
2193,6
2194,2
2195,3
2196,5
2197,6
2198,19
2199,1
2200,3
2201,28
2202,1
2203,4
2204,2
2205,9
2206,11
2207,1
2208,4
2209,5
2210,21
2211,4
2212,20
2213,6
2214,17
2215,3
2216,15
2217,5
2218,1
2219,2
2220,6
2221,22
2222,1
2223,3
2224,8
2225,1
2226,15
2227,2
2228,7
2229,26
2230,5
2231,9
2232,2
2233,7
2234,22
2235,2
2236,3
2237,10
2238,7
2239,14
2240,4
2241,5
2242,11
2243,2
2244,3
2245,9
2246,8
2247,1
2248,16
2249,7
2250,4
2251,14
2252,1
2253,4
2254,1
2255,3
2256,2
2257,20
2258,17
2259,1
2260,13
2261,1
2262,11
2263,8
2264,7
2265,1
2266,1
2267,7
2268,1
2269,5
2270,10
2271,5
2272,9
2273,6
2274,1
2275,9
2276,1
2277,2
2278,5
2279,15
2280,19
2281,5
2282,5
2283,6
2284,1
2285,4
2286,4
2287,2
2288,4
2289,4
2290,10
2291,1
2292,7
2293,13
2294,3
2295,4
2296,3
2297,5
2298,5
2299,3
2300,38
2301,10
2302,23
2303,1
2304,27
2305,2
2306,1
2307,3
2308,5
2309,2
2310,2
2311,2
2312,4
2313,3
2314,10
2315,2
2316,2
2317,4
2318,5
2319,9
2320,27
2321,5
2322,12
2323,2
2324,10
2325,11
2326,13
2327,22
2328,7
2329,1
2330,6
2331,7
2332,8
2333,3
2334,5
2335,6
2336,17
2337,5
2338,1
2339,14
2340,3
2341,8
2342,2
2343,25
2344,5
2345,7
2346,19
2347,18
2348,8
2349,15
2350,2
2351,19
2352,2
2353,5
2354,10
2355,8
2356,5
2357,3
2358,39
2359,7
2360,13
2361,7
2362,12
2363,1
2364,3
2365,1
2366,15
2367,8
2368,21
2369,7
2370,7
2371,10
2372,3
2373,27
2374,13
2375,10
2376,28
2377,5
2378,5
2379,4
2380,11
2381,33
2382,9
2383,4
2384,1
2385,12
2386,13
2387,19
2388,42
2389,6
2390,2
2391,1
2392,21
2393,17
2394,4
2395,25
2396,16
2397,16
2398,8
2399,5
2400,2
2401,3
2402,22
2403,6
2404,10
2405,21
2406,19
2407,6
2408,12
2409,20
2410,1
2411,13
2412,6
2413,7
2414,24
2415,12
2416,5
2417,28
2418,21
2419,8
2420,8
2421,2
2422,22
2423,47
2424,12
2425,1
2426,14
2427,17
2428,6
2429,27
2430,23
2431,1
2432,17
2433,15
2434,3
2435,4
2436,7
2437,15
2438,9
2439,1
2440,6
2441,20
2442,21
2443,5
2444,13
2445,5
2446,13
2447,5
2448,2
2449,11
2450,7
2451,25
2452,19
2453,17
2454,21
2455,29
2456,34
2457,12
2458,5
2459,6
2460,1
2461,2
2462,36
2463,13
2464,6
2465,10
2466,6
2467,34
2468,19
2469,5
2470,26
2471,6
2472,49
2473,2
2474,30
2475,5
2476,24
2477,5
2478,16
2479,10
2480,3
2481,6
2482,2
2483,16
2484,4
2485,30
2486,10
2487,10
2488,21
2489,11
2490,2
2491,12
2492,34
2493,6
2494,21
2495,13
2496,16
2497,8
2498,4
2499,14
2500,35
2501,1
2502,1
2503,13
2504,36
2505,2
2506,27
2507,7
2508,13
2509,45
2510,13
2511,18
2512,9
2513,2
2514,13
2515,8
2516,9
2517,15
2518,24
2519,4
2520,1
2521,28
2522,16
2523,4
2524,5
2525,25
2526,9
2527,1
2528,11
2529,2
2530,7
2531,37
2532,49
2533,21
2534,1
2535,17
2536,16
2537,12
2538,14
2539,14
2540,5
2541,9
2542,12
2543,14
2544,7
2545,6
2546,24
2547,21
2548,27
2549,1
2550,5
2551,43
2552,11
2553,4
2554,21
2555,17
2556,13
2557,8
2558,42
2559,25
2560,5
2561,13
2562,19
2563,72
2564,10
2565,3
2566,11
2567,8
2568,16
2569,6
2570,2
2571,5
2572,14
2573,8
2574,7
2575,13
2576,13
2577,24
2578,17
2579,4
2580,7
2581,3
2582,1
2583,16
2584,4
2585,11
2586,25
2587,18
2588,29
2589,1
2590,12
2591,44
2592,20
2593,9
2594,10
2595,17
2596,19
2597,8
2598,9
2599,15
2600,13
2601,27
2602,6
2603,16
2604,34
2605,3
2606,9
2607,7
2608,38
2609,14
2610,5
2611,4
2612,10
2613,3
2614,5
2615,2
2616,67
2617,4
2618,2
2619,54
2620,4
2621,21
2622,1
2623,23
2624,13
2625,42
2626,7
2627,14
2628,3
2629,16
2630,10
2631,19
2632,6
2633,14
2634,18
2635,4
2636,8
2637,36
2638,33
2639,6
2640,18
2641,19
2642,1
2643,32
2644,12
2645,1
2646,19
2647,19
2648,57
2649,2
2650,5
2651,19
2652,26
2653,17
2654,1
2655,11
2656,9
2657,41
2658,10
2659,12
2660,7
2661,26
2662,11
2663,4
2664,5
2665,28
2666,4
2667,3
2668,11
2669,1
2670,1
2671,23
2672,8
2673,3
2674,8
2675,2
2676,7
2677,3
2678,3
2679,23
2680,9
2681,7
2682,11
2683,48
2684,6
2685,1
2686,4
2687,22
2688,7
2689,27
2690,4
2691,19
2692,3
2693,7
2694,1
2695,9
2696,6
2697,18
2698,17
2699,1
2700,2
2701,1
2702,8
2703,35
2704,7
2705,8
2706,40
2707,3
2708,17
2709,34
2710,6
2711,8
2712,4
2713,33
2714,10
2715,25
2716,8
2717,6
2718,35
2719,43
2720,22
2721,1
2722,23
2723,17
2724,4
2725,7
2726,22
2727,24
2728,5
2729,16
2730,4
2731,1
2732,6
2733,19
2734,16
2735,3
2736,7
2737,9
2738,49
2739,1
2740,14
2741,4
2742,3
2743,8
2744,4
2745,3
2746,23
2747,8
2748,3
2749,19
2750,15
2751,3
2752,1
2753,2
2754,6
2755,10
2756,6
2757,14
2758,11
2759,19
2760,60
2761,6
2762,2
2763,28
2764,5
2765,16
2766,4
2767,1
2768,6
2769,17
2770,17
2771,8
2772,31
2773,1
2774,2
2775,4
2776,27
2777,10
2778,1
2779,9
2780,25
2781,11
2782,3
2783,3
2784,6
2785,8
2786,30
2787,7
2788,7
2789,2
2790,5
2791,26
2792,15
2793,23
2794,3
2795,9
2796,1
2797,4
2798,4
2799,7
2800,1
2801,2
2802,14
2803,16
2804,10
2805,1
2806,22
2807,19
2808,5
2809,2
2810,34
2811,1
2812,16
2813,20
2814,12
2815,24
2816,11
2817,32
2818,3
2819,3
2820,1
2821,5
2822,11
2823,2
2824,15
2825,2
2826,15
2827,5
2828,1
2829,3
2830,4
2831,8
2832,5
2833,11
2834,7
2835,14
2836,6
2837,11
2838,6
2839,3
2840,3
2841,3
2842,13
2843,6
2844,1
2845,27
2846,4
2847,6
2848,7
2849,18
2850,11
2851,1
2852,1
2853,11
2854,3
2855,5
2856,14
2857,1
2858,42
2859,3
2860,1
2861,9
2862,5
2863,9
2864,10
2865,21
2866,9
2867,13
2868,26
2869,2
2870,4
2871,13
2872,14
2873,2
2874,8
2875,12
2876,8
2877,6
2878,11
2879,9
2880,17
2881,1
2882,8
2883,4
2884,15
2885,4
2886,21
2887,6
2888,40
2889,8
2890,2
2891,1
2892,3
2893,4
2894,6
2895,10
2896,13
2897,13
2898,7
2899,3
2900,17
2901,2
2902,2
2903,1
2904,4
2905,5
2906,1
2907,1
2908,3
2909,8
2910,12
2911,2
2912,6
2913,7
2914,3
2915,1
2916,1
2917,7
2918,1
2919,10
2920,6
2921,4
2922,1
2923,8
2924,1
2925,1
2926,3
2927,1
2928,1
2929,1
2930,3
2931,3
2932,8
2933,2
2934,4
2935,18
2936,3
2937,5
2938,11
2939,8
2940,5
2941,1
2942,4
2943,1
2944,9
2945,1
2946,2
2947,14
2948,5
2949,10
2950,2
2951,12
2952,15
2953,1
2954,11
2955,8
2956,20
2957,4
2958,8
2959,3
2960,8
2961,11
2962,1
2963,7
2964,2
2965,9
2966,1
2967,3
2968,13
2969,6
2970,4
2971,10
2972,2
2973,4
2974,2
2975,5
2976,1
2977,5
2978,4
2979,4
2980,13
2981,5
2982,5
2983,10
2984,8
2985,1
2986,12
2987,6
2988,5
2989,6
2990,16
2991,1
2992,5
2993,7
2994,3
2995,4
2996,9
2997,9
2998,6
2999,17
3000,8
3001,7
3002,1
3003,5
3004,12
3005,7
3006,19
3007,8
3008,4
3009,10
3010,4
3011,2
3012,8
3013,1
3014,1
3015,1
3016,8
3017,1
3018,1
3019,3
3020,2
3021,10
3022,5
3023,5
3024,3
3025,2
3026,2
3027,2
3028,9
3029,4
3030,2
3031,7
3032,8
3033,12
3034,1
3035,9
3036,9
3037,2
3038,1
3039,6
3040,7
3041,14
3042,1
3043,13
3044,1
3045,10
3046,7
3047,10
3048,3
3049,1
3050,8
3051,9
3052,6
3053,2
3054,3
3055,2
3056,3
3057,6
3058,2
3059,8
3060,9
3061,2
3062,3
3063,17
3064,1
3065,6
3066,2
3067,18
3068,2
3069,2
3070,12
3071,3
3072,8
3073,12
3074,2
3075,2
3076,3
3077,5
3078,1
3079,6
3080,1
3081,47
3082,3
3083,8
3084,8
3085,30
3086,8
3087,7
3088,1
3089,12
3090,1
3091,29
3092,2
3093,2
3094,20
3095,4
3096,10
3097,58
3098,9
3099,5
3100,14
3101,15
3102,8
3103,2
3104,7
3105,9
3106,4
3107,3
3108,14
3109,9
3110,2
3111,4
3112,16
3113,15
3114,10
3115,10
3116,10
3117,1
3118,21
3119,1
3120,3
3121,18
3122,6
3123,3
3124,23
3125,6
3126,5
3127,9
3128,7
3129,5
3130,6
3131,15
3132,5
3133,22
3134,16
3135,7
3136,1
3137,12
3138,1
3139,8
3140,4
3141,9
3142,5
3143,14
3144,3
3145,24
3146,2
3147,5
3148,32
3149,8
3150,5
3151,7
3152,13
3153,11
3154,9
3155,5
3156,11
3157,34
3158,4
3159,27
3160,4
3161,5
3162,8
3163,13
3164,7
3165,6
3166,2
3167,1
3168,1
3169,7
3170,10
3171,9
3172,8
3173,6
3174,3
3175,12
3176,10
3177,1
3178,19
3179,1
3180,2
3181,3
3182,20
3183,2
3184,4
3185,20
3186,1
3187,1
3188,12
3189,4
3190,9
3191,10
3192,8
3193,33
3194,2
3195,14
3196,1
3197,1
3198,6
3199,29
3200,10
3201,27
3202,10
3203,3
3204,1
3205,1
3206,3
3207,15
3208,9
3209,1
3210,13
3211,6
3212,5
3213,7
3214,2
3215,1
3216,5
3217,19
3218,12
3219,1
3220,9
3221,2
3222,4
3223,8
3224,1
3225,4
3226,10
3227,16
3228,9
3229,3
3230,6
3231,14
3232,11
3233,3
3234,13
3235,2
3236,7
3237,9
3238,1
3239,2
3240,16
3241,5
3242,1
3243,2
3244,1
3245,7
3246,7
3247,10
3248,4
3249,1
3250,1
3251,4
3252,5
3253,9
3254,8
3255,12
3256,6
3257,17
3258,8
3259,4
3260,3
3261,1
3262,11
3263,1
3264,2
3265,10
3266,7
3267,6
3268,1
3269,5
3270,18
3271,3
3272,5
3273,3
3274,10
3275,3
3276,1
3277,15
3278,6
3279,3
3280,6
3281,1
3282,2
3283,2
3284,5
3285,1
3286,1
3287,9
3288,1
3289,2
3290,1
3291,4
3292,3
3293,3
3294,3
3295,3
3296,2
3297,5
3298,4
3299,4
3300,2
3301,1
3302,4
3303,6
3304,3
3305,5
3306,1
3307,1
3308,4
3309,1
3310,3
3311,2
3312,2
3313,5
3314,3
3315,4
3316,5
3317,4
3318,10
3319,1
3320,2
3321,2
3322,8
3323,3
3324,12
3325,1
3326,1
3327,1
3328,5
3329,2
3330,4
3331,6
3332,5
3333,6
3334,15
3335,1
3336,1
3337,3
3338,2
3339,3
3340,15
3341,6
3342,3
3343,1
3344,8
3345,7
3346,4
3347,1
3348,1
3349,10
3350,2
3351,1
3352,5
3353,3
3354,2
3355,1
3356,1
3357,11
3358,4
3359,3
3360,3
3361,2
3362,6
3363,6
3364,3
3365,3
3366,2
3367,11
3368,2
3369,8
3370,7
3371,4
3372,4
3373,1
3374,2
3375,8
3376,2
3377,4
3378,6
3379,10
3380,31
3381,4
3382,13
3383,3
3384,6
3385,10
3386,4
3387,10
3388,3
3389,2
3390,8
3391,3
3392,5
3393,13
3394,6
3395,4
3396,1
3397,1
3398,9
3399,3
3400,4
3401,2
3402,1
3403,14
3404,4
3405,1
3406,8
3407,4
3408,1
3409,1
3410,8
3411,5
3412,9
3413,1
3414,15
3415,4
3416,2
3417,1
3418,2
3419,4
3420,2
3421,2
3422,3
3423,2
3424,8
3425,1
3426,3
3427,4
3428,1
3429,14
3430,2
3431,6
3432,2
3433,4
3434,4
3435,1
3436,8
3437,6
3438,2
3439,8
3440,1
3441,4
3442,12
3443,2
3444,4
3445,4
3446,4
3447,11
3448,6
3449,3
3450,2
3451,1
3452,1
3453,5
3454,2
3455,4
3456,4
3457,5
3458,1
3459,2
3460,3
3461,1
3462,3
3463,1
3464,1
3465,1
3466,10
3467,4
3468,7
3469,2
3470,3
3471,1
3472,6
3473,2
3474,1
3475,1
3476,2
3477,2
3478,1
3479,8
3480,1
3481,2
3482,4
3483,1
3484,4
3485,2
3486,2
3487,1
3488,3
3489,10
3490,1
3491,3
3492,2
3493,11
3494,1
3495,1
3496,2
3497,1
3498,10
3499,2
3500,2
3501,9
3502,2
3503,1
3504,5
3505,5
3506,2
3507,2
3508,6
3509,2
3510,3
3511,1
3512,1
3513,1
3514,4
3515,1
3516,3
3517,2
3518,1
3519,9
3520,4
3521,2
3522,4
3523,6
3524,3
3525,4
3526,5
3527,1
3528,2
3529,3
3530,2
3531,1
3532,1
3533,2
3534,1
3535,1
3536,4
3537,2
3538,7
3539,2
3540,2
3541,1
3542,1
3543,2
3544,3
3545,2
3546,1
3547,3
3548,5
3549,3
3550,1
3551,5
3552,2
3553,4
3554,3
3555,2
3556,1
3557,3
3558,4
3559,5
3560,5
3561,2
3562,1
3563,4
3564,3
3565,1
3566,4
3567,1
3568,1
3569,1
3570,5
3571,2
3572,1
3573,1
3574,5
3575,5
3576,1
3577,3
3578,1
3579,1
3580,3
3581,2
3582,3
3583,4
3584,3
3585,2
3586,1
3587,2
3588,11
3589,3
3590,2
3591,1
3592,1
3593,5
3594,1
3595,1
3596,1
3597,4
3598,1
3599,2
3600,2
3601,1
3602,2
3603,2
3604,1
3605,7
3606,2
3607,5
3608,4
3609,1
3610,4
3611,7
3612,3
3613,3
3614,9
3615,2
3616,5
3617,1
3618,3
3619,2
3620,4
3621,6
3622,5
3623,5
3624,1
3625,4
3626,4
3627,6
3628,3
3629,1
3630,1
3631,2
3632,5
3633,2
3634,10
3635,1
3636,4
3637,2
3638,6
3639,1
3640,5
3641,4
3642,3
3643,8
3644,4
3645,1
3646,6
3647,3
3648,5
3649,3
3650,3
3651,2
3652,1
3653,8
3654,2
3655,3
3656,2
3657,2
3658,8
3659,1
3660,4
3661,7
3662,1
3663,2
3664,1
3665,1
3666,5
3667,4
3668,1
3669,2
3670,1
3671,4
3672,5
3673,1
3674,2
3675,1
3676,1
3677,3
3678,1
3679,7
3680,1
3681,2
3682,1
3683,1
3684,2
3685,1
3686,4
3687,6
3688,1
3689,1
3690,2
3691,3
3692,2
3693,1
3694,2
3695,3
3696,1
3697,8
3698,3
3699,7
3700,3
3701,1
3702,2
3703,5
3704,1
3705,5
3706,1
3707,1
3708,4
3709,2
3710,2
3711,3
3712,5
3713,1
3714,7
3715,2
3716,12
3717,1
3718,2
3719,1
3720,4
3721,8
3722,1
3723,9
3724,4
3725,4
3726,1
3727,3
3728,2
3729,7
3730,4
3731,3
3732,8
3733,3
3734,6
3735,1
3736,1
3737,1
3738,1
3739,1
3740,6
3741,4
3742,3
3743,8
3744,1
3745,14
3746,1
3747,2
3748,2
3749,3
3750,1
3751,2
3752,4
3753,3
3754,1
3755,2
3756,3
3757,1
3758,1
3759,1
3760,1
3761,2
3762,2
3763,4
3764,3
3765,2
3766,7
3767,12
3768,3
3769,2
3770,2
3771,8
3772,2
3773,2
3774,2
3775,1
3776,1
3777,1
3778,4
3779,2
3780,2
3781,2
3782,1
3783,1
3784,1
3785,2
3786,1
3787,3
3788,1
3789,1
3790,1
3791,7
3792,14
3793,1
3794,1
3795,4
3796,1
3797,4
3798,4
3799,1
3800,7
3801,4
3802,4
3803,1
3804,1
3805,4
3806,2
3807,6
3808,2
3809,3
3810,5
3811,3
3812,8
3813,4
3814,3
3815,1
3816,1
3817,8
3818,1
3819,1
3820,2
3821,3
3822,1
3823,1
3824,2
3825,1
3826,1
3827,3
3828,2
3829,7
3830,6
3831,1
3832,1
3833,2
3834,6
3835,4
3836,6
3837,5
3838,2
3839,7
3840,8
3841,1
3842,6
3843,11
3844,4
3845,1
3846,1
3847,4
3848,1
3849,1
3850,3
3851,1
3852,2
3853,2
3854,1
3855,1
3856,7
3857,8
3858,3
3859,1
3860,4
3861,3
3862,1
3863,4
3864,1
3865,9
3866,9
3867,3
3868,3
3869,3
3870,6
3871,2
3872,3
3873,1
3874,2
3875,6
3876,1
3877,2
3878,4
3879,2
3880,1
3881,1
3882,3
3883,1
3884,3
3885,5
3886,2
3887,10
3888,3
3889,1
3890,5
3891,2
3892,11
3893,1
3894,7
3895,2
3896,6
3897,7
3898,1
3899,6
3900,2
3901,9
3902,2
3903,8
3904,8
3905,9
3906,16
3907,24
3908,10
3909,1
3910,15
3911,12
3912,3
3913,6
3914,6
3915,10
3916,7
3917,2
3918,9
3919,2
3920,16
3921,6
3922,12
3923,8
3924,3
3925,5
3926,2
3927,1
3928,1
3929,2
3930,1
3931,6
3932,11
3933,4
3934,1
3935,14
3936,9
3937,10
3938,19
3939,1
3940,13
3941,12
3942,4
3943,13
3944,8
3945,7
3946,9
3947,11
3948,24
3949,4
3950,11
3951,20
3952,11
3953,17
3954,2
3955,2
3956,1
3957,7
3958,9
3959,3
3960,2
3961,5
3962,3
3963,3
3964,2
3965,3
3966,10
3967,3
3968,6
3969,15
3970,5
3971,4
3972,1
3973,2
3974,3
3975,3
3976,2
3977,1
3978,7
3979,1
3980,4
3981,3
3982,10
3983,3
3984,7
3985,4
3986,4
3987,5
3988,6
3989,11
3990,2
3991,2
3992,2
3993,9
3994,1
3995,9
3996,7
3997,1
3998,4
3999,5
4000,2
4001,1
4002,1
4003,1
4004,1
4005,8
4006,5
4007,4
4008,2
4009,3
4010,6
4011,8
4012,1
4013,14
4014,2
4015,6
4016,1
4017,7
4018,2
4019,4
4020,11
4021,3
4022,12
4023,3
4024,2
4025,3
4026,7
4027,2
4028,15
4029,3
4030,1
4031,1
4032,6
4033,2
4034,2
4035,4
4036,15
4037,5
4038,3
4039,4
4040,2
4041,18
4042,7
4043,5
4044,1
4045,4
4046,13
4047,2
4048,10
4049,2
4050,11
4051,5
4052,9
4053,5
4054,1
4055,1
4056,9
4057,8
4058,1
4059,9
4060,6
4061,1
4062,2
4063,19
4064,6
4065,7
4066,2
4067,3
4068,6
4069,3
4070,8
4071,2
4072,4
4073,30
4074,8
4075,8
4076,11
4077,5
4078,2
4079,6
4080,5
4081,9
4082,5
4083,2
4084,10
4085,25
4086,6
4087,3
4088,1
4089,1
4090,5
4091,4
4092,4
4093,3
4094,2
4095,7
4096,4
4097,8
4098,3
4099,4
4100,3
4101,2
4102,1
4103,3
4104,1
4105,4
4106,19
4107,2
4108,6
4109,14
4110,3
4111,3
4112,2
4113,3
4114,1
4115,6
4116,3
4117,3
4118,3
4119,1
4120,11
4121,2
4122,3
4123,2
4124,3
4125,1
4126,1
4127,1
4128,1
4129,9
4130,8
4131,1
4132,7
4133,4
4134,1
4135,9
4136,9
4137,10
4138,1
4139,6
4140,1
4141,6
4142,12
4143,3
4144,1
4145,18
4146,18
4147,5
4148,2
4149,13
4150,13
4151,21
4152,1
4153,2
4154,4
4155,8
4156,5
4157,1
4158,2
4159,6
4160,3
4161,2
4162,1
4163,2
4164,6
4165,1
4166,3
4167,4
4168,6
4169,1
4170,1
4171,11
4172,2
4173,1
4174,3
4175,1
4176,2
4177,2
4178,3
4179,1
4180,1
4181,11
4182,9
4183,5
4184,16
4185,6
4186,8
4187,2
4188,8
4189,3
4190,1
4191,9
4192,6
4193,9
4194,16
4195,1
4196,19
4197,3
4198,11
4199,4
4200,2
4201,6
4202,2
4203,6
4204,9
4205,1
4206,13
4207,6
4208,5
4209,2
4210,1
4211,3
4212,1
4213,11
4214,4
4215,9
4216,1
4217,11
4218,1
4219,6
4220,4
4221,6
4222,2
4223,1
4224,16
4225,3
4226,8
4227,7
4228,6
4229,7
4230,2
4231,7
4232,7
4233,1
4234,1
4235,10
4236,16
4237,18
4238,3
4239,1
4240,9
4241,1
4242,5
4243,8
4244,3
4245,4
4246,10
4247,7
4248,4
4249,3
4250,6
4251,2
4252,4
4253,1
4254,3
4255,2
4256,3
4257,2
4258,2
4259,11
4260,5
4261,4
4262,1
4263,2
4264,7
4265,2
4266,1
4267,3
4268,1
4269,1
4270,2
4271,6
4272,1
4273,3
4274,1
4275,5
4276,2
4277,1
4278,3
4279,1
4280,4
4281,1
4282,3
4283,9
4284,2
4285,1
4286,1
4287,2
4288,1
4289,2
4290,1
4291,3
4292,2
4293,5
4294,1
4295,8
4296,2
4297,5
4298,1
4299,1
4300,8
4301,3
4302,1
4303,3
4304,3
4305,2
4306,2
4307,3
4308,6
4309,1
4310,4
4311,10
4312,9
4313,1
4314,3
4315,8
4316,5
4317,1
4318,7
4319,1
4320,1
4321,8
4322,1
4323,3
4324,2
4325,2
4326,8
4327,1
4328,1
4329,2
4330,4
4331,11
4332,2
4333,3
4334,8
4335,1
4336,2
4337,14
4338,1
4339,4
4340,8
4341,3
4342,1
4343,1
4344,1
4345,2
4346,1
4347,1
4348,1
4349,4
4350,2
4351,2
4352,3
4353,3
4354,8
4355,1
4356,2
4357,3
4358,2
4359,2
4360,4
4361,1
4362,4
4363,2
4364,1
4365,2
4366,3
4367,2
4368,4
4369,1
4370,3
4371,2
4372,1
4373,2
4374,3
4375,5
4376,3
4377,3
4378,1
4379,4
4380,4
4381,1
4382,1
4383,1
4384,6
4385,2
4386,1
4387,1
4388,7
4389,9
4390,3
4391,1
4392,6
4393,1
4394,2
4395,1
4396,1
4397,5
4398,3
4399,1
4400,1
4401,2
4402,1
4403,1
4404,6
4405,1
4406,7
4407,1
4408,4
4409,5
4410,1
4411,5
4412,8
4413,4
4414,2
4415,3
4416,4
4417,5
4418,2
4419,2
4420,3
4421,1
4422,2
4423,3
4424,2
4425,2
4426,3
4427,3
4428,3
4429,7
4430,1
4431,1
4432,1
4433,1
4434,1
4435,4
4436,6
4437,2
4438,3
4439,1
4440,1
4441,1
4442,5
4443,5
4444,5
4445,1
4446,2
4447,3
4448,1
4449,5
4450,2
4451,3
4452,2
4453,2
4454,4
4455,1
4456,1
4457,1
4458,1
4459,8
4460,1
4461,4
4462,6
4463,2
4464,1
4465,1
4466,8
4467,3
4468,2
4469,1
4470,8
4471,3
4472,11
4473,7
4474,7
4475,1
4476,5
4477,1
4478,2
4479,1
4480,3
4481,2
4482,1
4483,1
4484,1
4485,6
4486,1
4487,11
4488,2
4489,2
4490,1
4491,4
4492,2
4493,1
4494,3
4495,2
4496,2
4497,3
4498,1
4499,1
4500,1
4501,5
4502,2
4503,4
4504,1
4505,5
4506,3
4507,3
4508,1
4509,1
4510,1
4511,5
4512,5
4513,2
4514,1
4515,3
4516,2
4517,1
4518,3
4519,2
4520,2
4521,1
4522,5
4523,1
4524,4
4525,3
4526,7
4527,2
4528,1
4529,1
4530,5
4531,4
4532,3
4533,4
4534,1
4535,1
4536,1
4537,3
4538,2
4539,3
4540,1
4541,2
4542,1
4543,2
4544,2
4545,2
4546,2
4547,1
4548,1
4549,1
4550,8
4551,1
4552,1
4553,4
4554,1
4555,2
4556,1
4557,3
4558,1
4559,2
4560,2
4561,1
4562,1
4563,1
4564,3
4565,4
4566,3
4567,3
4568,1
4569,5
4570,1
4571,3
4572,3
4573,3
4574,5
4575,4
4576,1
4577,7
4578,4
4579,3
4580,2
4581,1
4582,1
4583,4
4584,2
4585,2
4586,3
4587,1
4588,1
4589,4
4590,2
4591,1
4592,1
4593,1
4594,5
4595,3
4596,2
4597,4
4598,8
4599,1
4600,6
4601,1
4602,1
4603,1
4604,1
4605,1
4606,4
4607,11
4608,5
4609,8
4610,5
4611,7
4612,1
4613,1
4614,1
4615,2
4616,3
4617,9
4618,4
4619,4
4620,3
4621,4
4622,13
4623,28
4624,10
4625,9
4626,22
4627,1
4628,11
4629,7
4630,3
4631,2
4632,13
4633,16
4634,23
4635,12
4636,2
4637,3
4638,1
4639,9
4640,13
4641,2
4642,4
4643,3
4644,4
4645,4
4646,14
4647,1
4648,4
4649,9
4650,4
4651,1
4652,3
4653,2
4654,35
4655,7
4656,4
4657,8
4658,9
4659,1
4660,2
4661,7
4662,11
4663,4
4664,3
4665,14
4666,3
4667,1
4668,3
4669,21
4670,18
4671,11
4672,6
4673,5
4674,1
4675,1
4676,16
4677,4
4678,4
4679,2
4680,10
4681,6
4682,3
4683,2
4684,5
4685,8
4686,7
4687,2
4688,30
4689,1
4690,4
4691,8
4692,4
4693,12
4694,1
4695,7
4696,9
4697,11
4698,4
4699,19
4700,9
4701,1
4702,1
4703,1
4704,11
4705,8
4706,3
4707,6
4708,1
4709,5
4710,16
4711,2
4712,4
4713,2
4714,1
4715,1
4716,1
4717,10
4718,5
4719,3
4720,7
4721,2
4722,3
4723,2
4724,1
4725,8
4726,2
4727,6
4728,1
4729,1
4730,7
4731,5
4732,1
4733,1
4734,1
4735,2
4736,1
4737,9
4738,3
4739,9
4740,14
4741,3
4742,17
4743,12
4744,1
4745,3
4746,1
4747,3
4748,1
4749,9
4750,6
4751,7
4752,5
4753,7
4754,7
4755,9
4756,5
4757,3
4758,4
4759,2
4760,7
4761,4
4762,7
4763,13
4764,1
4765,6
4766,3
4767,5
4768,5
4769,1
4770,1
4771,8
4772,1
4773,3
4774,1
4775,2
4776,4
4777,2
4778,4
4779,3
4780,1
4781,1
4782,4
4783,8
4784,14
4785,1
4786,5
4787,2
4788,3
4789,6
4790,4
4791,11
4792,3
4793,2
4794,12
4795,6
4796,2
4797,5
4798,5
4799,4
4800,2
4801,15
4802,7
4803,3
4804,8
4805,37
4806,3
4807,3
4808,9
4809,12
4810,13
4811,2
4812,33
4813,13
4814,1
4815,4
4816,1
4817,1
4818,3
4819,12
4820,4
4821,3
4822,15
4823,2
4824,18
4825,6
4826,2
4827,10
4828,10
4829,3
4830,4
4831,6
4832,11
4833,4
4834,15
4835,20
4836,9
4837,22
4838,7
4839,5
4840,2
4841,2
4842,16
4843,13
4844,15
4845,8
4846,1
4847,18
4848,9
4849,17
4850,18
4851,12
4852,3
4853,5
4854,6
4855,27
4856,8
4857,13
4858,11
4859,34
4860,4
4861,16
4862,3
4863,6
4864,13
4865,9
4866,4
4867,5
4868,6
4869,12
4870,5
4871,23
4872,20
4873,8
4874,13
4875,1
4876,11
4877,12
4878,2
4879,4
4880,1
4881,12
4882,7
4883,13
4884,4
4885,3
4886,24
4887,25
4888,3
4889,4
4890,7
4891,5
4892,2
4893,1
4894,1
4895,3
4896,1
4897,3
4898,1
4899,1
4900,2
4901,1
4902,1
4903,4
4904,2
4905,1
4906,2
4907,1
4908,14
4909,1
4910,2
4911,4
4912,4
4913,1
4914,1
4915,1
4916,3
4917,1
4918,2
4919,4
4920,2
4921,1
4922,2
4923,2
4924,1
4925,1
4926,1
4927,2
4928,3
4929,1
4930,3
4931,2
4932,2
4933,1
4934,3
4935,2
4936,3
4937,1
4938,4
4939,2
4940,2
4941,2
4942,1
4943,2
4944,1
4945,2
4946,1
4947,7
4948,1
4949,3
4950,1
4951,1
4952,3
4953,1
4954,2
4955,3
4956,3
4957,2
4958,1
4959,1
4960,3
4961,1
4962,3
4963,6
4964,3
4965,1
4966,8
4967,1
4968,6
4969,2
4970,1
4971,4
4972,3
4973,9
4974,3
4975,1
4976,1
4977,5
4978,2
4979,1
4980,3
4981,1
4982,2
4983,4
4984,2
4985,6
4986,3
4987,1
4988,9
4989,3
4990,1
4991,1
4992,6
4993,7
4994,2
4995,1
4996,2
4997,3
4998,1
4999,3
5000,6
5001,3
5002,3
5003,2
5004,1
5005,1
5006,5
5007,2
5008,1
5009,1
5010,1
5011,1
5012,2
5013,1
5014,4
5015,1
5016,4
5017,1
5018,2
5019,1
5020,3
5021,4
5022,2
5023,1
5024,2
5025,3
5026,1
5027,1
5028,3
5029,3
5030,1
5031,1
5032,2
5033,1
5034,1
5035,2
5036,1
5037,3
5038,4
5039,1
5040,2
5041,2
5042,6
5043,6
5044,3
5045,4
5046,2
5047,9
5048,2
5049,3
5050,6
5051,1
5052,1
5053,1
5054,2
5055,5
5056,6
5057,3
5058,1
5059,6
5060,2
5061,1
5062,3
5063,1
5064,1
5065,2
5066,4
5067,1
5068,4
5069,2
5070,1
5071,2
5072,12
5073,1
5074,1
5075,3
5076,4
5077,1
5078,6
5079,3
5080,2
5081,2
5082,1
5083,3
5084,1
5085,1
5086,4
5087,1
5088,3
5089,5
5090,2
5091,4
5092,2
5093,5
5094,12
5095,1
5096,5
5097,3
5098,1
5099,2
5100,5
5101,5
5102,4
5103,1
5104,3
5105,2
5106,1
5107,2
5108,2
5109,1
5110,1
5111,3
5112,1
5113,1
5114,1
5115,3
5116,2
5117,3
5118,2
5119,1
5120,6
5121,3
5122,3
5123,1
5124,1
5125,1
5126,1
5127,1
5128,2
5129,5
5130,1
5131,5
5132,1
5133,7
5134,2
5135,3
5136,5
5137,1
5138,5
5139,9
5140,1
5141,1
5142,3
5143,1
5144,2
5145,7
5146,3
5147,1
5148,3
5149,3
5150,8
5151,5
5152,1
5153,1
5154,1
5155,3
5156,2
5157,1
5158,9
5159,2
5160,8
5161,7
5162,1
5163,3
5164,4
5165,1
5166,1
5167,1
5168,7
5169,7
5170,1
5171,1
5172,5
5173,5
5174,1
5175,4
5176,2
5177,1
5178,3
5179,1
5180,5
5181,4
5182,5
5183,2
5184,2
5185,1
5186,2
5187,1
5188,4
5189,7
5190,3
5191,1
5192,1
5193,1
5194,1
5195,1
5196,2
5197,2
5198,1
5199,2
5200,1
5201,2
5202,1
5203,1
5204,1
5205,1
5206,5
5207,1
5208,2
5209,5
5210,6
5211,3
5212,4
5213,2
5214,3
5215,2
5216,2
5217,2
5218,2
5219,1
5220,1
5221,1
5222,4
5223,3
5224,1
5225,2
5226,8
5227,3
5228,3
5229,1
5230,4
5231,2
5232,3
5233,1
5234,3
5235,2
5236,5
5237,2
5238,2
5239,2
5240,5
5241,1
5242,6
5243,3
5244,3
5245,2
5246,2
5247,2
5248,3
5249,3
5250,3
5251,4
5252,4
5253,2
5254,4
5255,1
5256,4
5257,1
5258,2
5259,2
5260,2
5261,14
5262,4
5263,4
5264,1
5265,1
5266,7
5267,9
5268,1
5269,3
5270,6
5271,1
5272,1
5273,4
5274,11
5275,4
5276,2
5277,1
5278,1
5279,1
5280,2
5281,5
5282,4
5283,1
5284,11
5285,9
5286,4
5287,14
5288,8
5289,8
5290,1
5291,6
5292,3
5293,3
5294,6
5295,1
5296,3
5297,1
5298,1
5299,7
5300,3
5301,2
5302,2
5303,2
5304,2
5305,1
5306,1
5307,1
5308,1
5309,9
5310,1
5311,2
5312,1
5313,12
5314,4
5315,9
5316,2
5317,4
5318,2
5319,1
5320,3
5321,6
5322,4
5323,5
5324,2
5325,8
5326,2
5327,2
5328,3
5329,2
5330,7
5331,1
5332,1
5333,7
5334,1
5335,4
5336,5
5337,6
5338,11
5339,1
5340,2
5341,3
5342,2
5343,1
5344,4
5345,1
5346,6
5347,1
5348,1
5349,1
5350,6
5351,1
5352,1
5353,1
5354,6
5355,2
5356,5
5357,2
5358,5
5359,1
5360,4
5361,2
5362,1
5363,6
5364,1
5365,4
5366,3
5367,3
5368,1
5369,4
5370,1
5371,2
5372,2
5373,2
5374,2
5375,4
5376,2
5377,3
5378,1
5379,1
5380,6
5381,2
5382,2
5383,2
5384,3
5385,1
5386,1
5387,1
5388,9
5389,1
5390,2
5391,5
5392,1
5393,2
5394,7
5395,3
5396,2
5397,1
5398,1
5399,6
5400,4
5401,4
5402,3
5403,5
5404,1
5405,8
5406,2
5407,2
5408,2
5409,1
5410,4
5411,2
5412,2
5413,1
5414,1
5415,2
5416,8
5417,5
5418,6
5419,3
5420,2
5421,8
5422,1
5423,2
5424,1
5425,1
5426,1
5427,2
5428,1
5429,1
5430,5
5431,8
5432,8
5433,7
5434,4
5435,4
5436,11
5437,2
5438,7
5439,4
5440,3
5441,3
5442,6
5443,1
5444,2
5445,2
5446,1
5447,2
5448,1
5449,3
5450,7
5451,7
5452,3
5453,5
5454,3
5455,3
5456,3
5457,3
5458,3
5459,1
5460,1
5461,2
5462,4
5463,1
5464,3
5465,2
5466,5
5467,10
5468,7
5469,2
5470,1
5471,5
5472,1
5473,3
5474,1
5475,3
5476,4
5477,1
5478,5
5479,4
5480,3
5481,11
5482,4
5483,2
5484,4
5485,9
5486,6
5487,2
5488,1
5489,1
5490,1
5491,4
5492,1
5493,1
5494,1
5495,2
5496,1
5497,5
5498,1
5499,5
5500,7
5501,3
5502,11
5503,2
5504,2
5505,11
5506,3
5507,1
5508,1
5509,1
5510,15
5511,1
5512,9
5513,1
5514,1
5515,2
5516,11
5517,1
5518,6
5519,3
5520,8
5521,1
5522,4
5523,1
5524,3
5525,1
5526,1
5527,2
5528,2
5529,4
5530,1
5531,1
5532,9
5533,2
5534,1
5535,1
5536,1
5537,4
5538,1
5539,3
5540,1
5541,3
5542,1
5543,3
5544,3
5545,1
5546,3
5547,10
5548,1
5549,3
5550,2
5551,1
5552,2
5553,2
5554,1
5555,3
5556,2
5557,3
5558,1
5559,1
5560,2
5561,2
5562,1
5563,1
5564,2
5565,7
5566,3
5567,1
5568,2
5569,2
5570,3
5571,1
5572,2
5573,4
5574,1
5575,13
5576,1
5577,4
5578,1
5579,1
5580,1
5581,5
5582,4
5583,5
5584,2
5585,6
5586,1
5587,1
5588,1
5589,1
5590,6
5591,3
5592,3
5593,2
5594,3
5595,2
5596,5
5597,2
5598,1
5599,4
5600,4
5601,4
5602,2
5603,1
5604,7
5605,2
5606,4
5607,4
5608,1
5609,1
5610,1
5611,11
5612,2
5613,2
5614,10
5615,6
5616,5
5617,4
5618,9
5619,11
5620,3
5621,5
5622,1
5623,2
5624,6
5625,14
5626,1
5627,1
5628,8
5629,9
5630,7
5631,1
5632,4
5633,13
5634,1
5635,4
5636,3
5637,1
5638,8
5639,4
5640,4
5641,1
5642,7
5643,3
5644,12
5645,12
5646,1
5647,18
5648,4
5649,13
5650,3
5651,3
5652,3
5653,2
5654,9
5655,8
5656,6
5657,4
5658,11
5659,5
5660,1
5661,4
5662,2
5663,4
5664,10
5665,3
5666,4
5667,5
5668,7
5669,12
5670,11
5671,4
5672,4
5673,5
5674,9
5675,5
5676,9
5677,1
5678,6
5679,8
5680,10
5681,1
5682,9
5683,10
5684,5
5685,13
5686,11
5687,6
5688,1
5689,2
5690,18
5691,10
5692,9
5693,4
5694,3
5695,7
5696,6
5697,12
5698,1
5699,10
5700,19
5701,8
5702,24
5703,32
5704,2
5705,11
5706,9
5707,4
5708,3
5709,2
5710,17
5711,26
5712,8
5713,7
5714,10
5715,11
5716,11
5717,5
5718,50
5719,2
5720,11
5721,47
5722,7
5723,26
5724,2
5725,5
5726,1
5727,6
5728,2
5729,7
5730,6
5731,2
5732,17
5733,11
5734,22
5735,3
5736,4
5737,7
5738,2
5739,2
5740,18
5741,7
5742,3
5743,2
5744,6
5745,5
5746,11
5747,17
5748,2
5749,1
5750,3
5751,21
5752,1
5753,15
5754,3
5755,5
5756,2
5757,14
5758,4
5759,2
5760,8
5761,4
5762,8
5763,2
5764,4
5765,34
5766,2
5767,2
5768,16
5769,5
5770,8
5771,4
5772,6
5773,8
5774,2
5775,12
5776,1
5777,17
5778,3
5779,2
5780,10
5781,18
5782,2
5783,7
5784,3
5785,33
5786,9
5787,10
5788,3
5789,4
5790,3
5791,1
5792,3
5793,1
5794,1
5795,1
5796,4
5797,1
5798,1
5799,6
5800,1
5801,1
5802,2
5803,2
5804,3
5805,2
5806,3
5807,1
5808,8
5809,3
5810,2
5811,1
5812,1
5813,3
5814,1
5815,4
5816,1
5817,6
5818,1
5819,6
5820,4
5821,1
5822,1
5823,4
5824,3
5825,4
5826,1
5827,1
5828,1
5829,3
5830,4
5831,2
5832,1
5833,5
5834,1
5835,1
5836,2
5837,1
5838,4
5839,4
5840,4
5841,3
5842,11
5843,1
5844,1
5845,2
5846,11
5847,1
5848,1
5849,4
5850,2
5851,3
5852,2
5853,2
5854,9
5855,4
5856,1
5857,4
5858,3
5859,12
5860,1
5861,5
5862,4
5863,4
5864,4
5865,6
5866,1
5867,1
5868,5
5869,6
5870,5
5871,7
5872,2
5873,2
5874,3
5875,1
5876,3
5877,5
5878,6
5879,1
5880,2
5881,4
5882,1
5883,4
5884,2
5885,1
5886,1
5887,2
5888,1
5889,4
5890,1
5891,1
5892,5
5893,3
5894,3
5895,1
5896,1
5897,2
5898,5
5899,3
5900,2
5901,1
5902,1
5903,1
5904,8
5905,1
5906,5
5907,1
5908,4
5909,3
5910,2
5911,7
5912,1
5913,4
5914,1
5915,1
5916,3
5917,2
5918,1
5919,1
5920,2
5921,1
5922,3
5923,5
5924,1
5925,1
5926,3
5927,1
5928,5
5929,1
5930,3
5931,3
5932,11
5933,2
5934,1
5935,3
5936,7
5937,5
5938,2
5939,3
5940,2
5941,2
5942,3
5943,1
5944,1
5945,3
5946,4
5947,3
5948,1
5949,2
5950,4
5951,2
5952,2
5953,6
5954,2
5955,4
5956,1
5957,4
5958,1
5959,1
5960,2
5961,1
5962,1
5963,4
5964,1
5965,1
5966,1
5967,3
5968,1
5969,1
5970,1
5971,5
5972,2
5973,7
5974,1
5975,13
5976,1
5977,3
5978,3
5979,1
5980,2
5981,1
5982,3
5983,2
5984,1
5985,3
5986,15
5987,1
5988,1
5989,1
5990,3
5991,1
5992,2
5993,6
5994,1
5995,11
5996,1
5997,6
5998,3
5999,2
6000,2
6001,2
6002,1
6003,5
6004,3
6005,1
6006,3
6007,9
6008,3
6009,2
6010,2
6011,1
6012,2
6013,1
6014,8
6015,3
6016,1
6017,5
6018,4
6019,8
6020,4
6021,2
6022,4
6023,2
6024,3
6025,1
6026,9
6027,4
6028,4
6029,5
6030,3
6031,1
6032,3
6033,3
6034,1
6035,4
6036,2
6037,3
6038,2
6039,3
6040,5
6041,2
6042,1
6043,4
6044,6
6045,5
6046,4
6047,9
6048,2
6049,3
6050,1
6051,3
6052,4
6053,2
6054,2
6055,2
6056,2
6057,1
6058,1
6059,2
6060,1
6061,9
6062,1
6063,2
6064,11
6065,2
6066,1
6067,1
6068,1
6069,9
6070,1
6071,3
6072,3
6073,2
6074,4
6075,2
6076,4
6077,8
6078,4
6079,1
6080,5
6081,1
6082,1
6083,3
6084,2
6085,6
6086,8
6087,8
6088,1
6089,5
6090,5
6091,7
6092,3
6093,12
6094,3
6095,1
6096,4
6097,4
6098,12
6099,1
6100,1
6101,1
6102,5
6103,5
6104,4
6105,2
6106,7
6107,2
6108,1
6109,10
6110,1
6111,1
6112,2
6113,3
6114,1
6115,2
6116,2
6117,1
6118,6
6119,7
6120,13
6121,1
6122,1
6123,5
6124,4
6125,8
6126,10
6127,2
6128,12
6129,6
6130,6
6131,4
6132,4
6133,1
6134,11
6135,2
6136,1
6137,2
6138,5
6139,7
6140,1
6141,4
6142,2
6143,3
6144,5
6145,2
6146,4
6147,3
6148,1
6149,1
6150,4
6151,9
6152,1
6153,2
6154,2
6155,2
6156,9
6157,5
6158,2
6159,1
6160,1
6161,2
6162,1
6163,2
6164,1
6165,1
6166,1
6167,1
6168,2
6169,7
6170,1
6171,1
6172,1
6173,1
6174,2
6175,2
6176,2
6177,2
6178,1
6179,2
6180,1
6181,5
6182,1
6183,1
6184,1
6185,1
6186,1
6187,1
6188,1
6189,2
6190,1
6191,1
6192,1
6193,1
6194,1
6195,1
6196,5
6197,2
6198,1
6199,3
6200,2
6201,2
6202,4
6203,5
6204,1
6205,4
6206,1
6207,1
6208,6
6209,3
6210,1
6211,2
6212,1
6213,3
6214,1
6215,3
6216,1
6217,3
6218,3
6219,3
6220,3
6221,1
6222,4
6223,2
6224,2
6225,5
6226,1
6227,3
6228,6
6229,4
6230,2
6231,1
6232,3
6233,6
6234,3
6235,1
6236,1
6237,3
6238,3
6239,1
6240,1
6241,1
6242,1
6243,2
6244,5
6245,4
6246,5
6247,2
6248,4
6249,2
6250,4
6251,3
6252,6
6253,1
6254,6
6255,10
6256,6
6257,5
6258,1
6259,1
6260,8
6261,8
6262,2
6263,1
6264,1
6265,2
6266,1
6267,4
6268,1
6269,2
6270,2
6271,1
6272,1
6273,5
6274,1
6275,1
6276,1
6277,2
6278,2
6279,1
6280,1
6281,2
6282,1
6283,1
6284,3
6285,1
6286,2
6287,1
6288,3
6289,1
6290,1
6291,1
6292,2
6293,2
6294,2
6295,1
6296,4
6297,1
6298,2
6299,1
6300,1
6301,2
6302,4
6303,2
6304,4
6305,1
6306,1
6307,1
6308,4
6309,3
6310,10
6311,4
6312,3
6313,5
6314,4
6315,1
6316,1
6317,5
6318,1
6319,3
6320,3
6321,6
6322,2
6323,1
6324,3
6325,1
6326,1
6327,1
6328,3
6329,1
6330,6
6331,8
6332,2
6333,3
6334,1
6335,2
6336,2
6337,1
6338,1
6339,1
6340,2
6341,3
6342,4
6343,4
6344,1
6345,2
6346,1
6347,1
6348,3
6349,1
6350,2
6351,2
6352,1
6353,3
6354,1
6355,3
6356,1
6357,1
6358,3
6359,1
6360,2
6361,2
6362,3
6363,1
6364,2
6365,1
6366,2
6367,1
6368,1
6369,6
6370,1
6371,2
6372,3
6373,3
6374,4
6375,2
6376,7
6377,6
6378,1
6379,6
6380,5
6381,4
6382,1
6383,1
6384,1
6385,3
6386,8
6387,2
6388,1
6389,5
6390,13
6391,2
6392,1
6393,2
6394,4
6395,14
6396,1
6397,11
6398,1
6399,6
6400,7
6401,1
6402,5
6403,5
6404,2
6405,2
6406,3
6407,2
6408,2
6409,1
6410,3
6411,1
6412,2
6413,4
6414,2
6415,4
6416,3
6417,1
6418,5
6419,1
6420,4
6421,3
6422,2
6423,6
6424,3
6425,3
6426,2
6427,9
6428,1
6429,6
6430,4
6431,2
6432,1
6433,1
6434,2
6435,2
6436,4
6437,3
6438,1
6439,3
6440,1
6441,3
6442,7
6443,11
6444,6
6445,5
6446,5
6447,4
6448,7
6449,2
6450,3
6451,2
6452,4
6453,4
6454,3
6455,3
6456,2
6457,4
6458,2
6459,7
6460,1
6461,6
6462,1
6463,1
6464,5
6465,5
6466,1
6467,14
6468,5
6469,1
6470,2
6471,2
6472,1
6473,2
6474,3
6475,3
6476,3
6477,7
6478,1
6479,5
6480,10
6481,3
6482,2
6483,3
6484,2
6485,2
6486,9
6487,1
6488,1
6489,1
6490,2
6491,4
6492,3
6493,3
6494,5
6495,4
6496,2
6497,3
6498,4
6499,1
6500,1
6501,3
6502,4
6503,1
6504,1
6505,1
6506,2
6507,10
6508,10
6509,5
6510,4
6511,1
6512,2
6513,14
6514,2
6515,3
6516,1
6517,3
6518,1
6519,5
6520,7
6521,3
6522,1
6523,3
6524,2
6525,1
6526,5
6527,1
6528,3
6529,2
6530,1
6531,2
6532,5
6533,6
6534,1
6535,5
6536,1
6537,2
6538,2
6539,6
6540,1
6541,9
6542,3
6543,3
6544,3
6545,1
6546,1
6547,10
6548,2
6549,1
6550,1
6551,1
6552,5
6553,1
6554,3
6555,3
6556,2
6557,5
6558,1
6559,1
6560,2
6561,1
6562,2
6563,9
6564,3
6565,9
6566,8
6567,3
6568,7
6569,5
6570,10
6571,1
6572,5
6573,4
6574,2
6575,2
6576,3
6577,3
6578,1
6579,1
6580,3
6581,4
6582,1
6583,1
6584,5
6585,4
6586,2
6587,2
6588,2
6589,1
6590,4
6591,1
6592,5
6593,2
6594,4
6595,2
6596,3
6597,3
6598,1
6599,5
6600,9
6601,2
6602,3
6603,2
6604,3
6605,4
6606,3
6607,2
6608,2
6609,2
6610,3
6611,3
6612,1
6613,1
6614,2
6615,1
6616,4
6617,2
6618,4
6619,3
6620,3
6621,2
6622,3
6623,1
6624,3
6625,6
6626,2
6627,1
6628,2
6629,4
6630,1
6631,1
6632,1
6633,1
6634,4
6635,1
6636,2
6637,4
6638,6
6639,4
6640,10
6641,1
6642,5
6643,8
6644,2
6645,1
6646,1
6647,1
6648,2
6649,1
6650,2
6651,6
6652,2
6653,1
6654,2
6655,2
6656,5
6657,4
6658,2
6659,3
6660,3
6661,2
6662,8
6663,12
6664,1
6665,1
6666,1
6667,1
6668,4
6669,2
6670,1
6671,4
6672,2
6673,3
6674,2
6675,6
6676,2
6677,2
6678,6
6679,6
6680,2
6681,5
6682,6
6683,1
6684,1
6685,3
6686,1
6687,3
6688,1
6689,5
6690,3
6691,3
6692,1
6693,2
6694,4
6695,3
6696,3
6697,4
6698,1
6699,1
6700,1
6701,1
6702,1
6703,1
6704,2
6705,1
6706,1
6707,1
6708,2
6709,2
6710,5
6711,1
6712,1
6713,1
6714,1
6715,1
6716,1
6717,1
6718,3
6719,3
6720,2
6721,2
6722,1
6723,1
6724,1
6725,3
6726,4
6727,3
6728,2
6729,1
6730,6
6731,1
6732,1
6733,1
6734,3
6735,5
6736,5
6737,2
6738,3
6739,2
6740,1
6741,1
6742,1
6743,2
6744,2
6745,2
6746,4
6747,3
6748,3
6749,1
6750,3
6751,1
6752,1
6753,2
6754,1
6755,1
6756,5
6757,3
6758,1
6759,8
6760,2
6761,2
6762,2
6763,1
6764,2
6765,1
6766,1
6767,3
6768,1
6769,2
6770,2
6771,2
6772,1
6773,4
6774,10
6775,4
6776,2
6777,3
6778,2
6779,1
6780,1
6781,2
6782,1
6783,2
6784,1
6785,2
6786,1
6787,6
6788,1
6789,1
6790,2
6791,1
6792,1
6793,4
6794,1
6795,2
6796,5
6797,2
6798,2
6799,4
6800,1
6801,1
6802,1
6803,2
6804,2
6805,2
6806,2
6807,1
6808,1
6809,2
6810,1
6811,2
6812,1
6813,2
6814,3
6815,1
6816,1
6817,2
6818,2
6819,5
6820,3
6821,1
6822,3
6823,3
6824,1
6825,4
6826,2
6827,2
6828,5
6829,5
6830,1
6831,1
6832,1
6833,1
6834,1
6835,4
6836,2
6837,1
6838,1
6839,2
6840,3
6841,1
6842,2
6843,5
6844,3
6845,3
6846,3
6847,2
6848,1
6849,1
6850,1
6851,1
6852,1
6853,6
6854,1
6855,2
6856,4
6857,1
6858,1
6859,2
6860,2
6861,7
6862,1
6863,3
6864,1
6865,1
6866,2
6867,1
6868,1
6869,3
6870,2
6871,1
6872,3
6873,4
6874,1
6875,5
6876,1
6877,2
6878,5
6879,3
6880,1
6881,2
6882,2
6883,2
6884,2
6885,1
6886,2
6887,1
6888,4
6889,7
6890,2
6891,4
6892,1
6893,6
6894,3
6895,2
6896,2
6897,1
6898,1
6899,3
6900,1
6901,7
6902,9
6903,4
6904,4
6905,1
6906,2
6907,1
6908,2
6909,2
6910,1
6911,5
6912,4
6913,6
6914,1
6915,7
6916,6
6917,4
6918,1
6919,1
6920,4
6921,2
6922,3
6923,1
6924,5
6925,2
6926,5
6927,6
6928,3
6929,1
6930,1
6931,1
6932,5
6933,2
6934,3
6935,1
6936,1
6937,3
6938,2
6939,1
6940,2
6941,1
6942,4
6943,5
6944,1
6945,3
6946,1
6947,2
6948,7
6949,5
6950,2
6951,1
6952,3
6953,2
6954,1
6955,3
6956,2
6957,5
6958,3
6959,1
6960,2
6961,2
6962,2
6963,2
6964,2
6965,4
6966,1
6967,2
6968,2
6969,1
6970,1
6971,2
6972,2
6973,1
6974,6
6975,5
6976,1
6977,3
6978,2
6979,1
6980,1
6981,1
6982,2
6983,3
6984,8
6985,1
6986,3
6987,2
6988,7
6989,3
6990,2
6991,1
6992,2
6993,1
6994,2
6995,1
6996,1
6997,1
6998,1
6999,1
7000,1
7001,3
7002,1
7003,2
7004,2
7005,1
7006,1
7007,5
7008,2
7009,1
7010,1
7011,5
7012,1
7013,3
7014,3
7015,2
7016,5
7017,2
7018,2
7019,1
7020,2
7021,1
7022,5
7023,1
7024,5
7025,1
7026,4
7027,3
7028,1
7029,3
7030,3
7031,4
7032,4
7033,3
7034,1
7035,13
7036,1
7037,1
7038,5
7039,1
7040,2
7041,3
7042,1
7043,2
7044,1
7045,7
7046,3
7047,3
7048,3
7049,1
7050,1
7051,1
7052,2
7053,3
7054,1
7055,1
7056,2
7057,4
7058,1
7059,2
7060,2
7061,2
7062,2
7063,3
7064,3
7065,4
7066,1
7067,1
7068,3
7069,5
7070,3
7071,1
7072,4
7073,2
7074,1
7075,3
7076,1
7077,1
7078,4
7079,1
7080,2
7081,1
7082,1
7083,3
7084,3
7085,1
7086,3
7087,6
7088,3
7089,2
7090,5
7091,3
7092,4
7093,2
7094,4
7095,1
7096,4
7097,2
7098,1
7099,4
7100,5
7101,3
7102,11
7103,1
7104,3
7105,3
7106,9
7107,5
7108,1
7109,2
7110,1
7111,2
7112,1
7113,6
7114,3
7115,1
7116,5
7117,6
7118,1
7119,2
7120,2
7121,4
7122,5
7123,1
7124,4
7125,5
7126,1
7127,1
7128,4
7129,3
7130,1
7131,1
7132,6
7133,2
7134,1
7135,5
7136,2
7137,1
7138,1
7139,3
7140,1
7141,3
7142,1
7143,7
7144,1
7145,1
7146,2
7147,2
7148,1
7149,3
7150,3
7151,9
7152,7
7153,6
7154,10
7155,10
7156,3
7157,6
7158,5
7159,3
7160,1
7161,2
7162,1
7163,1
7164,1
7165,5
7166,10
7167,3
7168,4
7169,1
7170,4
7171,1
7172,3
7173,3
7174,1
7175,4
7176,5
7177,1
7178,12
7179,4
7180,3
7181,3
7182,2
7183,1
7184,2
7185,2
7186,4
7187,5
7188,1
7189,8
7190,1
7191,4
7192,3
7193,2
7194,2
7195,1
7196,5
7197,1
7198,7
7199,6
7200,4
7201,1
7202,1
7203,3
7204,1
7205,4
7206,2
7207,15
7208,3
7209,3
7210,3
7211,1
7212,5
7213,3
7214,4
7215,2
7216,18
7217,3
7218,3
7219,4
7220,2
7221,4
7222,2
7223,10
7224,4
7225,4
7226,4
7227,3
7228,8
7229,1
7230,2
7231,1
7232,1
7233,1
7234,2
7235,1
7236,1
7237,1
7238,2
7239,2
7240,7
7241,11
7242,2
7243,3
7244,8
7245,3
7246,3
7247,4
7248,2
7249,1
7250,1
7251,2
7252,4
7253,2
7254,8
7255,1
7256,3
7257,5
7258,5
7259,2
7260,5
7261,1
7262,2
7263,2
7264,2
7265,1
7266,7
7267,1
7268,1
7269,6
7270,2
7271,1
7272,2
7273,1
7274,1
7275,4
7276,2
7277,2
7278,1
7279,1
7280,1
7281,1
7282,4
7283,3
7284,1
7285,2
7286,4
7287,1
7288,4
7289,2
7290,1
7291,2
7292,1
7293,4
7294,7
7295,3
7296,1
7297,4
7298,1
7299,3
7300,1
7301,2
7302,7
7303,2
7304,4
7305,1
7306,3
7307,1
7308,5
7309,1
7310,5
7311,1
7312,1
7313,4
7314,8
7315,2
7316,1
7317,3
7318,2
7319,1
7320,6
7321,1
7322,1
7323,3
7324,7
7325,1
7326,1
7327,1
7328,3
7329,1
7330,1
7331,1
7332,4
7333,6
7334,2
7335,3
7336,1
7337,1
7338,3
7339,1
7340,5
7341,1
7342,8
7343,1
7344,3
7345,3
7346,1
7347,4
7348,2
7349,2
7350,1
7351,1
7352,6
7353,3
7354,5
7355,1
7356,4
7357,6
7358,3
7359,2
7360,7
7361,1
7362,2
7363,1
7364,3
7365,1
7366,2
7367,1
7368,3
7369,2
7370,4
7371,3
7372,1
7373,11
7374,6
7375,2
7376,2
7377,2
7378,1
7379,1
7380,3
7381,1
7382,5
7383,2
7384,3
7385,1
7386,4
7387,3
7388,1
7389,2
7390,2
7391,1
7392,1
7393,2
7394,2
7395,1
7396,1
7397,3
7398,1
7399,1
7400,4
7401,6
7402,2
7403,1
7404,4
7405,2
7406,3
7407,1
7408,2
7409,2
7410,3
7411,1
7412,1
7413,1
7414,3
7415,2
7416,1
7417,1
7418,4
7419,2
7420,2
7421,1
7422,1
7423,2
7424,1
7425,1
7426,1
7427,1
7428,1
7429,1
7430,1
7431,1
7432,1
7433,2
7434,5
7435,1
7436,3
7437,2
7438,7
7439,1
7440,4
7441,2
7442,1
7443,6
7444,3
7445,1
7446,3
7447,2
7448,4
7449,3
7450,5
7451,2
7452,2
7453,3
7454,5
7455,1
7456,7
7457,2
7458,8
7459,2
7460,2
7461,4
7462,1
7463,1
7464,7
7465,2
7466,3
7467,2
7468,3
7469,1
7470,4
7471,1
7472,2
7473,1
7474,1
7475,3
7476,2
7477,1
7478,2
7479,1
7480,2
7481,1
7482,1
7483,1
7484,1
7485,1
7486,1
7487,1
7488,1
7489,2
7490,1
7491,2
7492,3
7493,3
7494,3
7495,2
7496,11
7497,1
7498,1
7499,1
7500,4
7501,3
7502,4
7503,3
7504,5
7505,2
7506,2
7507,8
7508,1
7509,2
7510,2
7511,2
7512,3
7513,1
7514,1
7515,1
7516,2
7517,3
7518,2
7519,3
7520,2
7521,3
7522,2
7523,10
7524,3
7525,3
7526,3
7527,4
7528,1
7529,3
7530,2
7531,1
7532,5
7533,6
7534,1
7535,6
7536,14
7537,7
7538,18
7539,9
7540,1
7541,1
7542,4
7543,2
7544,6
7545,4
7546,1
7547,1
7548,1
7549,12
7550,4
7551,2
7552,9
7553,2
7554,7
7555,2
7556,1
7557,5
7558,5
7559,10
7560,4
7561,1
7562,1
7563,9
7564,2
7565,2
7566,8
7567,6
7568,4
7569,3
7570,1
7571,1
7572,4
7573,2
7574,4
7575,13
7576,2
7577,1
7578,6
7579,5
7580,5
7581,10
7582,7
7583,1
7584,2
7585,2
7586,5
7587,2
7588,4
7589,3
7590,6
7591,6
7592,4
7593,2
7594,2
7595,2
7596,1
7597,1
7598,1
7599,1
7600,1
7601,1
7602,6
7603,2
7604,4
7605,1
7606,7
7607,2
7608,1
7609,2
7610,6
7611,1
7612,1
7613,1
7614,1
7615,2
7616,1
7617,3
7618,2
7619,9
7620,9
7621,3
7622,3
7623,6
7624,3
7625,3
7626,2
7627,2
7628,2
7629,8
7630,1
7631,2
7632,1
7633,1
7634,5
7635,4
7636,2
7637,2
7638,2
7639,1
7640,2
7641,8
7642,1
7643,6
7644,6
7645,4
7646,5
7647,3
7648,1
7649,5
7650,8
7651,1
7652,1
7653,1
7654,5
7655,2
7656,2
7657,3
7658,1
7659,2
7660,1
7661,2
7662,3
7663,1
7664,2
7665,1
7666,4
7667,2
7668,4
7669,1
7670,1
7671,1
7672,2
7673,1
7674,2
7675,1
7676,2
7677,2
7678,2
7679,2
7680,1
7681,2
7682,1
7683,2
7684,1
7685,1
7686,1
7687,2
7688,2
7689,1
7690,3
7691,2
7692,1
7693,1
7694,1
7695,3
7696,3
7697,2
7698,3
7699,1
7700,2
7701,4
7702,1
7703,1
7704,3
7705,1
7706,1
7707,1
7708,4
7709,1
7710,1
7711,1
7712,1
7713,2
7714,1
7715,2
7716,1
7717,1
7718,1
7719,2
7720,1
7721,1
7722,2
7723,3
7724,2
7725,1
7726,2
7727,1
7728,3
7729,1
7730,1
7731,1
7732,2
7733,1
7734,1
7735,2
7736,1
7737,1
7738,1
7739,2
7740,6
7741,3
7742,1
7743,1
7744,3
7745,1
7746,1
7747,1
7748,1
7749,7
7750,4
7751,2
7752,1
7753,1
7754,4
7755,3
7756,1
7757,1
7758,1
7759,7
7760,1
7761,2
7762,4
7763,1
7764,1
7765,1
7766,1
7767,5
7768,5
7769,2
7770,6
7771,2
7772,10
7773,1
7774,1
7775,1
7776,3
7777,1
7778,1
7779,1
7780,2
7781,3
7782,2
7783,2
7784,4
7785,3
7786,1
7787,1
7788,6
7789,1
7790,1
7791,2
7792,6
7793,1
7794,3
7795,1
7796,4
7797,1
7798,3
7799,9
7800,2
7801,1
7802,1
7803,3
7804,2
7805,1
7806,1
7807,1
7808,2
7809,3
7810,2
7811,3
7812,3
7813,1
7814,3
7815,3
7816,1
7817,1
7818,1
7819,1
7820,1
7821,1
7822,2
7823,2
7824,3
7825,1
7826,1
7827,1
7828,2
7829,2
7830,4
7831,3
7832,1
7833,1
7834,3
7835,4
7836,5
7837,2
7838,1
7839,7
7840,3
7841,9
7842,1
7843,5
7844,2
7845,3
7846,4
7847,6
7848,8
7849,1
7850,2
7851,4
7852,1
7853,3
7854,4
7855,2
7856,2
7857,1
7858,7
7859,3
7860,10
7861,4
7862,3
7863,2
7864,1
7865,1
7866,3
7867,1
7868,2
7869,1
7870,1
7871,1
7872,1
7873,4
7874,1
7875,5
7876,1
7877,2
7878,1
7879,1
7880,1
7881,2
7882,1
7883,1
7884,1
7885,1
7886,3
7887,1
7888,1
7889,3
7890,4
7891,2
7892,6
7893,3
7894,1
7895,1
7896,1
7897,2
7898,2
7899,1
7900,4
7901,4
7902,1
7903,1
7904,2
7905,1
7906,1
7907,2
7908,4
7909,1
7910,2
7911,1
7912,4
7913,1
7914,2
7915,2
7916,1
7917,1
7918,1
7919,6
7920,6
7921,6
7922,2
7923,1
7924,3
7925,2
7926,1
7927,3
7928,2
7929,1
7930,4
7931,2
7932,13
7933,5
7934,5
7935,9
7936,2
7937,1
7938,2
7939,3
7940,2
7941,10
7942,2
7943,1
7944,4
7945,1
7946,1
7947,4
7948,4
7949,1
7950,1
7951,3
7952,1
7953,1
7954,2
7955,1
7956,1
7957,2
7958,1
7959,1
7960,1
7961,1
7962,3
7963,4
7964,2
7965,3
7966,1
7967,1
7968,2
7969,2
7970,2
7971,1
7972,2
7973,1
7974,5
7975,1
7976,1
7977,1
7978,2
7979,1
7980,4
7981,1
7982,1
7983,2
7984,3
7985,3
7986,1
7987,1
7988,2
7989,3
7990,2
7991,3
7992,2
7993,2
7994,1
7995,1
7996,1
7997,4
7998,2
7999,4
8000,3
8001,4
8002,2
8003,2
8004,2
8005,2
8006,3
8007,1
8008,1
8009,3
8010,1
8011,1
8012,4
8013,3
8014,9
8015,2
8016,2
8017,2
8018,2
8019,4
8020,4
8021,6
8022,5
8023,6
8024,2
8025,3
8026,4
8027,2
8028,1
8029,8
8030,3
8031,2
8032,2
8033,1
8034,3
8035,6
8036,3
8037,3
8038,1
8039,1
8040,2
8041,1
8042,1
8043,2
8044,1
8045,1
8046,2
8047,2
8048,1
8049,2
8050,5
8051,1
8052,1
8053,6
8054,2
8055,5
8056,3
8057,1
8058,2
8059,3
8060,1
8061,3
8062,3
8063,3
8064,2
8065,1
8066,1
8067,1
8068,3
8069,4
8070,5
8071,3
8072,4
8073,3
8074,1
8075,6
8076,7
8077,1
8078,8
8079,1
8080,3
8081,3
8082,7
8083,5
8084,7
8085,1
8086,1
8087,4
8088,1
8089,1
8090,1
8091,1
8092,6
8093,2
8094,2
8095,5
8096,2
8097,2
8098,7
8099,1
8100,2
8101,1
8102,2
8103,6
8104,2
8105,1
8106,1
8107,1
8108,1
8109,3
8110,2
8111,2
8112,2
8113,1
8114,2
8115,6
8116,5
8117,5
8118,1
8119,2
8120,5
8121,9
8122,1
8123,1
8124,7
8125,1
8126,5
8127,1
8128,2
8129,3
8130,1
8131,1
8132,6
8133,2
8134,2
8135,1
8136,1
8137,5
8138,1
8139,5
8140,2
8141,1
8142,3
8143,4
8144,4
8145,2
8146,2
8147,1
8148,2
8149,4
8150,3
8151,5
8152,3
8153,4
8154,1
8155,3
8156,2
8157,6
8158,2
8159,5
8160,2
8161,1
8162,1
8163,3
8164,3
8165,4
8166,4
8167,2
8168,1
8169,4
8170,2
8171,2
8172,1
8173,5
8174,1
8175,1
8176,1
8177,3
8178,3
8179,1
8180,7
8181,2
8182,1
8183,1
8184,1
8185,5
8186,4
8187,4
8188,3
8189,5
8190,4
8191,3
8192,1
8193,1
8194,9
8195,1
8196,4
8197,4
8198,1
8199,2
8200,2
8201,1
8202,1
8203,2
8204,1
8205,7
8206,2
8207,2
8208,3
8209,1
8210,1
8211,2
8212,7
8213,1
8214,11
8215,1
8216,7
8217,6
8218,2
8219,2
8220,2
8221,6
8222,2
8223,1
8224,2
8225,3
8226,1
8227,3
8228,1
8229,2
8230,1
8231,5
8232,2
8233,1
8234,5
8235,3
8236,1
8237,1
8238,1
8239,1
8240,1
8241,3
8242,2
8243,1
8244,2
8245,1
8246,7
8247,1
8248,5
8249,6
8250,2
8251,1
8252,4
8253,3
8254,1
8255,6
8256,4
8257,4
8258,3
8259,1
8260,1
8261,3
8262,6
8263,1
8264,1
8265,6
8266,6
8267,1
8268,2
8269,2
8270,2
8271,5
8272,5
8273,1
8274,2
8275,3
8276,1
8277,7
8278,5
8279,2
8280,3
8281,1
8282,5
8283,2
8284,3
8285,1
8286,1
8287,3
8288,1
8289,4
8290,1
8291,1
8292,1
8293,1
8294,2
8295,3
8296,1
8297,4
8298,3
8299,2
8300,4
8301,2
8302,1
8303,1
8304,3
8305,1
8306,1
8307,2
8308,1
8309,1
8310,3
8311,12
8312,3
8313,3
8314,2
8315,1
8316,2
8317,8
8318,2
8319,4
8320,1
8321,2
8322,2
8323,2
8324,2
8325,1
8326,2
8327,1
8328,1
8329,1
8330,4
8331,2
8332,5
8333,2
8334,2
8335,1
8336,3
8337,1
8338,1
8339,4
8340,1
8341,8
8342,5
8343,3
8344,3
8345,1
8346,2
8347,4
8348,3
8349,3
8350,2
8351,7
8352,3
8353,7
8354,5
8355,2
8356,4
8357,1
8358,5
8359,5
8360,3
8361,6
8362,6
8363,1
8364,3
8365,4
8366,2
8367,2
8368,2
8369,1
8370,4
8371,2
8372,2
8373,6
8374,2
8375,1
8376,1
8377,3
8378,3
8379,1
8380,2
8381,4
8382,3
8383,1
8384,5
8385,1
8386,6
8387,1
8388,1
8389,2
8390,6
8391,4
8392,1
8393,1
8394,6
8395,2
8396,4
8397,4
8398,5
8399,11
8400,1
8401,4
8402,2
8403,1
8404,1
8405,2
8406,2
8407,1
8408,3
8409,3
8410,2
8411,4
8412,2
8413,1
8414,2
8415,2
8416,2
8417,1
8418,1
8419,1
8420,1
8421,1
8422,1
8423,1
8424,1
8425,1
8426,3
8427,2
8428,2
8429,4
8430,1
8431,2
8432,3
8433,1
8434,1
8435,1
8436,1
8437,1
8438,1
8439,1
8440,1
8441,3
8442,1
8443,9
8444,4
8445,1
8446,1
8447,1
8448,1
8449,4
8450,1
8451,1
8452,1
8453,3
8454,2
8455,3
8456,2
8457,6
8458,1
8459,1
8460,1
8461,2
8462,1
8463,3
8464,1
8465,2
8466,2
8467,1
8468,1
8469,1
8470,2
8471,3
8472,5
8473,4
8474,5
8475,1
8476,3
8477,6
8478,1
8479,1
8480,6
8481,2
8482,2
8483,2
8484,3
8485,2
8486,1
8487,1
8488,4
8489,4
8490,1
8491,2
8492,1
8493,4
8494,3
8495,1
8496,1
8497,1
8498,5
8499,3
8500,3
8501,2
8502,1
8503,2
8504,1
8505,1
8506,1
8507,1
8508,1
8509,2
8510,2
8511,1
8512,2
8513,1
8514,2
8515,1
8516,1
8517,1
8518,3
8519,1
8520,1
8521,2
8522,2
8523,3
8524,2
8525,1
8526,2
8527,2
8528,1
8529,3
8530,1
8531,1
8532,1
8533,1
8534,1
8535,2
8536,1
8537,2
8538,1
8539,2
8540,1
8541,2
8542,3
8543,1
8544,2
8545,1
8546,1
8547,2
8548,1
8549,2
8550,2
8551,1
8552,1
8553,1
8554,1
8555,3
8556,3
8557,2
8558,3
8559,1
8560,2
8561,1
8562,1
8563,1
8564,1
8565,1
8566,1
8567,3
8568,1
8569,2
8570,2
8571,2
8572,2
8573,1
8574,2
8575,1
8576,1
8577,2
8578,3
8579,1
8580,1
8581,2
8582,3
8583,2
8584,1
8585,1
8586,3
8587,1
8588,1
8589,1
8590,1
8591,1
8592,2
8593,1
8594,2
8595,2
8596,2
8597,1
8598,1
8599,1
8600,2
8601,1
8602,1
8603,1
8604,1
8605,2
8606,1
8607,1
8608,1
8609,1
8610,2
8611,3
8612,1
8613,4
8614,3
8615,1
8616,1
8617,3
8618,2
8619,1
8620,1
8621,4
8622,1
8623,2
8624,1
8625,1
8626,2
8627,1
8628,3
8629,2
8630,2
8631,4
8632,1
8633,1
8634,1
8635,1
8636,2
8637,1
8638,2
8639,3
8640,1
8641,1
8642,1
8643,3
8644,2
8645,2
8646,2
8647,1
8648,2
8649,2
8650,3
8651,4
8652,2
8653,3
8654,4
8655,5
8656,2
8657,3
8658,2
8659,1
8660,3
8661,2
8662,1
8663,1
8664,1
8665,3
8666,1
8667,1
8668,1
8669,1
8670,5
8671,1
8672,1
8673,6
8674,1
8675,4
8676,2
8677,1
8678,2
8679,4
8680,3
8681,5
8682,2
8683,5
8684,4
8685,3
8686,1
8687,6
8688,2
8689,1
8690,6
8691,3
8692,4
8693,6
8694,5
8695,3
8696,2
8697,2
8698,1
8699,4
8700,5
8701,2
8702,3
8703,2
8704,10
8705,2
8706,9
8707,4
8708,2
8709,1
8710,1
8711,12
8712,5
8713,4
8714,7
8715,5
8716,2
8717,6
8718,9
8719,12
8720,1
8721,2
8722,7
8723,2
8724,3
8725,2
8726,3
8727,7
8728,7
8729,1
8730,1
8731,4
8732,4
8733,19
8734,1
8735,2
8736,2
8737,1
8738,4
8739,3
8740,10
8741,10
8742,4
8743,9
8744,6
8745,1
8746,5
8747,6
8748,1
8749,8
8750,4
8751,1
8752,1
8753,9
8754,8
8755,2
8756,6
8757,2
8758,10
8759,6
8760,9
8761,7
8762,5
8763,3
8764,2
8765,1
8766,5
8767,5
8768,2
8769,2
8770,3
8771,2
8772,9
8773,3
8774,1
8775,3
8776,4
8777,6
8778,5
8779,5
8780,1
8781,3
8782,10
8783,2
8784,1
8785,3
8786,14
8787,4
8788,4
8789,6
8790,7
8791,1
8792,2
8793,3
8794,5
8795,1
8796,1
8797,3
8798,2
8799,5
8800,2
8801,3
8802,3
8803,1
8804,3
8805,2
8806,13
8807,11
8808,6
8809,1
8810,3
8811,6
8812,1
8813,2
8814,3
8815,11
8816,9
8817,5
8818,3
8819,4
8820,3
8821,6
8822,1
8823,1
8824,2
8825,1
8826,1
8827,1
8828,7
8829,5
8830,5
8831,3
8832,1
8833,1
8834,4
8835,1
8836,5
8837,7
8838,1
8839,1
8840,1
8841,1
8842,4
8843,1
8844,3
8845,1
8846,2
8847,3
8848,1
8849,1
8850,3
8851,4
8852,1
8853,2
8854,1
8855,2
8856,1
8857,5
8858,2
8859,2
8860,1
8861,1
8862,1
8863,2
8864,5
8865,2
8866,1
8867,10
8868,4
8869,1
8870,1
8871,8
8872,1
8873,1
8874,4
8875,5
8876,1
8877,1
8878,4
8879,1
8880,6
8881,3
8882,2
8883,3
8884,5
8885,3
8886,6
8887,14
8888,2
8889,2
8890,1
8891,1
8892,1
8893,3
8894,4
8895,2
8896,6
8897,4
8898,2
8899,3
8900,3
8901,1
8902,4
8903,6
8904,3
8905,1
8906,1
8907,1
8908,3
8909,1
8910,4
8911,3
8912,11
8913,3
8914,4
8915,3
8916,9
8917,1
8918,7
8919,5
8920,3
8921,1
8922,4
8923,9
8924,1
8925,4
8926,9
8927,1
8928,3
8929,5
8930,4
8931,2
8932,1
8933,4
8934,1
8935,3
8936,2
8937,3
8938,2
8939,2
8940,2
8941,1
8942,1
8943,1
8944,4
8945,3
8946,3
8947,2
8948,1
8949,1
8950,4
8951,6
8952,1
8953,5
8954,1
8955,3
8956,1
8957,2
8958,3
8959,2
8960,1
8961,2
8962,1
8963,2
8964,1
8965,4
8966,1
8967,1
8968,5
8969,2
8970,2
8971,3
8972,1
8973,8
8974,1
8975,2
8976,1
8977,3
8978,2
8979,1
8980,3
8981,1
8982,1
8983,1
8984,4
8985,2
8986,6
8987,1
8988,6
8989,3
8990,14
8991,2
8992,1
8993,3
8994,7
8995,1
8996,2
8997,4
8998,3
8999,4
9000,1
9001,2
9002,1
9003,4
9004,4
9005,1
9006,2
9007,2
9008,1
9009,1
9010,4
9011,3
9012,1
9013,3
9014,2
9015,7
9016,3
9017,3
9018,1
9019,1
9020,1
9021,4
9022,2
9023,1
9024,1
9025,3
9026,2
9027,3
9028,5
9029,1
9030,7
9031,10
9032,2
9033,2
9034,1
9035,2
9036,3
9037,5
9038,5
9039,2
9040,3
9041,1
9042,1
9043,1
9044,4
9045,1
9046,7
9047,2
9048,1
9049,7
9050,2
9051,2
9052,3
9053,1
9054,2
9055,2
9056,2
9057,5
9058,3
9059,1
9060,2
9061,2
9062,4
9063,1
9064,1
9065,2
9066,2
9067,1
9068,1
9069,3
9070,3
9071,5
9072,1
9073,1
9074,9
9075,3
9076,7
9077,1
9078,3
9079,2
9080,1
9081,1
9082,4
9083,3
9084,2
9085,1
9086,1
9087,3
9088,2
9089,4
9090,1
9091,2
9092,6
9093,4
9094,2
9095,1
9096,1
9097,2
9098,2
9099,4
9100,2
9101,3
9102,1
9103,4
9104,2
9105,6
9106,1
9107,1
9108,2
9109,1
9110,1
9111,2
9112,1
9113,2
9114,3
9115,3
9116,1
9117,4
9118,1
9119,1
9120,1
9121,5
9122,3
9123,1
9124,5
9125,7
9126,1
9127,4
9128,2
9129,5
9130,12
9131,7
9132,6
9133,1
9134,1
9135,8
9136,1
9137,5
9138,5
9139,4
9140,10
9141,4
9142,5
9143,5
9144,10
9145,1
9146,2
9147,1
9148,3
9149,1
9150,2
9151,2
9152,6
9153,5
9154,4
9155,1
9156,2
9157,2
9158,5
9159,4
9160,3
9161,14
9162,3
9163,5
9164,3
9165,1
9166,1
9167,5
9168,3
9169,1
9170,10
9171,5
9172,4
9173,3
9174,10
9175,1
9176,14
9177,6
9178,2
9179,9
9180,7
9181,2
9182,1
9183,1
9184,4
9185,7
9186,14
9187,6
9188,2
9189,1
9190,6
9191,3
9192,6
9193,3
9194,2
9195,5
9196,6
9197,4
9198,3
9199,3
9200,2
9201,5
9202,1
9203,3
9204,23
9205,2
9206,2
9207,2
9208,10
9209,1
9210,1
9211,1
9212,4
9213,2
9214,14
9215,1
9216,6
9217,9
9218,6
9219,2
9220,6
9221,1
9222,1
9223,5
9224,9
9225,8
9226,6
9227,6
9228,1
9229,6
9230,4
9231,17
9232,1
9233,7
9234,14
9235,1
9236,21
9237,10
9238,6
9239,9
9240,4
9241,10
9242,8
9243,2
9244,13
9245,4
9246,7
9247,3
9248,2
9249,9
9250,12
9251,1
9252,9
9253,2
9254,10
9255,6
9256,12
9257,3
9258,9
9259,17
9260,6
9261,7
9262,4
9263,2
9264,6
9265,7
9266,16
9267,15
9268,7
9269,3
9270,10
9271,9
9272,21
9273,34
9274,2
9275,5
9276,8
9277,5
9278,31
9279,7
9280,11
9281,5
9282,12
9283,25
9284,6
9285,30
9286,9
9287,17
9288,7
9289,8
9290,6
9291,12
9292,5
9293,1
9294,2
9295,4
9296,8
9297,6
9298,4
9299,3
9300,6
9301,4
9302,20
9303,4
9304,3
9305,2
9306,8
9307,16
9308,13
9309,24
9310,17
9311,7
9312,10
9313,22
9314,41
9315,13
9316,3
9317,2
9318,8
9319,13
9320,6
9321,13
9322,15
9323,10
9324,4
9325,12
9326,17
9327,12
9328,6
9329,3
9330,11
9331,18
9332,3
9333,6
9334,1
9335,4
9336,10
9337,3
9338,3
9339,6
9340,4
9341,10
9342,2
9343,1
9344,5
9345,2
9346,7
9347,3
9348,7
9349,1
9350,8
9351,1
9352,12
9353,8
9354,1
9355,2
9356,1
9357,7
9358,7
9359,11
9360,11
9361,3
9362,6
9363,13
9364,10
9365,2
9366,16
9367,2
9368,27
9369,11
9370,2
9371,5
9372,12
9373,2
9374,5
9375,24
9376,18
9377,10
9378,5
9379,3
9380,3
9381,7
9382,7
9383,1
9384,16
9385,1
9386,21
9387,1
9388,40
9389,2
9390,11
9391,6
9392,15
9393,1
9394,10
9395,5
9396,5
9397,5
9398,2
9399,16
9400,18
9401,4
9402,27
9403,4
9404,9
9405,8
9406,8
9407,4
9408,25
9409,12
9410,20
9411,3
9412,3
9413,10
9414,13
9415,18
9416,21
9417,25
9418,19
9419,11
9420,7
9421,10
9422,21
9423,20
9424,5
9425,28
9426,5
9427,27
9428,4
9429,13
9430,3
9431,9
9432,28
9433,5
9434,8
9435,7
9436,12
9437,9
9438,3
9439,47
9440,38
9441,22
9442,16
9443,3
9444,12
9445,21
9446,22
9447,12
9448,28
9449,11
9450,3
9451,12
9452,1
9453,1
9454,5
9455,1
9456,1
9457,8
9458,15
9459,6
9460,10
9461,8
9462,12
9463,2
9464,8
9465,15
9466,3
9467,18
9468,1
9469,12
9470,25
9471,50
9472,3
9473,3
9474,55
9475,3
9476,14
9477,6
9478,1
9479,1
9480,3
9481,2
9482,16
9483,7
9484,6
9485,9
9486,46
9487,14
9488,6
9489,8
9490,1
9491,26
9492,3
9493,10
9494,5
9495,19
9496,10
9497,7
9498,18
9499,17
9500,19
9501,48
9502,5
9503,15
9504,41
9505,3
9506,9
9507,22
9508,1
9509,4
9510,1
9511,7
9512,18
9513,5
9514,2
9515,30
9516,2
9517,22
9518,20
9519,5
9520,1
9521,3
9522,8
9523,9
9524,7
9525,1
9526,7
9527,29
9528,16
9529,15
9530,8
9531,3
9532,8
9533,20
9534,11
9535,5
9536,10
9537,9
9538,19
9539,1
9540,5
9541,6
9542,4
9543,3
9544,12
9545,19
9546,3
9547,10
9548,8
9549,6
9550,1
9551,2
9552,2
9553,1
9554,3
9555,3
9556,4
9557,17
9558,12
9559,4
9560,7
9561,1
9562,5
9563,9
9564,5
9565,2
9566,3
9567,6
9568,35
9569,13
9570,8
9571,2
9572,18
9573,4
9574,3
9575,4
9576,8
9577,2
9578,15
9579,1
9580,12
9581,1
9582,1
9583,20
9584,5
9585,14
9586,3
9587,9
9588,8
9589,7
9590,7
9591,9
9592,6
9593,4
9594,1
9595,3
9596,8
9597,13
9598,2
9599,7
9600,11
9601,1
9602,6
9603,9
9604,4
9605,3
9606,7
9607,2
9608,2
9609,2
9610,2
9611,2
9612,6
9613,9
9614,1
9615,5
9616,1
9617,9
9618,3
9619,3
9620,3
9621,5
9622,2
9623,1
9624,9
9625,1
9626,1
9627,2
9628,1
9629,1
9630,2
9631,6
9632,1
9633,1
9634,2
9635,5
9636,2
9637,2
9638,3
9639,1
9640,7
9641,2
9642,1
9643,5
9644,8
9645,1
9646,6
9647,6
9648,2
9649,1
9650,8
9651,1
9652,5
9653,4
9654,4
9655,6
9656,4
9657,5
9658,8
9659,1
9660,3
9661,3
9662,9
9663,3
9664,1
9665,7
9666,4
9667,4
9668,1
9669,6
9670,2
9671,3
9672,8
9673,1
9674,5
9675,2
9676,2
9677,1
9678,3
9679,6
9680,2
9681,1
9682,1
9683,2
9684,1
9685,2
9686,2
9687,4
9688,6
9689,1
9690,2
9691,1
9692,3
9693,5
9694,1
9695,3
9696,6
9697,2
9698,2
9699,4
9700,2
9701,2
9702,3
9703,3
9704,2
9705,1
9706,2
9707,5
9708,2
9709,9
9710,1
9711,1
9712,1
9713,1
9714,1
9715,4
9716,1
9717,4
9718,1
9719,2
9720,5
9721,6
9722,8
9723,1
9724,1
9725,3
9726,1
9727,2
9728,1
9729,2
9730,1
9731,3
9732,1
9733,3
9734,1
9735,2
9736,2
9737,8
9738,7
9739,5
9740,3
9741,4
9742,1
9743,3
9744,2
9745,1
9746,3
9747,2
9748,2
9749,6
9750,1
9751,8
9752,1
9753,5
9754,2
9755,3
9756,3
9757,1
9758,9
9759,3
9760,1
9761,6
9762,1
9763,12
9764,2
9765,1
9766,2
9767,3
9768,3
9769,10
9770,2
9771,2
9772,1
9773,6
9774,2
9775,2
9776,6
9777,1
9778,1
9779,1
9780,3
9781,1
9782,1
9783,2
9784,5
9785,2
9786,4
9787,10
9788,3
9789,8
9790,3
9791,5
9792,5
9793,5
9794,7
9795,1
9796,1
9797,3
9798,1
9799,6
9800,3
9801,3
9802,3
9803,5
9804,1
9805,2
9806,5
9807,2
9808,2
9809,2
9810,2
9811,1
9812,1
9813,9
9814,4
9815,2
9816,2
9817,1
9818,1
9819,2
9820,1
9821,1
9822,4
9823,1
9824,2
9825,1
9826,3
9827,4
9828,5
9829,4
9830,2
9831,4
9832,1
9833,4
9834,3
9835,3
9836,1
9837,1
9838,2
9839,3
9840,1
9841,2
9842,2
9843,5
9844,2
9845,2
9846,1
9847,2
9848,2
9849,5
9850,8
9851,3
9852,1
9853,7
9854,1
9855,7
9856,6
9857,3
9858,3
9859,5
9860,1
9861,1
9862,4
9863,1
9864,1
9865,3
9866,1
9867,2
9868,1
9869,1
9870,1
9871,4
9872,2
9873,1
9874,6
9875,1
9876,9
9877,7
9878,6
9879,4
9880,2
9881,2
9882,1
9883,3
9884,1
9885,3
9886,3
9887,1
9888,4
9889,4
9890,2
9891,6
9892,2
9893,2
9894,11
9895,10
9896,1
9897,5
9898,3
9899,4
9900,4
9901,3
9902,2
9903,6
9904,5
9905,1
9906,1
9907,3
9908,2
9909,5
9910,1
9911,7
9912,2
9913,1
9914,2
9915,1
9916,3
9917,4
9918,2
9919,3
9920,2
9921,2
9922,6
9923,2
9924,1
9925,1
9926,1
9927,2
9928,3
9929,4
9930,4
9931,3
9932,3
9933,2
9934,10
9935,2
9936,1
9937,2
9938,3
9939,3
9940,7
9941,2
9942,2
9943,2
9944,1
9945,3
9946,2
9947,1
9948,1
9949,4
9950,5
9951,6
9952,5
9953,4
9954,4
9955,1
9956,5
9957,2
9958,2
9959,9
9960,10
9961,5
9962,11
9963,6
9964,4
9965,1
9966,5
9967,1
9968,7
9969,4
9970,3
9971,3
9972,1
9973,3
9974,1
9975,1
9976,3
9977,8
9978,3
9979,2
9980,3
9981,10
9982,8
9983,9
9984,7
9985,5
9986,12
9987,9
9988,4
9989,12
9990,5
9991,1
9992,4
9993,5
9994,3
9995,7
9996,3
9997,3
9998,15
9999,1
10000,1
10001,1
10002,9
10003,14
10004,2
10005,4
10006,2
10007,1
10008,4
10009,3
10010,3
10011,1
10012,2
10013,6
10014,1
10015,1
10016,2
10017,4
10018,1
10019,3
10020,3
10021,1
10022,21
10023,5
10024,1
10025,12
10026,2
10027,6
10028,1
10029,6
10030,3
10031,9
10032,2
10033,7
10034,2
10035,4
10036,3
10037,3
10038,1
10039,3
10040,2
10041,1
10042,2
10043,4
10044,3
10045,9
10046,8
10047,1
10048,4
10049,4
10050,3
10051,2
10052,4
10053,2
10054,12
10055,2
10056,2
10057,4
10058,4
10059,2
10060,8
10061,4
10062,8
10063,2
10064,5
10065,1
10066,1
10067,8
10068,1
10069,3
10070,6
10071,12
10072,7
10073,4
10074,3
10075,3
10076,7
10077,12
10078,5
10079,2
10080,4
10081,6
10082,2
10083,2
10084,2
10085,3
10086,1
10087,5
10088,7
10089,22
10090,5
10091,6
10092,9
10093,12
10094,8
10095,4
10096,6
10097,14
10098,2
10099,3
10100,6
10101,8
10102,4
10103,7
10104,5
10105,1
10106,6
10107,3
10108,7
10109,1
10110,4
10111,3
10112,3
10113,3
10114,1
10115,7
10116,3
10117,1
10118,5
10119,4
10120,6
10121,4
10122,13
10123,1
10124,7
10125,5
10126,6
10127,7
10128,2
10129,1
10130,8
10131,5
10132,5
10133,13
10134,7
10135,3
10136,3
10137,2
10138,4
10139,8
10140,2
10141,3
10142,6
10143,1
10144,18
10145,1
10146,7
10147,1
10148,1
10149,2
10150,5
10151,6
10152,6
10153,7
10154,5
10155,4
10156,6
10157,3
10158,4
10159,1
10160,2
10161,13
10162,1
10163,2
10164,7
10165,6
10166,1
10167,4
10168,3
10169,2
10170,5
10171,13
10172,3
10173,4
10174,6
10175,5
10176,2
10177,6
10178,5
10179,10
10180,6
10181,1
10182,7
10183,2
10184,1
10185,1
10186,6
10187,6
10188,7
10189,3
10190,1
10191,9
10192,11
10193,6
10194,2
10195,4
10196,3
10197,12
10198,9
10199,2
10200,2
10201,3
10202,2
10203,2
10204,1
10205,1
10206,3
10207,4
10208,3
10209,7
10210,6
10211,1
10212,3
10213,1
10214,1
10215,2
10216,18
10217,2
10218,3
10219,2
10220,3
10221,7
10222,2
10223,1
10224,3
10225,6
10226,7
10227,6
10228,14
10229,7
10230,2
10231,9
10232,4
10233,1
10234,1
10235,1
10236,4
10237,5
10238,7
10239,2
10240,8
10241,6
10242,1
10243,1
10244,3
10245,6
10246,4
10247,4
10248,6
10249,7
10250,2
10251,2
10252,2
10253,1
10254,1
10255,8
10256,6
10257,1
10258,2
10259,1
10260,2
10261,3
10262,1
10263,7
10264,3
10265,5
10266,1
10267,3
10268,2
10269,6
10270,2
10271,1
10272,1
10273,2
10274,6
10275,19
10276,5
10277,5
10278,12
10279,3
10280,2
10281,1
10282,2
10283,1
10284,2
10285,2
10286,1
10287,4
10288,5
10289,1
10290,7
10291,3
10292,1
10293,7
10294,2
10295,15
10296,6
10297,1
10298,2
10299,2
10300,6
10301,3
10302,1
10303,8
10304,8
10305,8
10306,4
10307,2
10308,1
10309,2
10310,3
10311,5
10312,1
10313,8
10314,2
10315,2
10316,1
10317,4
10318,2
10319,2
10320,3
10321,1
10322,4
10323,12
10324,2
10325,2
10326,1
10327,12
10328,4
10329,13
10330,1
10331,6
10332,3
10333,2
10334,6
10335,12
10336,7
10337,12
10338,8
10339,2
10340,5
10341,7
10342,4
10343,3
10344,1
10345,5
10346,2
10347,8
10348,1
10349,4
10350,5
10351,6
10352,3
10353,1
10354,11
10355,7
10356,8
10357,5
10358,4
10359,2
10360,2
10361,6
10362,3
10363,12
10364,4
10365,1
10366,7
10367,4
10368,4
10369,5
10370,11
10371,3
10372,12
10373,6
10374,6
10375,1
10376,1
10377,29
10378,1
10379,17
10380,2
10381,7
10382,5
10383,13
10384,4
10385,2
10386,3
10387,8
10388,6
10389,2
10390,13
10391,2
10392,4
10393,13
10394,15
10395,4
10396,10
10397,17
10398,14
10399,7
10400,9
10401,4
10402,2
10403,23
10404,5
10405,22
10406,1
10407,10
10408,6
10409,5
10410,16
10411,7
10412,18
10413,23
10414,12
10415,7
10416,5
10417,11
10418,3
10419,13
10420,7
10421,2
10422,10
10423,13
10424,3
10425,15
10426,4
10427,3
10428,1
10429,2
10430,1
10431,26
10432,22
10433,2
10434,4
10435,6
10436,8
10437,1
10438,2
10439,10
10440,11
10441,16
10442,6
10443,19
10444,15
10445,5
10446,5
10447,20
10448,4
10449,7
10450,4
10451,1
10452,14
10453,4
10454,10
10455,1
10456,7
10457,2
10458,12
10459,5
10460,9
10461,2
10462,16
10463,16
10464,8
10465,2
10466,19
10467,2
10468,2
10469,3
10470,2
10471,2
10472,1
10473,22
10474,18
10475,11
10476,13
10477,5
10478,1
10479,6
10480,1
10481,11
10482,8
10483,15
10484,35
10485,13
10486,2
10487,15
10488,48
10489,19
10490,3
10491,29
10492,3
10493,1
10494,12
10495,8
10496,16
10497,4
10498,9
10499,5
10500,6
10501,13
10502,15
10503,22
10504,8
10505,19
10506,1
10507,31
10508,12
10509,2
10510,1
10511,9
10512,5
10513,14
10514,3
10515,1
10516,14
10517,8
10518,2
10519,4
10520,33
10521,18
10522,4
10523,11
10524,9
10525,3
10526,7
10527,39
10528,3
10529,1
10530,10
10531,8
10532,4
10533,30
10534,13
10535,8
10536,12
10537,4
10538,34
10539,13
10540,38
10541,17
10542,6
10543,1
10544,24
10545,1
10546,16
10547,2
10548,10
10549,14
10550,26
10551,3
10552,1
10553,14
10554,4
10555,5
10556,13
10557,34
10558,4
10559,2
10560,6
10561,3
10562,12
10563,22
10564,2
10565,9
10566,3
10567,6
10568,33
10569,13
10570,15
10571,7
10572,23
10573,16
10574,6
10575,35
10576,13
10577,5
10578,33
10579,10
10580,6
10581,3
10582,9
10583,3
10584,11
10585,12
10586,41
10587,5
10588,11
10589,2
10590,10
10591,6
10592,2
10593,5
10594,8
10595,8
10596,7
10597,21
10598,15
10599,4
10600,7
10601,6
10602,3
10603,1
10604,1
10605,14
10606,19
10607,6
10608,2
10609,6
10610,24
10611,2
10612,11
10613,25
10614,4
10615,8
10616,12
10617,5
10618,1
10619,4
10620,4
10621,21
10622,2
10623,8
10624,9
10625,7
10626,2
10627,3
10628,8
10629,3
10630,4
10631,5
10632,20
10633,19
10634,1
10635,9
10636,7
10637,2
10638,3
10639,18
10640,1
10641,4
10642,3
10643,9
10644,3
10645,9
10646,3
10647,3
10648,1
10649,8
10650,8
10651,6
10652,10
10653,18
10654,2
10655,1
10656,10
10657,3
10658,16
10659,7
10660,1
10661,1
10662,9
10663,5
10664,5
10665,1
10666,10
10667,9
10668,5
10669,2
10670,1
10671,14
10672,6
10673,16
10674,4
10675,2
10676,10
10677,1
10678,3
10679,8
10680,4
10681,2
10682,1
10683,1
10684,2
10685,1
10686,3
10687,5
10688,1
10689,2
10690,2
10691,1
10692,7
10693,1
10694,2
10695,1
10696,1
10697,1
10698,1
10699,2
10700,1
10701,4
10702,1
10703,1
10704,3
10705,1
10706,1
10707,1
10708,1
10709,1
10710,1
10711,1
10712,6
10713,1
10714,1
10715,1
10716,4
10717,1
10718,3
10719,1
10720,2
10721,3
10722,5
10723,2
10724,1
10725,3
10726,1
10727,4
10728,2
10729,4
10730,7
10731,4
10732,5
10733,2
10734,5
10735,1
10736,1
10737,1
10738,1
10739,2
10740,3
10741,6
10742,2
10743,3
10744,1
10745,1
10746,1
10747,2
10748,1
10749,1
10750,2
10751,2
10752,2
10753,1
10754,2
10755,2
10756,1
10757,2
10758,2
10759,6
10760,2
10761,3
10762,3
10763,1
10764,2
10765,3
10766,1
10767,6
10768,1
10769,1
10770,1
10771,2
10772,1
10773,1
10774,2
10775,1
10776,4
10777,3
10778,4
10779,2
10780,1
10781,1
10782,2
10783,1
10784,2
10785,1
10786,6
10787,1
10788,2
10789,1
10790,1
10791,2
10792,1
10793,2
10794,3
10795,2
10796,3
10797,4
10798,1
10799,1
10800,1
