1,1
2,1
3,3
4,9
5,2
6,4
7,3
8,1
9,9
10,1
11,1
12,1
13,7
14,2
15,3
16,4
17,1
18,2
19,4
20,6
21,2
22,3
23,9
24,2
25,3
26,4
27,1
28,3
29,14
30,3
31,3
32,1
33,3
34,2
35,5
36,2
37,3
38,4
39,4
40,4
41,5
42,2
43,6
44,8
45,3
46,3
47,9
48,3
49,4
50,2
51,2
52,7
53,11
54,2
55,4
56,2
57,1
58,2
59,1
60,7
61,9
62,3
63,1
64,3
65,3
66,4
67,1
68,2
69,3
70,1
71,1
72,4
73,3
74,12
75,5
76,6
77,1
78,3
79,1
80,11
81,3
82,9
83,5
84,1
85,1
86,2
87,4
88,3
89,1
90,3
91,1
92,9
93,3
94,4
95,4
96,3
97,3
98,1
99,1
100,2
101,3
102,13
103,3
104,4
105,8
106,14
107,2
108,3
109,1
110,2
111,7
112,6
113,7
114,3
115,2
116,5
117,5
118,3
119,7
120,1
121,6
122,1
123,3
124,4
125,2
126,4
127,8
128,3
129,2
130,1
131,1
132,4
133,5
134,1
135,11
136,9
137,6
138,1
139,5
140,2
141,2
142,10
143,2
144,2
145,4
146,1
147,3
148,2
149,3
150,2
151,4
152,4
153,7
154,5
155,5
156,10
157,4
158,4
159,3
160,3
161,6
162,6
163,8
164,1
165,2
166,2
167,4
168,1
169,5
170,13
171,6
172,3
173,1
174,1
175,1
176,2
177,11
178,4
179,1
180,4
181,1
182,13
183,5
184,7
185,4
186,1
187,6
188,2
189,4
190,8
191,8
192,1
193,2
194,9
195,1
196,7
197,7
198,3
199,3
200,6
201,4
202,4
203,2
204,2
205,2
206,4
207,6
208,2
209,2
210,5
211,1
212,4
213,7
214,4
215,2
216,6
217,3
218,5
219,2
220,15
221,6
222,18
223,2
224,11
225,3
226,3
227,7
228,1
229,2
230,2
231,4
232,1
233,5
234,6
235,2
236,2
237,3
238,2
239,2
240,9
241,4
242,4
243,1
244,1
245,1
246,6
247,5
248,7
249,2
250,4
251,8
252,6
253,5
254,2
255,10
256,3
257,2
258,2
259,1
260,3
261,3
262,5
263,3
264,10
265,3
266,2
267,8
268,3
269,11
270,1
271,4
272,1
273,1
274,4
275,11
276,5
277,1
278,7
279,2
280,1
281,1
282,3
283,4
284,1
285,4
286,1
287,5
288,3
289,1
290,3
291,7
292,2
293,3
294,2
295,1
296,2
297,5
298,2
299,6
300,1
301,3
302,1
303,1
304,1
305,8
306,9
307,9
308,6
309,7
310,4
311,1
312,6
313,6
314,4
315,4
316,3
317,4
318,3
319,3
320,2
321,4
322,15
323,2
324,1
325,3
326,2
327,1
328,1
329,4
330,3
331,2
332,2
333,2
334,3
335,4
336,5
337,2
338,7
339,3
340,2
341,9
342,9
343,1
344,6
345,5
346,7
347,2
348,4
349,3
350,2
351,2
352,3
353,3
354,7
355,5
356,2
357,6
358,1
359,4
360,1
361,8
362,2
363,2
364,2
365,2
366,10
367,1
368,2
369,8
370,2
371,3
372,15
373,3
374,4
375,1
376,1
377,2
378,13
379,1
380,2
381,1
382,12
383,7
384,9
385,4
386,1
387,5
388,2
389,1
390,1
391,6
392,17
393,3
394,1
395,6
396,3
397,2
398,3
399,1
400,4
401,7
402,2
403,1
404,13
405,5
406,14
407,2
408,1
409,1
410,8
411,6
412,4
413,6
414,8
415,1
416,3
417,2
418,3
419,15
420,2
421,4
422,3
423,3
424,6
425,8
426,2
427,1
428,1
429,6
430,1
431,6
432,3
433,6
434,4
435,5
436,4
437,6
438,4
439,2
440,13
441,1
442,4
443,6
444,14
445,3
446,1
447,2
448,3
449,2
450,1
451,2
452,4
453,9
454,4
455,4
456,2
457,3
458,7
459,1
460,1
461,2
462,3
463,1
464,4
465,5
466,1
467,1
468,1
469,6
470,2
471,4
472,2
473,3
474,1
475,1
476,2
477,6
478,1
479,5
480,3
481,1
482,3
483,8
484,2
485,1
486,3
487,1
488,16
489,5
490,3
491,7
492,1
493,2
494,1
495,1
496,3
497,5
498,6
499,6
500,3
501,3
502,1
503,1
504,1
505,1
506,7
507,1
508,1
509,2
510,8
511,1
512,1
513,1
514,5
515,1
516,2
517,1
518,3
519,1
520,1
521,2
522,5
523,12
524,6
525,4
526,5
527,5
528,5
529,4
530,1
531,8
532,8
533,3
534,1
535,11
536,3
537,1
538,4
539,10
540,2
541,5
542,2
543,12
544,5
545,5
546,5
547,9
548,3
549,1
550,2
551,4
552,8
553,6
554,1
555,5
556,2
557,5
558,9
559,2
560,1
561,5
562,3
563,11
564,2
565,5
566,3
567,3
568,1
569,3
570,1
571,2
572,1
573,2
574,2
575,3
576,7
577,4
578,3
579,3
580,1
581,4
582,9
583,4
584,1
585,2
586,7
587,1
588,1
589,1
590,2
591,2
592,7
593,2
594,2
595,1
596,2
597,1
598,1
599,6
600,1
601,7
602,1
603,2
604,3
605,6
606,3
607,2
608,3
609,2
610,4
611,2
612,2
613,1
614,3
615,6
616,1
617,1
618,1
619,4
620,7
621,4
622,1
623,1
624,4
625,2
626,1
627,2
628,1
629,1
630,3
631,7
632,6
633,2
634,6
635,6
636,3
637,2
638,1
639,1
640,3
641,38
642,5
643,3
644,3
645,4
646,2
647,1
648,2
649,4
650,5
651,4
652,8
653,1
654,3
655,1
656,19
657,14
658,1
659,16
660,9
661,8
662,9
663,1
664,11
665,4
666,5
667,2
668,10
669,1
670,16
671,1
672,1
673,1
674,6
675,2
676,12
677,3
678,3
679,3
680,3
681,16
682,4
683,3
684,9
685,3
686,4
687,11
688,3
689,5
690,3
691,6
692,8
693,1
694,2
695,3
696,1
697,1
698,18
699,1
700,5
701,6
702,9
703,6
704,11
705,3
706,9
707,8
708,2
709,6
710,5
711,12
712,8
713,31
714,2
715,5
716,5
717,8
718,7
719,4
720,12
721,5
722,4
723,1
724,5
725,2
726,2
727,2
728,1
729,3
730,5
731,2
732,7
733,1
734,5
735,5
736,1
737,3
738,8
739,1
740,9
741,1
742,5
743,2
744,8
745,2
746,4
747,1
748,1
749,3
750,7
751,2
752,6
753,6
754,4
755,3
756,9
757,7
758,3
759,9
760,3
761,4
762,2
763,4
764,5
765,1
766,6
767,2
768,21
769,3
770,3
771,4
772,4
773,8
774,1
775,6
776,1
777,1
778,3
779,2
780,5
781,1
782,1
783,1
784,5
785,9
786,4
787,3
788,1
789,2
790,1
791,2
792,4
793,1
794,3
795,3
796,1
797,6
798,3
799,1
800,2
801,3
802,10
803,15
804,2
805,3
806,1
807,1
808,2
809,3
810,2
811,2
812,6
813,2
814,1
815,8
816,9
817,8
818,14
819,3
820,1
821,9
822,1
823,2
824,2
825,14
826,4
827,2
828,2
829,2
830,2
831,1
832,3
833,1
834,4
835,1
836,2
837,10
838,2
839,1
840,4
841,2
842,1
843,10
844,3
845,5
846,2
847,2
848,1
849,6
850,3
851,8
852,2
853,2
854,3
855,1
856,1
857,8
858,2
859,6
860,11
861,8
862,6
863,2
864,6
865,5
866,11
867,1
868,3
869,2
870,15
871,1
872,11
873,9
874,6
875,7
876,5
877,3
878,3
879,1
880,1
881,3
882,3
883,2
884,5
885,2
886,2
887,6
888,2
889,3
890,2
891,3
892,6
893,7
894,4
895,1
896,4
897,2
898,6
899,8
900,1
901,2
902,2
903,4
904,3
905,2
906,2
907,5
908,2
909,3
910,3
911,8
912,2
913,2
914,6
915,9
916,1
917,2
918,1
919,2
920,2
921,1
922,13
923,2
924,3
925,2
926,2
927,1
928,3
929,3
930,1
931,7
932,11
933,4
934,14
935,1
936,1
937,2
938,3
939,3
940,3
941,3
942,9
943,1
944,1
945,5
946,2
947,4
948,6
949,3
950,2
951,10
952,4
953,7
954,5
955,3
956,6
957,3
958,4
959,5
960,2
961,5
962,11
963,7
964,1
965,16
966,8
967,6
968,6
969,1
970,2
971,6
972,6
973,10
974,8
975,8
976,8
977,2
978,19
979,14
980,5
981,2
982,7
983,2
984,1
985,2
986,24
987,10
988,2
989,6
990,3
991,1
992,1
993,2
994,8
995,2
996,5
997,2
998,1
999,7
1000,15
1001,15
1002,9
1003,4
1004,2
1005,1
1006,4
1007,6
1008,4
1009,2
1010,2
1011,3
1012,19
1013,3
1014,2
1015,1
1016,1
1017,11
1018,10
1019,4
1020,8
1021,1
1022,11
1023,9
1024,1
1025,24
1026,3
1027,12
1028,15
1029,18
1030,6
1031,3
1032,18
1033,3
1034,7
1035,5
1036,27
1037,11
1038,4
1039,5
1040,16
1041,6
1042,33
1043,5
1044,9
1045,5
1046,2
1047,2
1048,1
1049,4
1050,3
1051,27
1052,12
1053,16
1054,2
1055,36
1056,3
1057,19
1058,13
1059,8
1060,6
1061,16
1062,6
1063,34
1064,12
1065,19
1066,19
1067,6
1068,5
1069,32
1070,1
1071,31
1072,7
1073,24
1074,2
1075,4
1076,9
1077,5
1078,2
1079,8
1080,12
1081,10
1082,5
1083,5
1084,10
1085,1
1086,8
1087,2
1088,7
1089,5
1090,9
1091,3
1092,7
1093,5
1094,4
1095,4
1096,1
1097,11
1098,26
1099,1
1100,7
1101,9
1102,15
1103,7
1104,2
1105,5
1106,11
1107,18
1108,3
1109,2
1110,6
1111,2
1112,3
1113,4
1114,4
1115,5
1116,14
1117,3
1118,8
1119,8
1120,3
1121,7
1122,7
1123,3
1124,3
1125,20
1126,12
1127,2
1128,12
1129,3
1130,11
1131,1
1132,11
1133,5
1134,4
1135,10
1136,17
1137,6
1138,11
1139,3
1140,1
1141,18
1142,7
1143,3
1144,4
1145,3
1146,1
1147,6
1148,17
1149,13
1150,3
1151,1
1152,3
1153,9
1154,1
1155,2
1156,14
1157,1
1158,6
1159,7
1160,2
1161,9
1162,3
1163,8
1164,10
1165,2
1166,7
1167,17
1168,10
1169,5
1170,9
1171,5
1172,20
1173,3
1174,6
1175,2
1176,3
1177,12
1178,11
1179,8
1180,6
1181,1
1182,4
1183,8
1184,7
1185,11
1186,2
1187,17
1188,1
1189,12
1190,18
1191,20
1192,4
1193,21
1194,5
1195,5
1196,2
1197,2
1198,10
1199,5
1200,3
1201,21
1202,2
1203,9
1204,8
1205,1
1206,2
1207,2
1208,11
1209,2
1210,17
1211,2
1212,1
1213,2
1214,5
1215,9
1216,17
1217,9
1218,3
1219,18
1220,5
1221,4
1222,8
1223,1
1224,3
1225,4
1226,6
1227,4
1228,15
1229,6
1230,22
1231,35
1232,7
1233,4
1234,9
1235,13
1236,2
1237,3
1238,2
1239,3
1240,5
1241,10
1242,1
1243,3
1244,1
1245,11
1246,2
1247,2
1248,27
1249,2
1250,7
1251,33
1252,2
1253,6
1254,7
1255,2
1256,3
1257,2
1258,4
1259,1
1260,2
1261,5
1262,8
1263,1
1264,4
1265,2
1266,4
1267,8
1268,2
1269,7
1270,13
1271,16
1272,6
1273,6
1274,3
1275,2
1276,4
1277,5
1278,1
1279,12
1280,10
1281,3
1282,1
1283,12
1284,10
1285,7
1286,18
1287,2
1288,5
1289,1
1290,7
1291,2
1292,2
1293,4
1294,1
1295,9
1296,2
1297,9
1298,3
1299,10
1300,5
1301,4
1302,6
1303,7
1304,2
1305,2
1306,1
1307,1
1308,7
1309,1
1310,2
1311,4
1312,1
1313,7
1314,1
1315,2
1316,1
1317,3
1318,3
1319,2
1320,2
1321,4
1322,1
1323,5
1324,1
1325,1
1326,11
1327,5
1328,5
1329,1
1330,1
1331,8
1332,1
1333,1
1334,8
1335,3
1336,1
1337,1
1338,3
1339,1
1340,1
1341,1
1342,6
1343,1
1344,2
1345,1
1346,2
1347,1
1348,2
1349,8
1350,3
1351,1
1352,6
1353,4
1354,1
1355,2
1356,10
1357,6
1358,2
1359,2
1360,1
1361,1
1362,4
1363,3
1364,1
1365,2
1366,16
1367,1
1368,5
1369,3
1370,1
1371,1
1372,12
1373,1
1374,1
1375,3
1376,1
1377,6
1378,6
1379,3
1380,4
1381,2
1382,4
1383,13
1384,2
1385,3
1386,2
1387,2
1388,2
1389,4
1390,4
1391,7
1392,1
1393,1
1394,6
1395,2
1396,2
1397,1
1398,3
1399,4
1400,1
1401,2
1402,1
1403,2
1404,1
1405,2
1406,3
1407,9
1408,1
1409,2
1410,7
1411,1
1412,1
1413,2
1414,3
1415,1
1416,2
1417,1
1418,6
1419,1
1420,6
1421,4
1422,6
1423,3
1424,8
1425,1
1426,1
1427,1
1428,1
1429,2
1430,4
1431,7
1432,1
1433,9
1434,2
1435,1
1436,1
1437,3
1438,3
1439,4
1440,1
1441,10
1442,2
1443,2
1444,1
1445,7
1446,4
1447,3
1448,4
1449,1
1450,6
1451,1
1452,5
1453,2
1454,10
1455,1
1456,3
1457,1
1458,14
1459,1
1460,4
1461,1
1462,7
1463,3
1464,1
1465,3
1466,4
1467,2
1468,7
1469,3
1470,8
1471,5
1472,14
1473,2
1474,1
1475,2
1476,11
1477,4
1478,3
1479,17
1480,3
1481,4
1482,3
1483,6
1484,1
1485,1
1486,1
1487,1
1488,11
1489,1
1490,1
1491,4
1492,1
1493,3
1494,9
1495,6
1496,5
1497,2
1498,3
1499,10
1500,6
1501,5
1502,2
1503,8
1504,5
1505,7
1506,6
1507,14
1508,4
1509,2
1510,2
1511,2
1512,7
1513,3
1514,2
1515,1
1516,7
1517,1
1518,1
1519,1
1520,1
1521,1
1522,1
1523,14
1524,1
1525,11
1526,4
1527,10
1528,1
1529,2
1530,1
1531,1
1532,2
1533,1
1534,2
1535,1
1536,3
1537,4
1538,1
1539,5
1540,9
1541,3
1542,6
1543,4
1544,3
1545,16
1546,1
1547,5
1548,2
1549,7
1550,15
1551,16
1552,11
1553,2
1554,7
1555,12
1556,1
1557,1
1558,2
1559,7
1560,1
1561,8
1562,2
1563,1
1564,4
1565,3
1566,4
1567,6
1568,1
1569,2
1570,8
1571,4
1572,5
1573,3
1574,1
1575,4
1576,13
1577,1
1578,3
1579,1
1580,11
1581,3
1582,1
1583,8
1584,2
1585,1
1586,1
1587,2
1588,1
1589,2
1590,4
1591,9
1592,16
1593,2
1594,10
1595,2
1596,3
1597,2
1598,7
1599,2
1600,10
1601,1
1602,3
1603,5
1604,1
1605,1
1606,4
1607,5
1608,9
1609,6
1610,3
1611,7
1612,4
1613,6
1614,2
1615,2
1616,4
1617,5
1618,1
1619,1
1620,1
1621,5
1622,2
1623,3
1624,3
1625,6
1626,5
1627,3
1628,11
1629,5
1630,1
1631,2
1632,1
1633,7
1634,3
1635,13
1636,13
1637,9
1638,1
1639,2
1640,8
1641,2
1642,10
1643,4
1644,1
1645,5
1646,5
1647,10
1648,2
1649,1
1650,2
1651,1
1652,1
1653,12
1654,2
1655,1
1656,1
1657,6
1658,1
1659,2
1660,2
1661,5
1662,1
1663,4
1664,8
1665,1
1666,1
1667,2
1668,6
1669,2
1670,6
1671,2
1672,11
1673,5
1674,1
1675,8
1676,9
1677,8
1678,3
1679,6
1680,6
1681,5
1682,12
1683,1
1684,6
1685,7
1686,4
1687,1
1688,3
1689,14
1690,6
1691,4
1692,2
1693,12
1694,2
1695,3
1696,19
1697,3
1698,15
1699,14
1700,13
1701,4
1702,9
1703,3
1704,3
1705,6
1706,11
1707,4
1708,3
1709,1
1710,2
1711,15
1712,2
1713,5
1714,6
1715,7
1716,4
1717,1
1718,2
1719,17
1720,10
1721,2
1722,5
1723,7
1724,1
1725,1
1726,2
1727,8
1728,1
1729,22
1730,10
1731,36
1732,3
1733,1
1734,5
1735,10
1736,4
1737,2
1738,1
1739,6
1740,13
1741,21
1742,23
1743,9
1744,5
1745,4
1746,2
1747,13
1748,13
1749,9
1750,2
1751,4
1752,3
1753,4
1754,1
1755,24
1756,1
1757,6
1758,9
1759,6
1760,2
1761,12
1762,13
1763,12
1764,23
1765,2
1766,7
1767,10
1768,2
1769,1
1770,23
1771,2
1772,39
1773,2
1774,3
1775,20
1776,2
1777,18
1778,2
1779,5
1780,7
1781,18
1782,15
1783,8
1784,8
1785,12
1786,7
1787,1
1788,22
1789,1
1790,13
1791,4
1792,2
1793,7
1794,4
1795,6
1796,13
1797,5
1798,1
1799,4
1800,3
1801,6
1802,6
1803,14
1804,5
1805,3
1806,5
1807,14
1808,16
1809,6
1810,8
1811,10
1812,20
1813,8
1814,1
1815,1
1816,4
1817,1
1818,1
1819,8
1820,11
1821,12
1822,6
1823,5
1824,4
1825,4
1826,15
1827,16
1828,16
1829,8
1830,4
1831,4
1832,7
1833,8
1834,2
1835,3
1836,17
1837,5
1838,12
1839,22
1840,12
1841,10
1842,5
1843,2
1844,6
1845,5
1846,2
1847,6
1848,12
1849,4
1850,5
1851,3
1852,5
1853,3
1854,1
1855,2
1856,7
1857,4
1858,2
1859,9
1860,17
1861,1
1862,7
1863,14
1864,1
1865,6
1866,19
1867,7
1868,10
1869,1
1870,2
1871,3
1872,1
1873,24
1874,6
1875,3
1876,8
1877,2
1878,3
1879,3
1880,11
1881,17
1882,1
1883,9
1884,4
1885,26
1886,2
1887,2
1888,18
1889,12
1890,8
1891,3
1892,1
1893,25
1894,13
1895,6
1896,12
1897,3
1898,4
1899,7
1900,3
1901,10
1902,4
1903,11
1904,13
1905,4
1906,1
1907,10
1908,3
1909,5
1910,3
1911,7
1912,4
1913,5
1914,3
1915,16
1916,4
1917,4
1918,12
1919,2
1920,2
1921,4
1922,3
1923,9
1924,1
1925,1
1926,8
1927,1
1928,2
1929,2
1930,4
1931,5
1932,8
1933,3
1934,2
1935,1
1936,1
1937,4
1938,1
1939,1
1940,7
1941,5
1942,6
1943,6
1944,3
1945,4
1946,3
1947,10
1948,1
1949,2
1950,13
1951,2
1952,2
1953,2
1954,3
1955,6
1956,3
1957,6
1958,3
1959,4
1960,3
1961,5
1962,7
1963,5
1964,5
1965,3
1966,5
1967,5
1968,6
1969,6
1970,8
1971,1
1972,2
1973,5
1974,5
1975,14
1976,17
1977,5
1978,5
1979,13
1980,1
1981,3
1982,8
1983,3
1984,1
1985,4
1986,1
1987,4
1988,1
1989,24
1990,5
1991,13
1992,1
1993,4
1994,2
1995,1
1996,7
1997,16
1998,11
1999,1
2000,2
2001,2
2002,1
2003,3
2004,6
2005,5
2006,4
2007,6
2008,4
2009,8
2010,10
2011,2
2012,3
2013,7
2014,12
2015,6
2016,3
2017,12
2018,1
2019,1
2020,7
2021,2
2022,3
2023,4
2024,2
2025,3
2026,4
2027,5
2028,7
2029,7
2030,2
2031,4
2032,4
2033,1
2034,6
2035,1
2036,5
2037,1
2038,4
2039,1
2040,1
2041,6
2042,2
2043,5
2044,4
2045,5
2046,1
2047,2
2048,4
2049,11
2050,9
2051,1
2052,7
2053,11
2054,3
2055,12
2056,1
2057,1
2058,15
2059,2
2060,1
2061,1
2062,3
2063,1
2064,1
2065,18
2066,1
2067,10
2068,9
2069,5
2070,2
2071,3
2072,7
2073,6
2074,10
2075,9
2076,1
2077,1
2078,3
2079,4
2080,2
2081,11
2082,4
2083,4
2084,6
2085,1
2086,2
2087,4
2088,2
2089,1
2090,1
2091,1
2092,1
2093,19
2094,1
2095,3
2096,1
2097,5
2098,6
2099,14
2100,1
2101,3
2102,7
2103,2
2104,2
2105,3
2106,3
2107,16
2108,3
2109,3
2110,2
2111,11
2112,5
2113,14
2114,8
2115,1
2116,2
2117,4
2118,7
2119,1
2120,2
2121,4
2122,5
2123,2
2124,1
2125,1
2126,10
2127,13
2128,6
2129,1
2130,2
2131,1
2132,2
2133,1
2134,2
2135,9
2136,11
2137,4
2138,5
2139,4
2140,3
2141,3
2142,2
2143,12
2144,21
2145,5
2146,5
2147,3
2148,1
2149,1
2150,1
2151,4
2152,2
2153,2
2154,1
2155,1
2156,4
2157,4
2158,6
2159,4
2160,5
2161,3
2162,6
2163,15
2164,5
2165,1
2166,34
2167,3
2168,7
2169,3
2170,2
2171,7
2172,7
2173,7
2174,21
2175,1
2176,2
2177,10
2178,6
2179,2
2180,8
2181,9
2182,2
2183,3
2184,16
2185,4
2186,1
2187,6
2188,1
2189,8
2190,16
2191,8
2192,16
2193,1
2194,7
2195,2
2196,4
2197,2
2198,1
2199,7
2200,10
2201,1
2202,12
2203,5
2204,19
2205,12
2206,3
2207,6
2208,2
2209,2
2210,14
2211,1
2212,28
2213,10
2214,14
2215,9
2216,16
2217,7
2218,3
2219,5
2220,4
2221,2
2222,6
2223,10
2224,5
2225,10
2226,12
2227,5
2228,5
2229,7
2230,21
2231,8
2232,4
2233,3
2234,4
2235,3
2236,4
2237,7
2238,5
2239,10
2240,3
2241,2
2242,2
2243,8
2244,4
2245,1
2246,2
2247,11
2248,6
2249,3
2250,15
2251,2
2252,18
2253,5
2254,27
2255,1
2256,34
2257,1
2258,3
2259,11
2260,6
2261,1
2262,5
2263,4
2264,6
2265,9
2266,38
2267,1
2268,8
2269,13
2270,17
2271,16
2272,7
2273,5
2274,5
2275,2
2276,8
2277,1
2278,8
2279,6
2280,5
2281,24
2282,5
2283,6
2284,25
2285,22
2286,4
2287,7
2288,11
2289,26
2290,5
2291,14
2292,2
2293,9
2294,2
2295,8
2296,10
2297,5
2298,14
2299,8
2300,1
2301,2
2302,6
2303,1
2304,13
2305,6
2306,13
2307,8
2308,1
2309,10
2310,4
2311,4
2312,1
2313,10
2314,14
2315,3
2316,13
2317,3
2318,3
2319,3
2320,6
2321,18
2322,7
2323,10
2324,13
2325,8
2326,1
2327,5
2328,19
2329,9
2330,9
2331,11
2332,12
2333,16
2334,15
2335,7
2336,3
2337,1
2338,2
2339,2
2340,26
2341,12
2342,12
2343,1
2344,4
2345,1
2346,21
2347,12
2348,9
2349,17
2350,35
2351,16
2352,12
2353,12
2354,18
2355,1
2356,1
2357,2
2358,6
2359,5
2360,28
2361,1
2362,6
2363,12
2364,5
2365,3
2366,29
2367,2
2368,13
2369,8
2370,14
2371,12
2372,8
2373,2
2374,5
2375,11
2376,7
2377,2
2378,3
2379,15
2380,3
2381,6
2382,16
2383,11
2384,3
2385,10
2386,12
2387,1
2388,8
2389,15
2390,13
2391,3
2392,1
2393,13
2394,9
2395,31
2396,10
2397,4
2398,7
2399,2
2400,29
2401,2
2402,49
2403,25
2404,20
2405,24
2406,8
2407,17
2408,13
2409,12
2410,45
2411,3
2412,4
2413,11
2414,6
2415,9
2416,18
2417,4
2418,12
2419,10
2420,7
2421,9
2422,24
2423,28
2424,8
2425,5
2426,40
2427,12
2428,20
2429,31
2430,1
2431,1
2432,16
2433,19
2434,68
2435,59
2436,24
2437,3
2438,25
2439,11
2440,3
2441,5
2442,22
2443,14
2444,10
2445,3
2446,19
2447,5
2448,15
2449,8
2450,14
2451,10
2452,41
2453,7
2454,5
2455,8
2456,19
2457,13
2458,4
2459,57
2460,11
2461,32
2462,23
2463,13
2464,2
2465,31
2466,55
2467,2
2468,37
2469,7
2470,17
2471,36
2472,6
2473,20
2474,9
2475,10
2476,3
2477,13
2478,6
2479,10
2480,16
2481,1
2482,10
2483,15
2484,15
2485,12
2486,12
2487,24
2488,6
2489,8
2490,5
2491,11
2492,17
2493,8
2494,20
2495,17
2496,7
2497,3
2498,12
2499,16
2500,25
2501,38
2502,5
2503,3
2504,1
2505,16
2506,18
2507,15
2508,6
2509,7
2510,5
2511,1
2512,27
2513,25
2514,6
2515,9
2516,17
2517,13
2518,4
2519,15
2520,5
2521,6
2522,44
2523,10
2524,8
2525,7
2526,18
2527,15
2528,2
2529,6
2530,29
2531,3
2532,18
2533,3
2534,31
2535,5
2536,13
2537,3
2538,30
2539,15
2540,8
2541,9
2542,8
2543,11
2544,3
2545,59
2546,18
2547,3
2548,23
2549,34
2550,19
2551,7
2552,7
2553,16
2554,20
2555,52
2556,30
2557,11
2558,17
2559,7
2560,4
2561,18
2562,9
2563,26
2564,5
2565,3
2566,12
2567,23
2568,2
2569,25
2570,7
2571,11
2572,2
2573,2
2574,31
2575,17
2576,36
2577,5
2578,89
2579,12
2580,11
2581,29
2582,7
2583,16
2584,55
2585,27
2586,1
2587,15
2588,17
2589,8
2590,38
2591,45
2592,28
2593,5
2594,24
2595,22
2596,2
2597,12
2598,27
2599,28
2600,14
2601,1
2602,29
2603,11
2604,19
2605,7
2606,1
2607,30
2608,6
2609,6
2610,1
2611,1
2612,12
2613,24
2614,6
2615,25
2616,38
2617,20
2618,11
2619,18
2620,42
2621,5
2622,25
2623,1
2624,1
2625,3
2626,17
2627,12
2628,17
2629,7
2630,2
2631,16
2632,32
2633,2
2634,2
2635,36
2636,38
2637,4
2638,3
2639,27
2640,4
2641,17
2642,10
2643,1
2644,15
2645,2
2646,21
2647,52
2648,7
2649,2
2650,6
2651,20
2652,32
2653,11
2654,10
2655,36
2656,21
2657,22
2658,4
2659,5
2660,3
2661,1
2662,1
2663,4
2664,2
2665,1
2666,23
2667,10
2668,2
2669,4
2670,11
2671,8
2672,4
2673,8
2674,5
2675,5
2676,6
2677,6
2678,5
2679,4
2680,24
2681,12
2682,9
2683,4
2684,28
2685,7
2686,10
2687,12
2688,8
2689,3
2690,8
2691,6
2692,1
2693,3
2694,2
2695,17
2696,9
2697,11
2698,3
2699,29
2700,5
2701,21
2702,37
2703,19
2704,14
2705,10
2706,2
2707,9
2708,26
2709,4
2710,5
2711,8
2712,15
2713,14
2714,1
2715,10
2716,1
2717,17
2718,6
2719,2
2720,4
2721,8
2722,34
2723,9
2724,15
2725,9
2726,8
2727,5
2728,26
2729,16
2730,8
2731,1
2732,4
2733,14
2734,46
2735,2
2736,15
2737,8
2738,9
2739,38
2740,2
2741,3
2742,6
2743,10
2744,16
2745,2
2746,6
2747,8
2748,10
2749,30
2750,13
2751,32
2752,25
2753,1
2754,1
2755,8
2756,6
2757,9
2758,16
2759,10
2760,6
2761,3
2762,8
2763,13
2764,30
2765,14
2766,35
2767,10
2768,8
2769,8
2770,57
2771,16
2772,4
2773,9
2774,23
2775,9
2776,20
2777,5
2778,39
2779,6
2780,5
2781,2
2782,29
2783,7
2784,13
2785,14
2786,9
2787,1
2788,11
2789,6
2790,21
2791,1
2792,4
2793,7
2794,4
2795,9
2796,60
2797,1
2798,10
2799,38
2800,1
2801,9
2802,10
2803,3
2804,10
2805,8
2806,39
2807,6
2808,11
2809,12
2810,9
2811,6
2812,6
2813,9
2814,21
2815,1
2816,9
2817,8
2818,41
2819,3
2820,2
2821,45
2822,7
2823,2
2824,5
2825,4
2826,18
2827,1
2828,32
2829,5
2830,12
2831,19
2832,1
2833,11
2834,20
2835,2
2836,20
2837,1
2838,1
2839,14
2840,1
2841,11
2842,9
2843,1
2844,2
2845,8
2846,13
2847,8
2848,8
2849,16
2850,16
2851,7
2852,18
2853,12
2854,8
2855,1
2856,5
2857,11
2858,1
2859,6
2860,6
2861,10
2862,11
2863,11
2864,1
2865,9
2866,1
2867,4
2868,3
2869,17
2870,32
2871,16
2872,3
2873,28
2874,2
2875,2
2876,1
2877,6
2878,9
2879,1
2880,4
2881,4
2882,12
2883,5
2884,3
2885,1
2886,9
2887,6
2888,1
2889,2
2890,6
2891,4
2892,1
2893,12
2894,5
2895,1
2896,1
2897,6
2898,12
2899,16
2900,16
2901,9
2902,4
2903,12
2904,23
2905,25
2906,11
2907,2
2908,6
2909,7
2910,12
2911,7
2912,6
2913,1
2914,2
2915,24
2916,5
2917,2
2918,1
2919,3
2920,1
2921,13
2922,3
2923,1
2924,10
2925,1
2926,10
2927,5
2928,4
2929,1
2930,13
2931,5
2932,3
2933,2
2934,8
2935,1
2936,2
2937,2
2938,6
2939,4
2940,1
2941,12
2942,1
2943,1
2944,6
2945,4
2946,4
2947,2
2948,2
2949,6
2950,10
2951,5
2952,4
2953,1
2954,13
2955,8
2956,8
2957,2
2958,1
2959,1
2960,10
2961,2
2962,11
2963,3
2964,3
2965,19
2966,5
2967,2
2968,3
2969,6
2970,9
2971,4
2972,17
2973,10
2974,15
2975,4
2976,1
2977,3
2978,1
2979,2
2980,3
2981,12
2982,8
2983,2
2984,1
2985,2
2986,6
2987,2
2988,14
2989,10
2990,1
2991,4
2992,7
2993,2
2994,2
2995,8
2996,4
2997,9
2998,1
2999,1
3000,3
3001,12
3002,1
3003,20
3004,10
3005,17
3006,4
3007,6
3008,1
3009,4
3010,1
3011,7
3012,5
3013,9
3014,2
3015,5
3016,5
3017,1
3018,8
3019,9
3020,6
3021,9
3022,15
3023,1
3024,6
3025,26
3026,13
3027,6
3028,9
3029,3
3030,3
3031,4
3032,8
3033,3
3034,12
3035,1
3036,12
3037,1
3038,12
3039,3
3040,2
3041,5
3042,5
3043,5
3044,1
3045,1
3046,4
3047,1
3048,9
3049,1
3050,13
3051,15
3052,2
3053,5
3054,4
3055,12
3056,4
3057,1
3058,7
3059,9
3060,4
3061,7
3062,16
3063,20
3064,1
3065,3
3066,7
3067,11
3068,2
3069,9
3070,7
3071,8
3072,32
3073,5
3074,1
3075,2
3076,3
3077,2
3078,5
3079,2
3080,2
3081,2
3082,29
3083,2
3084,1
3085,6
3086,2
3087,2
3088,1
3089,2
3090,2
3091,27
3092,20
3093,6
3094,5
3095,2
3096,19
3097,4
3098,1
3099,1
3100,10
3101,6
3102,4
3103,8
3104,1
3105,2
3106,3
3107,13
3108,33
3109,14
3110,4
3111,1
3112,2
3113,7
3114,3
3115,11
3116,1
3117,17
3118,3
3119,18
3120,1
3121,10
3122,2
3123,5
3124,8
3125,16
3126,8
3127,6
3128,9
3129,4
3130,1
3131,6
3132,16
3133,33
3134,2
3135,4
3136,17
3137,2
3138,8
3139,9
3140,7
3141,3
3142,23
3143,9
3144,2
3145,15
3146,8
3147,26
3148,19
3149,4
3150,2
3151,5
3152,4
3153,2
3154,10
3155,16
3156,18
3157,6
3158,1
3159,4
3160,5
3161,18
3162,12
3163,2
3164,3
3165,10
3166,5
3167,50
3168,8
3169,11
3170,2
3171,1
3172,5
3173,12
3174,13
3175,8
3176,12
3177,12
3178,13
3179,7
3180,1
3181,16
3182,11
3183,3
3184,7
3185,4
3186,27
3187,2
3188,9
3189,11
3190,11
3191,32
3192,1
3193,18
3194,2
3195,12
3196,6
3197,5
3198,8
3199,3
3200,6
3201,13
3202,8
3203,8
3204,3
3205,3
3206,6
3207,4
3208,13
3209,8
3210,9
3211,10
3212,9
3213,7
3214,5
3215,3
3216,12
3217,3
3218,2
3219,7
3220,5
3221,20
3222,1
3223,14
3224,2
3225,16
3226,1
3227,5
3228,5
3229,11
3230,2
3231,12
3232,13
3233,7
3234,5
3235,4
3236,20
3237,7
3238,8
3239,8
3240,2
3241,2
3242,6
3243,7
3244,4
3245,1
3246,8
3247,5
3248,4
3249,4
3250,10
3251,11
3252,8
3253,1
3254,3
3255,4
3256,6
3257,1
3258,7
3259,6
3260,2
3261,3
3262,12
3263,16
3264,3
3265,12
3266,3
3267,7
3268,6
3269,2
3270,3
3271,1
3272,2
3273,3
3274,5
3275,2
3276,1
3277,1
3278,3
3279,1
3280,4
3281,1
3282,3
3283,6
3284,5
3285,2
3286,3
3287,2
3288,7
3289,11
3290,1
3291,3
3292,1
3293,3
3294,9
3295,1
3296,1
3297,3
3298,1
3299,2
3300,5
3301,2
3302,4
3303,1
3304,4
3305,1
3306,7
3307,7
3308,1
3309,1
3310,1
3311,4
3312,2
3313,4
3314,1
3315,4
3316,1
3317,1
3318,6
3319,3
3320,4
3321,1
3322,1
3323,1
3324,1
3325,2
3326,2
3327,4
3328,9
3329,2
3330,17
3331,1
3332,2
3333,1
3334,2
3335,7
3336,5
3337,10
3338,1
3339,7
3340,1
3341,2
3342,6
3343,2
3344,8
3345,2
3346,3
3347,1
3348,1
3349,13
3350,1
3351,6
3352,3
3353,5
3354,1
3355,7
3356,3
3357,2
3358,5
3359,2
3360,1
3361,6
3362,4
3363,3
3364,1
3365,3
3366,2
3367,15
3368,3
3369,3
3370,25
3371,6
3372,9
3373,18
3374,16
3375,5
3376,11
3377,4
3378,17
3379,11
3380,8
3381,4
3382,5
3383,4
3384,5
3385,12
3386,3
3387,6
3388,10
3389,11
3390,12
3391,4
3392,5
3393,6
3394,2
3395,5
3396,11
3397,6
3398,1
3399,11
3400,1
3401,5
3402,8
3403,1
3404,12
3405,2
3406,4
3407,5
3408,3
3409,3
3410,9
3411,14
3412,1
3413,2
3414,3
3415,3
3416,6
3417,1
3418,1
3419,1
3420,7
3421,5
3422,3
3423,1
3424,1
3425,3
3426,3
3427,8
3428,5
3429,4
3430,1
3431,6
3432,4
3433,9
3434,1
3435,8
3436,13
3437,2
3438,1
3439,1
3440,5
3441,1
3442,2
3443,8
3444,1
3445,1
3446,2
3447,4
3448,2
3449,3
3450,2
3451,6
3452,2
3453,1
3454,5
3455,1
3456,1
3457,3
3458,4
3459,7
3460,4
3461,5
3462,4
3463,7
3464,1
3465,2
3466,3
3467,6
3468,4
3469,3
3470,3
3471,7
3472,3
3473,3
3474,6
3475,3
3476,4
3477,1
3478,6
3479,2
3480,3
3481,4
3482,2
3483,6
3484,3
3485,9
3486,4
3487,3
3488,1
3489,4
3490,6
3491,1
3492,1
3493,5
3494,2
3495,4
3496,1
3497,3
3498,1
3499,1
3500,7
3501,1
3502,1
3503,1
3504,1
3505,9
3506,5
3507,11
3508,2
3509,1
3510,1
3511,4
3512,4
3513,1
3514,10
3515,7
3516,2
3517,1
3518,1
3519,1
3520,1
3521,1
3522,1
3523,3
3524,4
3525,1
3526,1
3527,1
3528,2
3529,9
3530,5
3531,3
3532,6
3533,2
3534,9
3535,3
3536,6
3537,2
3538,4
3539,4
3540,2
3541,4
3542,2
3543,9
3544,1
3545,1
3546,1
3547,1
3548,1
3549,1
3550,5
3551,1
3552,1
3553,1
3554,1
3555,6
3556,1
3557,3
3558,2
3559,1
3560,2
3561,4
3562,2
3563,4
3564,1
3565,8
3566,4
3567,1
3568,2
3569,3
3570,2
3571,1
3572,4
3573,2
3574,2
3575,1
3576,3
3577,2
3578,7
3579,1
3580,2
3581,3
3582,4
3583,5
3584,1
3585,5
3586,2
3587,2
3588,1
3589,11
3590,1
3591,4
3592,3
3593,2
3594,1
3595,1
3596,4
3597,1
3598,3
3599,2
3600,4
3601,3
3602,1
3603,1
3604,1
3605,2
3606,2
3607,6
3608,3
3609,3
3610,6
3611,6
3612,6
3613,3
3614,1
3615,6
3616,2
3617,3
3618,2
3619,8
3620,3
3621,3
3622,2
3623,3
3624,4
3625,3
3626,5
3627,5
3628,3
3629,4
3630,3
3631,12
3632,2
3633,5
3634,6
3635,3
3636,2
3637,6
3638,4
3639,1
3640,5
3641,1
3642,4
3643,2
3644,2
3645,5
3646,1
3647,2
3648,3
3649,2
3650,4
3651,1
3652,10
3653,4
3654,1
3655,5
3656,1
3657,4
3658,2
3659,1
3660,1
3661,2
3662,3
3663,2
3664,3
3665,1
3666,6
3667,2
3668,6
3669,1
3670,1
3671,1
3672,3
3673,4
3674,1
3675,1
3676,1
3677,1
3678,3
3679,6
3680,1
3681,5
3682,1
3683,4
3684,3
3685,6
3686,7
3687,1
3688,3
3689,3
3690,1
3691,5
3692,2
3693,4
3694,1
3695,3
3696,7
3697,3
3698,10
3699,1
3700,1
3701,2
3702,2
3703,2
3704,4
3705,6
3706,6
3707,3
3708,1
3709,1
3710,3
3711,5
3712,1
3713,2
3714,1
3715,2
3716,1
3717,3
3718,3
3719,1
3720,3
3721,3
3722,1
3723,1
3724,3
3725,4
3726,1
3727,1
3728,1
3729,3
3730,7
3731,5
3732,2
3733,4
3734,1
3735,5
3736,6
3737,4
3738,1
3739,3
3740,6
3741,7
3742,4
3743,5
3744,3
3745,7
3746,5
3747,5
3748,2
3749,1
3750,1
3751,6
3752,2
3753,8
3754,1
3755,1
3756,3
3757,4
3758,4
3759,4
3760,1
3761,3
3762,4
3763,1
3764,4
3765,8
3766,2
3767,3
3768,1
3769,7
3770,6
3771,2
3772,2
3773,5
3774,4
3775,4
3776,2
3777,1
3778,2
3779,1
3780,1
3781,1
3782,3
3783,2
3784,2
3785,3
3786,4
3787,3
3788,1
3789,1
3790,2
3791,2
3792,1
3793,2
3794,5
3795,1
3796,1
3797,1
3798,2
3799,1
3800,1
3801,1
3802,2
3803,1
3804,2
3805,4
3806,3
3807,1
3808,3
3809,4
3810,2
3811,1
3812,5
3813,1
3814,2
3815,6
3816,7
3817,1
3818,2
3819,5
3820,1
3821,4
3822,2
3823,2
3824,1
3825,2
3826,5
3827,3
3828,3
3829,1
3830,1
3831,8
3832,2
3833,4
3834,1
3835,4
3836,3
3837,6
3838,1
3839,5
3840,5
3841,4
3842,3
3843,3
3844,4
3845,4
3846,4
3847,1
3848,1
3849,2
3850,1
3851,7
3852,4
3853,6
3854,2
3855,2
3856,2
3857,3
3858,2
3859,4
3860,2
3861,7
3862,6
3863,1
3864,2
3865,1
3866,4
3867,5
3868,3
3869,3
3870,1
3871,3
3872,1
3873,4
3874,2
3875,2
3876,10
3877,6
3878,3
3879,2
3880,2
3881,6
3882,9
3883,5
3884,4
3885,3
3886,5
3887,1
3888,5
3889,1
3890,1
3891,3
3892,6
3893,7
3894,3
3895,5
3896,9
3897,2
3898,1
3899,5
3900,4
3901,7
3902,1
3903,11
3904,2
3905,28
3906,11
3907,2
3908,2
3909,2
3910,7
3911,4
3912,30
3913,15
3914,1
3915,4
3916,4
3917,15
3918,4
3919,10
3920,2
3921,3
3922,12
3923,11
3924,2
3925,7
3926,9
3927,3
3928,6
3929,10
3930,2
3931,7
3932,9
3933,6
3934,36
3935,1
3936,1
3937,9
3938,1
3939,6
3940,9
3941,2
3942,3
3943,2
3944,5
3945,21
3946,12
3947,1
3948,2
3949,1
3950,4
3951,2
3952,14
3953,6
3954,10
3955,13
3956,3
3957,6
3958,7
3959,9
3960,2
3961,2
3962,6
3963,2
3964,6
3965,2
3966,3
3967,1
3968,13
3969,3
3970,7
3971,3
3972,5
3973,7
3974,4
3975,5
3976,12
3977,7
3978,1
3979,5
3980,1
3981,10
3982,1
3983,6
3984,4
3985,3
3986,16
3987,4
3988,3
3989,12
3990,1
3991,10
3992,1
3993,5
3994,2
3995,1
3996,14
3997,1
3998,2
3999,1
4000,2
4001,2
4002,12
4003,4
4004,7
4005,3
4006,9
4007,2
4008,2
4009,1
4010,4
4011,4
4012,3
4013,3
4014,1
4015,4
4016,1
4017,8
4018,9
4019,3
4020,2
4021,5
4022,3
4023,6
4024,13
4025,21
4026,1
4027,27
4028,1
4029,13
4030,2
4031,5
4032,7
4033,6
4034,5
4035,11
4036,4
4037,2
4038,13
4039,12
4040,20
4041,7
4042,1
4043,2
4044,3
4045,1
4046,1
4047,6
4048,8
4049,4
4050,7
4051,1
4052,38
4053,5
4054,1
4055,1
4056,11
4057,1
4058,4
4059,1
4060,5
4061,4
4062,10
4063,1
4064,2
4065,2
4066,11
4067,5
4068,13
4069,13
4070,12
4071,4
4072,1
4073,1
4074,15
4075,11
4076,8
4077,9
4078,19
4079,1
4080,13
4081,3
4082,4
4083,7
4084,3
4085,7
4086,5
4087,18
4088,6
4089,3
4090,18
4091,10
4092,12
4093,3
4094,12
4095,2
4096,2
4097,6
4098,1
4099,2
4100,12
4101,6
4102,2
4103,4
4104,10
4105,12
4106,7
4107,5
4108,2
4109,6
4110,10
4111,1
4112,9
4113,7
4114,11
4115,6
4116,9
4117,2
4118,9
4119,5
4120,1
4121,1
4122,4
4123,10
4124,5
4125,2
4126,2
4127,2
4128,6
4129,2
4130,5
4131,11
4132,19
4133,2
4134,1
4135,11
4136,1
4137,7
4138,6
4139,4
4140,7
4141,1
4142,1
4143,13
4144,3
4145,8
4146,1
4147,1
4148,4
4149,4
4150,1
4151,10
4152,18
4153,2
4154,4
4155,7
4156,12
4157,3
4158,19
4159,1
4160,3
4161,1
4162,11
4163,4
4164,1
4165,6
4166,6
4167,8
4168,1
4169,12
4170,7
4171,10
4172,1
4173,16
4174,1
4175,2
4176,3
4177,3
4178,3
4179,1
4180,2
4181,2
4182,9
4183,3
4184,6
4185,10
4186,3
4187,2
4188,6
4189,16
4190,15
4191,3
4192,9
4193,1
4194,2
4195,5
4196,1
4197,1
4198,5
4199,9
4200,3
4201,4
4202,1
4203,11
4204,8
4205,3
4206,3
4207,5
4208,2
4209,3
4210,12
4211,8
4212,32
4213,9
4214,2
4215,18
4216,14
4217,6
4218,3
4219,5
4220,8
4221,12
4222,3
4223,4
4224,6
4225,5
4226,28
4227,3
4228,5
4229,8
4230,4
4231,4
4232,4
4233,15
4234,1
4235,8
4236,10
4237,4
4238,12
4239,2
4240,3
4241,10
4242,1
4243,3
4244,5
4245,2
4246,3
4247,16
4248,3
4249,8
4250,5
4251,3
4252,1
4253,2
4254,7
4255,6
4256,3
4257,12
4258,2
4259,2
4260,9
4261,2
4262,4
4263,5
4264,4
4265,1
4266,1
4267,1
4268,4
4269,3
4270,6
4271,2
4272,1
4273,2
4274,5
4275,1
4276,2
4277,4
4278,1
4279,9
4280,1
4281,14
4282,1
4283,2
4284,4
4285,1
4286,1
4287,2
4288,6
4289,6
4290,8
4291,2
4292,6
4293,1
4294,1
4295,3
4296,3
4297,3
4298,1
4299,4
4300,2
4301,1
4302,6
4303,1
4304,5
4305,3
4306,3
4307,2
4308,4
4309,6
4310,4
4311,2
4312,1
4313,1
4314,1
4315,1
4316,1
4317,1
4318,3
4319,5
4320,2
4321,2
4322,6
4323,1
4324,8
4325,3
4326,1
4327,3
4328,5
4329,4
4330,1
4331,1
4332,2
4333,8
4334,10
4335,4
4336,3
4337,4
4338,2
4339,10
4340,1
4341,2
4342,2
4343,2
4344,6
4345,4
4346,2
4347,1
4348,1
4349,3
4350,1
4351,3
4352,2
4353,6
4354,3
4355,9
4356,3
4357,2
4358,8
4359,1
4360,14
4361,1
4362,1
4363,4
4364,8
4365,1
4366,4
4367,3
4368,7
4369,7
4370,5
4371,2
4372,1
4373,3
4374,1
4375,4
4376,4
4377,5
4378,4
4379,1
4380,1
4381,2
4382,5
4383,1
4384,3
4385,8
4386,1
4387,2
4388,3
4389,5
4390,2
4391,4
4392,2
4393,3
4394,3
4395,7
4396,7
4397,2
4398,6
4399,1
4400,3
4401,12
4402,5
4403,3
4404,3
4405,6
4406,1
4407,1
4408,4
4409,3
4410,1
4411,1
4412,6
4413,3
4414,10
4415,4
4416,3
4417,3
4418,9
4419,4
4420,2
4421,1
4422,4
4423,8
4424,1
4425,6
4426,4
4427,1
4428,1
4429,4
4430,1
4431,3
4432,1
4433,6
4434,5
4435,2
4436,2
4437,6
4438,6
4439,6
4440,1
4441,2
4442,1
4443,5
4444,3
4445,5
4446,5
4447,2
4448,2
4449,1
4450,8
4451,2
4452,1
4453,2
4454,1
4455,4
4456,1
4457,4
4458,7
4459,1
4460,3
4461,1
4462,4
4463,2
4464,7
4465,4
4466,5
4467,7
4468,1
4469,3
4470,1
4471,2
4472,1
4473,4
4474,1
4475,2
4476,4
4477,10
4478,1
4479,2
4480,2
4481,9
4482,2
4483,2
4484,4
4485,3
4486,2
4487,5
4488,1
4489,1
4490,3
4491,1
4492,1
4493,1
4494,1
4495,5
4496,2
4497,1
4498,4
4499,2
4500,1
4501,4
4502,3
4503,2
4504,2
4505,7
4506,8
4507,3
4508,1
4509,6
4510,4
4511,10
4512,2
4513,4
4514,1
4515,1
4516,4
4517,1
4518,6
4519,2
4520,1
4521,4
4522,5
4523,2
4524,3
4525,6
4526,2
4527,12
4528,2
4529,3
4530,6
4531,1
4532,1
4533,1
4534,4
4535,1
4536,3
4537,2
4538,2
4539,1
4540,1
4541,2
4542,1
4543,2
4544,2
4545,8
4546,2
4547,2
4548,2
4549,1
4550,7
4551,5
4552,8
4553,1
4554,2
4555,1
4556,7
4557,9
4558,1
4559,3
4560,1
4561,1
4562,2
4563,2
4564,1
4565,5
4566,3
4567,3
4568,2
4569,1
4570,1
4571,5
4572,3
4573,5
4574,4
4575,2
4576,2
4577,1
4578,1
4579,4
4580,1
4581,6
4582,3
4583,1
4584,4
4585,2
4586,1
4587,7
4588,1
4589,1
4590,3
4591,1
4592,3
4593,5
4594,2
4595,3
4596,2
4597,2
4598,1
4599,7
4600,7
4601,10
4602,2
4603,1
4604,5
4605,2
4606,2
4607,3
4608,2
4609,2
4610,1
4611,9
4612,4
4613,1
4614,8
4615,9
4616,3
4617,2
4618,4
4619,7
4620,1
4621,12
4622,10
4623,1
4624,11
4625,16
4626,1
4627,5
4628,12
4629,13
4630,1
4631,9
4632,8
4633,5
4634,6
4635,7
4636,1
4637,5
4638,14
4639,2
4640,7
4641,6
4642,15
4643,10
4644,4
4645,3
4646,4
4647,9
4648,6
4649,7
4650,4
4651,14
4652,6
4653,5
4654,23
4655,1
4656,7
4657,17
4658,13
4659,16
4660,6
4661,3
4662,18
4663,1
4664,8
4665,5
4666,11
4667,6
4668,5
4669,3
4670,3
4671,1
4672,14
4673,19
4674,6
4675,38
4676,3
4677,19
4678,3
4679,6
4680,1
4681,5
4682,11
4683,10
4684,6
4685,2
4686,4
4687,13
4688,5
4689,6
4690,12
4691,1
4692,1
4693,21
4694,4
4695,16
4696,7
4697,28
4698,9
4699,11
4700,10
4701,3
4702,2
4703,21
4704,9
4705,5
4706,9
4707,5
4708,12
4709,3
4710,19
4711,12
4712,6
4713,14
4714,9
4715,7
4716,4
4717,1
4718,14
4719,4
4720,3
4721,1
4722,14
4723,2
4724,5
4725,2
4726,1
4727,7
4728,10
4729,1
4730,13
4731,3
4732,12
4733,3
4734,22
4735,18
4736,2
4737,11
4738,1
4739,11
4740,12
4741,2
4742,1
4743,1
4744,1
4745,2
4746,4
4747,1
4748,15
4749,3
4750,2
4751,5
4752,6
4753,1
4754,9
4755,6
4756,5
4757,8
4758,5
4759,4
4760,1
4761,1
4762,8
4763,3
4764,1
4765,3
4766,19
4767,1
4768,5
4769,1
4770,2
4771,5
4772,9
4773,8
4774,19
4775,12
4776,17
4777,19
4778,5
4779,6
4780,13
4781,24
4782,6
4783,13
4784,4
4785,2
4786,5
4787,3
4788,5
4789,7
4790,7
4791,6
4792,2
4793,1
4794,7
4795,1
4796,15
4797,6
4798,1
4799,12
4800,3
4801,12
4802,8
4803,6
4804,2
4805,6
4806,2
4807,23
4808,5
4809,13
4810,1
4811,17
4812,1
4813,19
4814,31
4815,7
4816,7
4817,11
4818,2
4819,2
4820,25
4821,8
4822,15
4823,18
4824,10
4825,7
4826,10
4827,4
4828,3
4829,4
4830,5
4831,8
4832,12
4833,3
4834,4
4835,29
4836,1
4837,1
4838,2
4839,3
4840,4
4841,2
4842,2
4843,16
4844,11
4845,5
4846,8
4847,11
4848,9
4849,4
4850,4
4851,6
4852,2
4853,1
4854,5
4855,24
4856,28
4857,5
4858,3
4859,8
4860,4
4861,13
4862,23
4863,3
4864,11
4865,6
4866,6
4867,1
4868,19
4869,7
4870,4
4871,2
4872,19
4873,2
4874,6
4875,11
4876,23
4877,8
4878,1
4879,4
4880,4
4881,27
4882,10
4883,3
4884,14
4885,9
4886,4
4887,1
4888,2
4889,4
4890,2
4891,1
4892,1
4893,5
4894,3
4895,1
4896,8
4897,3
4898,4
4899,11
4900,1
4901,2
4902,6
4903,2
4904,1
4905,1
4906,2
4907,1
4908,1
4909,2
4910,2
4911,6
4912,1
4913,2
4914,5
4915,1
4916,1
4917,1
4918,5
4919,1
4920,1
4921,2
4922,1
4923,1
4924,3
4925,1
4926,3
4927,2
4928,1
4929,2
4930,2
4931,1
4932,2
4933,1
4934,1
4935,1
4936,3
4937,4
4938,3
4939,2
4940,3
4941,6
4942,4
4943,1
4944,3
4945,1
4946,2
4947,1
4948,3
4949,1
4950,5
4951,2
4952,1
4953,1
4954,4
4955,2
4956,2
4957,6
4958,4
4959,3
4960,1
4961,2
4962,1
4963,1
4964,2
4965,4
4966,4
4967,3
4968,3
4969,1
4970,1
4971,7
4972,5
4973,1
4974,2
4975,7
4976,3
4977,2
4978,8
4979,14
4980,1
4981,7
4982,1
4983,3
4984,4
4985,2
4986,1
4987,4
4988,3
4989,7
4990,3
4991,7
4992,3
4993,3
4994,3
4995,3
4996,2
4997,5
4998,2
4999,6
5000,3
5001,4
5002,1
5003,3
5004,5
5005,1
5006,3
5007,1
5008,18
5009,1
5010,1
5011,1
5012,3
5013,4
5014,1
5015,1
5016,1
5017,4
5018,2
5019,4
5020,2
5021,3
5022,1
5023,5
5024,11
5025,2
5026,1
5027,5
5028,2
5029,2
5030,1
5031,5
5032,1
5033,3
5034,3
5035,6
5036,8
5037,1
5038,1
5039,1
5040,4
5041,3
5042,1
5043,2
5044,1
5045,6
5046,2
5047,1
5048,3
5049,5
5050,1
5051,5
5052,4
5053,6
5054,6
5055,4
5056,2
5057,2
5058,1
5059,1
5060,2
5061,2
5062,1
5063,1
5064,1
5065,3
5066,2
5067,2
5068,3
5069,2
5070,4
5071,2
5072,3
5073,3
5074,2
5075,1
5076,2
5077,1
5078,2
5079,3
5080,1
5081,3
5082,1
5083,1
5084,3
5085,2
5086,5
5087,4
5088,1
5089,3
5090,4
5091,3
5092,2
5093,3
5094,7
5095,1
5096,8
5097,3
5098,3
5099,4
5100,2
5101,4
5102,4
5103,4
5104,1
5105,2
5106,1
5107,1
5108,1
5109,3
5110,1
5111,3
5112,1
5113,3
5114,1
5115,3
5116,1
5117,5
5118,5
5119,2
5120,1
5121,3
5122,5
5123,1
5124,2
5125,2
5126,4
5127,1
5128,1
5129,1
5130,1
5131,2
5132,1
5133,3
5134,4
5135,2
5136,3
5137,1
5138,1
5139,6
5140,1
5141,2
5142,5
5143,1
5144,2
5145,1
5146,1
5147,1
5148,1
5149,1
5150,1
5151,1
5152,1
5153,2
5154,6
5155,2
5156,5
5157,1
5158,3
5159,2
5160,2
5161,1
5162,4
5163,3
5164,1
5165,3
5166,5
5167,2
5168,8
5169,1
5170,2
5171,1
5172,1
5173,1
5174,2
5175,7
5176,1
5177,1
5178,1
5179,2
5180,1
5181,3
5182,1
5183,6
5184,3
5185,9
5186,4
5187,4
5188,5
5189,1
5190,2
5191,1
5192,3
5193,4
5194,3
5195,2
5196,2
5197,5
5198,1
5199,5
5200,5
5201,2
5202,1
5203,5
5204,6
5205,1
5206,1
5207,3
5208,3
5209,4
5210,1
5211,3
5212,1
5213,1
5214,1
5215,3
5216,2
5217,1
5218,1
5219,3
5220,5
5221,5
5222,4
5223,1
5224,2
5225,2
5226,1
5227,6
5228,1
5229,3
5230,5
5231,2
5232,1
5233,6
5234,4
5235,6
5236,2
5237,3
5238,2
5239,6
5240,1
5241,2
5242,1
5243,2
5244,4
5245,5
5246,5
5247,1
5248,3
5249,2
5250,3
5251,3
5252,3
5253,1
5254,5
5255,1
5256,2
5257,3
5258,7
5259,4
5260,1
5261,2
5262,1
5263,1
5264,4
5265,1
5266,2
5267,2
5268,2
5269,1
5270,5
5271,3
5272,1
5273,1
5274,1
5275,4
5276,9
5277,5
5278,1
5279,6
5280,4
5281,3
5282,1
5283,11
5284,4
5285,7
5286,3
5287,1
5288,1
5289,3
5290,7
5291,5
5292,5
5293,4
5294,3
5295,7
5296,2
5297,4
5298,2
5299,1
5300,1
5301,5
5302,5
5303,5
5304,5
5305,3
5306,1
5307,2
5308,1
5309,2
5310,4
5311,4
5312,2
5313,2
5314,1
5315,2
5316,2
5317,1
5318,8
5319,1
5320,4
5321,7
5322,4
5323,3
5324,1
5325,1
5326,4
5327,10
5328,4
5329,8
5330,1
5331,1
5332,3
5333,1
5334,2
5335,2
5336,2
5337,6
5338,1
5339,8
5340,1
5341,1
5342,4
5343,2
5344,1
5345,2
5346,2
5347,5
5348,2
5349,1
5350,4
5351,2
5352,1
5353,1
5354,3
5355,1
5356,6
5357,5
5358,2
5359,2
5360,5
5361,8
5362,1
5363,3
5364,1
5365,2
5366,7
5367,1
5368,5
5369,2
5370,2
5371,1
5372,2
5373,5
5374,3
5375,1
5376,5
5377,2
5378,2
5379,1
5380,1
5381,1
5382,1
5383,2
5384,1
5385,2
5386,9
5387,2
5388,2
5389,3
5390,1
5391,1
5392,3
5393,2
5394,3
5395,4
5396,5
5397,2
5398,1
5399,1
5400,3
5401,1
5402,3
5403,10
5404,5
5405,6
5406,9
5407,1
5408,1
5409,2
5410,2
5411,4
5412,1
5413,6
5414,1
5415,2
5416,1
5417,4
5418,3
5419,5
5420,1
5421,6
5422,1
5423,2
5424,1
5425,5
5426,2
5427,5
5428,3
5429,3
5430,6
5431,2
5432,1
5433,1
5434,2
5435,1
5436,1
5437,1
5438,7
5439,2
5440,1
5441,1
5442,3
5443,6
5444,3
5445,7
5446,7
5447,3
5448,5
5449,5
5450,1
5451,4
5452,5
5453,1
5454,8
5455,3
5456,2
5457,5
5458,2
5459,2
5460,2
5461,3
5462,5
5463,1
5464,1
5465,13
5466,8
5467,4
5468,3
5469,3
5470,1
5471,1
5472,2
5473,3
5474,1
5475,7
5476,2
5477,11
5478,6
5479,13
5480,3
5481,1
5482,4
5483,1
5484,1
5485,6
5486,2
5487,1
5488,2
5489,7
5490,4
5491,1
5492,3
5493,1
5494,4
5495,4
5496,2
5497,6
5498,3
5499,1
5500,5
5501,3
5502,4
5503,2
5504,6
5505,5
5506,2
5507,1
5508,4
5509,1
5510,4
5511,2
5512,8
5513,4
5514,5
5515,1
5516,8
5517,2
5518,5
5519,1
5520,2
5521,10
5522,4
5523,4
5524,5
5525,1
5526,2
5527,3
5528,3
5529,2
5530,2
5531,3
5532,2
5533,9
5534,3
5535,4
5536,1
5537,2
5538,2
5539,4
5540,1
5541,2
5542,1
5543,1
5544,7
5545,5
5546,1
5547,4
5548,1
5549,5
5550,7
5551,1
5552,3
5553,6
5554,1
5555,1
5556,6
5557,7
5558,3
5559,3
5560,4
5561,4
5562,4
5563,2
5564,2
5565,6
5566,1
5567,1
5568,6
5569,5
5570,2
5571,2
5572,2
5573,2
5574,2
5575,3
5576,4
5577,1
5578,5
5579,1
5580,1
5581,1
5582,1
5583,2
5584,4
5585,3
5586,7
5587,3
5588,1
5589,1
5590,4
5591,1
5592,7
5593,2
5594,2
5595,5
5596,3
5597,1
5598,10
5599,4
5600,4
5601,3
5602,1
5603,13
5604,7
5605,2
5606,6
5607,8
5608,1
5609,2
5610,1
5611,8
5612,4
5613,14
5614,7
5615,29
5616,5
5617,5
5618,3
5619,3
5620,2
5621,1
5622,2
5623,2
5624,1
5625,11
5626,7
5627,13
5628,9
5629,10
5630,6
5631,4
5632,1
5633,4
5634,6
5635,4
5636,5
5637,2
5638,2
5639,12
5640,8
5641,15
5642,1
5643,3
5644,4
5645,2
5646,6
5647,4
5648,4
5649,2
5650,1
5651,12
5652,4
5653,1
5654,21
5655,3
5656,10
5657,1
5658,2
5659,3
5660,14
5661,4
5662,1
5663,7
5664,3
5665,7
5666,1
5667,4
5668,1
5669,15
5670,1
5671,10
5672,5
5673,6
5674,10
5675,11
5676,13
5677,2
5678,5
5679,8
5680,10
5681,3
5682,17
5683,1
5684,4
5685,4
5686,13
5687,6
5688,9
5689,1
5690,2
5691,1
5692,1
5693,1
5694,11
5695,4
5696,6
5697,10
5698,5
5699,10
5700,3
5701,28
5702,12
5703,11
5704,15
5705,3
5706,15
5707,6
5708,38
5709,8
5710,7
5711,6
5712,6
5713,9
5714,11
5715,21
5716,12
5717,9
5718,23
5719,12
5720,3
5721,5
5722,8
5723,4
5724,7
5725,17
5726,19
5727,1
5728,11
5729,6
5730,9
5731,12
5732,23
5733,17
5734,4
5735,11
5736,4
5737,1
5738,4
5739,9
5740,3
5741,33
5742,15
5743,14
5744,8
5745,1
5746,7
5747,4
5748,5
5749,40
5750,15
5751,5
5752,6
5753,6
5754,20
5755,7
5756,11
5757,2
5758,1
5759,11
5760,2
5761,16
5762,3
5763,7
5764,13
5765,21
5766,30
5767,19
5768,10
5769,24
5770,6
5771,1
5772,10
5773,6
5774,5
5775,22
5776,6
5777,17
5778,1
5779,5
5780,2
5781,15
5782,2
5783,8
5784,8
5785,4
5786,9
5787,2
5788,29
5789,4
5790,2
5791,4
5792,1
5793,2
5794,5
5795,7
5796,2
5797,2
5798,3
5799,6
5800,3
5801,8
5802,6
5803,3
5804,4
5805,4
5806,3
5807,4
5808,3
5809,5
5810,6
5811,1
5812,1
5813,7
5814,11
5815,6
5816,4
5817,5
5818,6
5819,3
5820,8
5821,9
5822,5
5823,6
5824,4
5825,1
5826,1
5827,7
5828,5
5829,7
5830,6
5831,1
5832,3
5833,2
5834,5
5835,3
5836,2
5837,1
5838,2
5839,1
5840,4
5841,1
5842,5
5843,2
5844,1
5845,3
5846,2
5847,3
5848,4
5849,5
5850,6
5851,5
5852,4
5853,5
5854,1
5855,1
5856,3
5857,1
5858,3
5859,4
5860,2
5861,1
5862,1
5863,8
5864,3
5865,3
5866,5
5867,2
5868,1
5869,1
5870,1
5871,3
5872,4
5873,2
5874,1
5875,8
5876,5
5877,3
5878,2
5879,5
5880,1
5881,3
5882,5
5883,1
5884,3
5885,1
5886,1
5887,2
5888,5
5889,2
5890,1
5891,3
5892,2
5893,1
5894,2
5895,1
5896,2
5897,1
5898,2
5899,4
5900,2
5901,4
5902,1
5903,1
5904,2
5905,1
5906,4
5907,3
5908,1
5909,3
5910,4
5911,1
5912,3
5913,8
5914,1
5915,3
5916,2
5917,1
5918,1
5919,1
5920,9
5921,3
5922,3
5923,2
5924,4
5925,16
5926,2
5927,1
5928,8
5929,3
5930,1
5931,2
5932,5
5933,3
5934,4
5935,4
5936,4
5937,4
5938,4
5939,2
5940,3
5941,2
5942,3
5943,1
5944,2
5945,2
5946,1
5947,4
5948,1
5949,1
5950,4
5951,4
5952,3
5953,1
5954,2
5955,1
5956,3
5957,1
5958,1
5959,2
5960,2
5961,2
5962,1
5963,1
5964,2
5965,1
5966,4
5967,3
5968,2
5969,2
5970,2
5971,6
5972,2
5973,3
5974,2
5975,2
5976,3
5977,3
5978,1
5979,2
5980,1
5981,4
5982,1
5983,2
5984,4
5985,4
5986,2
5987,4
5988,3
5989,5
5990,2
5991,1
5992,2
5993,2
5994,3
5995,6
5996,6
5997,3
5998,3
5999,2
6000,12
6001,3
6002,2
6003,2
6004,3
6005,2
6006,2
6007,6
6008,6
6009,2
6010,1
6011,2
6012,5
6013,2
6014,7
6015,1
6016,1
6017,7
6018,3
6019,1
6020,1
6021,3
6022,2
6023,3
6024,2
6025,2
6026,3
6027,3
6028,3
6029,2
6030,9
6031,7
6032,1
6033,4
6034,1
6035,5
6036,2
6037,4
6038,3
6039,1
6040,1
6041,1
6042,3
6043,3
6044,5
6045,5
6046,1
6047,6
6048,2
6049,1
6050,3
6051,2
6052,7
6053,1
6054,6
6055,1
6056,2
6057,1
6058,3
6059,2
6060,1
6061,4
6062,3
6063,2
6064,4
6065,20
6066,1
6067,3
6068,4
6069,6
6070,3
6071,1
6072,2
6073,3
6074,2
6075,3
6076,3
6077,4
6078,16
6079,6
6080,2
6081,3
6082,1
6083,8
6084,2
6085,1
6086,6
6087,1
6088,10
6089,4
6090,5
6091,4
6092,8
6093,5
6094,3
6095,13
6096,3
6097,6
6098,3
6099,3
6100,10
6101,1
6102,1
6103,1
6104,2
6105,10
6106,5
6107,8
6108,7
6109,1
6110,3
6111,9
6112,1
6113,8
6114,8
6115,8
6116,10
6117,12
6118,2
6119,1
6120,8
6121,4
6122,1
6123,4
6124,1
6125,3
6126,1
6127,1
6128,3
6129,1
6130,1
6131,1
6132,3
6133,4
6134,3
6135,5
6136,2
6137,5
6138,1
6139,9
6140,4
6141,2
6142,2
6143,10
6144,2
6145,5
6146,4
6147,11
6148,1
6149,12
6150,4
6151,2
6152,2
6153,1
6154,1
6155,6
6156,2
6157,3
6158,1
6159,3
6160,1
6161,1
6162,7
6163,4
6164,1
6165,2
6166,11
6167,1
6168,3
6169,1
6170,1
6171,1
6172,1
6173,3
6174,1
6175,2
6176,2
6177,1
6178,6
6179,2
6180,1
6181,2
6182,1
6183,3
6184,3
6185,3
6186,1
6187,3
6188,2
6189,2
6190,1
6191,3
6192,2
6193,3
6194,2
6195,1
6196,2
6197,1
6198,1
6199,1
6200,3
6201,2
6202,1
6203,1
6204,2
6205,1
6206,1
6207,3
6208,2
6209,3
6210,1
6211,1
6212,1
6213,3
6214,2
6215,4
6216,1
6217,1
6218,2
6219,1
6220,1
6221,3
6222,3
6223,3
6224,1
6225,2
6226,2
6227,1
6228,1
6229,1
6230,5
6231,1
6232,1
6233,2
6234,2
6235,2
6236,1
6237,2
6238,4
6239,2
6240,4
6241,2
6242,2
6243,1
6244,9
6245,1
6246,2
6247,1
6248,2
6249,1
6250,2
6251,2
6252,2
6253,4
6254,3
6255,2
6256,3
6257,1
6258,1
6259,5
6260,4
6261,3
6262,1
6263,1
6264,2
6265,1
6266,3
6267,1
6268,3
6269,7
6270,2
6271,1
6272,1
6273,1
6274,5
6275,1
6276,4
6277,1
6278,3
6279,2
6280,1
6281,1
6282,3
6283,1
6284,2
6285,1
6286,4
6287,1
6288,1
6289,2
6290,4
6291,3
6292,1
6293,1
6294,3
6295,2
6296,2
6297,7
6298,1
6299,1
6300,1
6301,4
6302,2
6303,2
6304,4
6305,2
6306,3
6307,1
6308,2
6309,2
6310,1
6311,6
6312,4
6313,2
6314,1
6315,1
6316,1
6317,4
6318,2
6319,1
6320,2
6321,4
6322,2
6323,1
6324,6
6325,4
6326,7
6327,2
6328,9
6329,1
6330,5
6331,1
6332,1
6333,1
6334,2
6335,2
6336,3
6337,2
6338,1
6339,2
6340,5
6341,4
6342,2
6343,1
6344,1
6345,10
6346,6
6347,4
6348,4
6349,2
6350,2
6351,2
6352,1
6353,1
6354,1
6355,2
6356,3
6357,1
6358,2
6359,7
6360,4
6361,7
6362,2
6363,1
6364,1
6365,3
6366,1
6367,2
6368,1
6369,5
6370,1
6371,1
6372,1
6373,2
6374,6
6375,2
6376,2
6377,6
6378,3
6379,3
6380,1
6381,4
6382,7
6383,4
6384,1
6385,2
6386,4
6387,1
6388,4
6389,11
6390,1
6391,1
6392,2
6393,3
6394,2
6395,2
6396,3
6397,6
6398,1
6399,2
6400,3
6401,4
6402,4
6403,1
6404,1
6405,3
6406,1
6407,2
6408,7
6409,2
6410,3
6411,2
6412,4
6413,7
6414,4
6415,4
6416,3
6417,2
6418,7
6419,6
6420,1
6421,2
6422,2
6423,1
6424,1
6425,2
6426,7
6427,1
6428,5
6429,1
6430,1
6431,4
6432,3
6433,5
6434,7
6435,2
6436,5
6437,2
6438,3
6439,7
6440,7
6441,1
6442,5
6443,1
6444,2
6445,2
6446,3
6447,1
6448,2
6449,1
6450,4
6451,2
6452,1
6453,1
6454,2
6455,2
6456,2
6457,6
6458,1
6459,3
6460,1
6461,5
6462,1
6463,13
6464,9
6465,1
6466,1
6467,3
6468,2
6469,5
6470,9
6471,1
6472,1
6473,1
6474,2
6475,2
6476,1
6477,1
6478,7
6479,2
6480,4
6481,3
6482,2
6483,1
6484,2
6485,2
6486,1
6487,3
6488,3
6489,3
6490,5
6491,4
6492,1
6493,2
6494,1
6495,2
6496,6
6497,1
6498,3
6499,1
6500,1
6501,2
6502,6
6503,2
6504,1
6505,6
6506,1
6507,10
6508,3
6509,6
6510,2
6511,2
6512,1
6513,2
6514,1
6515,2
6516,1
6517,1
6518,2
6519,2
6520,1
6521,2
6522,8
6523,9
6524,5
6525,1
6526,2
6527,1
6528,4
6529,2
6530,9
6531,1
6532,8
6533,2
6534,6
6535,3
6536,2
6537,1
6538,2
6539,3
6540,2
6541,3
6542,8
6543,3
6544,8
6545,6
6546,1
6547,1
6548,2
6549,10
6550,1
6551,7
6552,1
6553,6
6554,4
6555,3
6556,3
6557,5
6558,1
6559,8
6560,8
6561,1
6562,2
6563,2
6564,5
6565,1
6566,3
6567,6
6568,2
6569,2
6570,2
6571,2
6572,1
6573,5
6574,1
6575,2
6576,1
6577,1
6578,2
6579,1
6580,2
6581,1
6582,2
6583,1
6584,1
6585,5
6586,1
6587,1
6588,1
6589,1
6590,3
6591,1
6592,1
6593,1
6594,1
6595,5
6596,1
6597,1
6598,1
6599,1
6600,1
6601,4
6602,1
6603,2
6604,5
6605,6
6606,2
6607,3
6608,2
6609,5
6610,3
6611,7
6612,5
6613,5
6614,2
6615,1
6616,5
6617,1
6618,9
6619,2
6620,1
6621,3
6622,4
6623,1
6624,4
6625,2
6626,4
6627,2
6628,1
6629,1
6630,1
6631,1
6632,4
6633,1
6634,6
6635,19
6636,10
6637,2
6638,3
6639,3
6640,1
6641,2
6642,2
6643,1
6644,4
6645,1
6646,3
6647,4
6648,4
6649,1
6650,3
6651,2
6652,5
6653,6
6654,5
6655,4
6656,3
6657,7
6658,1
6659,3
6660,8
6661,2
6662,1
6663,4
6664,5
6665,6
6666,5
6667,3
6668,6
6669,1
6670,1
6671,1
6672,4
6673,6
6674,1
6675,1
6676,7
6677,3
6678,2
6679,2
6680,4
6681,1
6682,1
6683,6
6684,1
6685,1
6686,1
6687,1
6688,7
6689,8
6690,5
6691,2
6692,1
6693,1
6694,2
6695,1
6696,1
6697,3
6698,1
6699,1
6700,2
6701,1
6702,2
6703,1
6704,1
6705,4
6706,1
6707,1
6708,1
6709,1
6710,4
6711,1
6712,1
6713,2
6714,3
6715,2
6716,3
6717,2
6718,2
6719,1
6720,5
6721,1
6722,3
6723,2
6724,4
6725,1
6726,2
6727,1
6728,2
6729,1
6730,4
6731,1
6732,1
6733,2
6734,4
6735,1
6736,6
6737,1
6738,3
6739,1
6740,1
6741,1
6742,1
6743,3
6744,1
6745,2
6746,1
6747,1
6748,1
6749,1
6750,4
6751,1
6752,1
6753,1
6754,3
6755,4
6756,1
6757,1
6758,1
6759,4
6760,1
6761,8
6762,1
6763,4
6764,4
6765,1
6766,6
6767,3
6768,1
6769,2
6770,2
6771,3
6772,1
6773,2
6774,3
6775,5
6776,1
6777,2
6778,1
6779,2
6780,10
6781,2
6782,1
6783,2
6784,1
6785,1
6786,1
6787,1
6788,2
6789,1
6790,1
6791,4
6792,2
6793,1
6794,1
6795,3
6796,1
6797,4
6798,3
6799,1
6800,2
6801,1
6802,3
6803,1
6804,6
6805,1
6806,1
6807,3
6808,1
6809,4
6810,4
6811,1
6812,2
6813,1
6814,1
6815,7
6816,4
6817,1
6818,1
6819,4
6820,1
6821,1
6822,1
6823,1
6824,1
6825,6
6826,4
6827,1
6828,1
6829,1
6830,3
6831,2
6832,2
6833,1
6834,1
6835,1
6836,5
6837,2
6838,3
6839,1
6840,2
6841,1
6842,3
6843,2
6844,3
6845,1
6846,2
6847,2
6848,3
6849,12
6850,4
6851,3
6852,1
6853,3
6854,10
6855,3
6856,1
6857,10
6858,1
6859,2
6860,2
6861,7
6862,2
6863,3
6864,1
6865,1
6866,3
6867,3
6868,1
6869,3
6870,2
6871,1
6872,3
6873,2
6874,1
6875,1
6876,6
6877,4
6878,3
6879,2
6880,1
6881,1
6882,3
6883,1
6884,1
6885,3
6886,1
6887,1
6888,2
6889,1
6890,3
6891,1
6892,5
6893,1
6894,5
6895,1
6896,1
6897,1
6898,2
6899,2
6900,3
6901,5
6902,3
6903,3
6904,6
6905,4
6906,2
6907,2
6908,5
6909,3
6910,3
6911,1
6912,1
6913,1
6914,4
6915,2
6916,3
6917,3
6918,2
6919,2
6920,2
6921,1
6922,14
6923,4
6924,3
6925,3
6926,1
6927,1
6928,1
6929,1
6930,1
6931,1
6932,2
6933,1
6934,4
6935,1
6936,5
6937,1
6938,1
6939,3
6940,4
6941,2
6942,1
6943,3
6944,3
6945,1
6946,1
6947,2
6948,1
6949,1
6950,2
6951,1
6952,1
6953,5
6954,2
6955,2
6956,5
6957,4
6958,3
6959,1
6960,1
6961,5
6962,2
6963,2
6964,5
6965,5
6966,6
6967,7
6968,3
6969,2
6970,3
6971,1
6972,1
6973,2
6974,1
6975,3
6976,8
6977,3
6978,3
6979,4
6980,2
6981,2
6982,2
6983,1
6984,5
6985,1
6986,2
6987,4
6988,1
6989,3
6990,5
6991,2
6992,1
6993,5
6994,1
6995,1
6996,2
6997,1
6998,6
6999,2
7000,1
7001,1
7002,2
7003,4
7004,1
7005,3
7006,1
7007,1
7008,2
7009,1
7010,2
7011,1
7012,2
7013,1
7014,1
7015,7
7016,1
7017,1
7018,1
7019,2
7020,3
7021,1
7022,10
7023,2
7024,1
7025,1
7026,1
7027,2
7028,2
7029,3
7030,3
7031,5
7032,2
7033,2
7034,4
7035,2
7036,1
7037,2
7038,1
7039,5
7040,1
7041,10
7042,1
7043,6
7044,4
7045,3
7046,2
7047,2
7048,2
7049,6
7050,2
7051,3
7052,3
7053,2
7054,2
7055,2
7056,1
7057,1
7058,4
7059,7
7060,6
7061,6
7062,1
7063,1
7064,1
7065,3
7066,1
7067,4
7068,2
7069,1
7070,1
7071,1
7072,4
7073,2
7074,1
7075,9
7076,1
7077,3
7078,2
7079,1
7080,1
7081,1
7082,1
7083,2
7084,3
7085,1
7086,3
7087,1
7088,2
7089,1
7090,1
7091,7
7092,1
7093,1
7094,11
7095,1
7096,2
7097,2
7098,2
7099,5
7100,1
7101,5
7102,1
7103,1
7104,1
7105,4
7106,2
7107,1
7108,1
7109,4
7110,3
7111,1
7112,5
7113,4
7114,2
7115,3
7116,3
7117,5
7118,1
7119,1
7120,4
7121,3
7122,2
7123,4
7124,1
7125,4
7126,1
7127,1
7128,2
7129,7
7130,1
7131,2
7132,6
7133,6
7134,2
7135,1
7136,4
7137,1
7138,3
7139,2
7140,7
7141,1
7142,6
7143,1
7144,2
7145,2
7146,3
7147,2
7148,1
7149,2
7150,3
7151,9
7152,1
7153,1
7154,6
7155,2
7156,1
7157,5
7158,4
7159,2
7160,1
7161,5
7162,4
7163,2
7164,5
7165,6
7166,2
7167,1
7168,1
7169,1
7170,2
7171,6
7172,1
7173,3
7174,1
7175,4
7176,4
7177,3
7178,1
7179,2
7180,4
7181,5
7182,3
7183,1
7184,10
7185,13
7186,2
7187,10
7188,5
7189,2
7190,5
7191,5
7192,5
7193,1
7194,6
7195,17
7196,1
7197,11
7198,1
7199,2
7200,7
7201,2
7202,1
7203,4
7204,1
7205,11
7206,7
7207,2
7208,4
7209,12
7210,1
7211,1
7212,13
7213,5
7214,1
7215,1
7216,2
7217,1
7218,1
7219,4
7220,1
7221,3
7222,5
7223,5
7224,1
7225,4
7226,1
7227,6
7228,3
7229,12
7230,10
7231,1
7232,1
7233,5
7234,5
7235,2
7236,3
7237,1
7238,3
7239,2
7240,7
7241,6
7242,2
7243,3
7244,2
7245,3
7246,8
7247,2
7248,2
7249,1
7250,1
7251,1
7252,4
7253,7
7254,1
7255,1
7256,1
7257,1
7258,1
7259,3
7260,3
7261,2
7262,3
7263,1
7264,4
7265,1
7266,2
7267,3
7268,4
7269,1
7270,5
7271,6
7272,2
7273,5
7274,1
7275,1
7276,2
7277,2
7278,1
7279,1
7280,4
7281,2
7282,1
7283,5
7284,4
7285,4
7286,1
7287,5
7288,1
7289,2
7290,4
7291,3
7292,1
7293,5
7294,4
7295,2
7296,1
7297,2
7298,4
7299,2
7300,2
7301,1
7302,3
7303,4
7304,1
7305,3
7306,3
7307,4
7308,2
7309,3
7310,5
7311,2
7312,4
7313,2
7314,4
7315,2
7316,1
7317,1
7318,9
7319,5
7320,1
7321,12
7322,2
7323,1
7324,2
7325,5
7326,2
7327,1
7328,3
7329,2
7330,5
7331,1
7332,1
7333,1
7334,1
7335,3
7336,1
7337,2
7338,4
7339,4
7340,1
7341,8
7342,1
7343,4
7344,2
7345,1
7346,1
7347,2
7348,3
7349,1
7350,1
7351,3
7352,1
7353,4
7354,5
7355,1
7356,8
7357,5
7358,1
7359,1
7360,4
7361,3
7362,1
7363,1
7364,1
7365,1
7366,2
7367,1
7368,3
7369,6
7370,2
7371,1
7372,2
7373,1
7374,1
7375,6
7376,1
7377,2
7378,2
7379,2
7380,6
7381,1
7382,5
7383,1
7384,2
7385,2
7386,1
7387,3
7388,1
7389,5
7390,1
7391,3
7392,1
7393,2
7394,5
7395,5
7396,1
7397,2
7398,3
7399,3
7400,1
7401,2
7402,2
7403,3
7404,1
7405,1
7406,1
7407,1
7408,1
7409,1
7410,1
7411,1
7412,1
7413,2
7414,1
7415,2
7416,2
7417,1
7418,2
7419,5
7420,1
7421,1
7422,2
7423,1
7424,1
7425,2
7426,5
7427,4
7428,1
7429,1
7430,2
7431,1
7432,1
7433,4
7434,2
7435,1
7436,1
7437,2
7438,4
7439,5
7440,8
7441,1
7442,1
7443,2
7444,3
7445,2
7446,2
7447,1
7448,1
7449,1
7450,1
7451,1
7452,1
7453,5
7454,1
7455,4
7456,1
7457,2
7458,2
7459,1
7460,1
7461,1
7462,2
7463,2
7464,1
7465,2
7466,1
7467,1
7468,3
7469,3
7470,2
7471,2
7472,1
7473,1
7474,2
7475,1
7476,7
7477,1
7478,4
7479,1
7480,2
7481,1
7482,2
7483,1
7484,1
7485,2
7486,2
7487,2
7488,1
7489,2
7490,2
7491,2
7492,3
7493,2
7494,1
7495,1
7496,1
7497,1
7498,3
7499,1
7500,1
7501,3
7502,5
7503,1
7504,3
7505,4
7506,1
7507,7
7508,1
7509,3
7510,2
7511,3
7512,7
7513,1
7514,1
7515,17
7516,1
7517,4
7518,1
7519,2
7520,3
7521,9
7522,3
7523,1
7524,9
7525,1
7526,4
7527,2
7528,4
7529,2
7530,3
7531,1
7532,4
7533,1
7534,13
7535,6
7536,1
7537,7
7538,1
7539,3
7540,1
7541,3
7542,1
7543,2
7544,5
7545,3
7546,5
7547,6
7548,3
7549,3
7550,1
7551,2
7552,3
7553,2
7554,2
7555,3
7556,2
7557,2
7558,2
7559,1
7560,5
7561,9
7562,1
7563,2
7564,10
7565,8
7566,5
7567,3
7568,1
7569,14
7570,9
7571,2
7572,5
7573,17
7574,1
7575,6
7576,1
7577,1
7578,6
7579,4
7580,1
7581,8
7582,2
7583,2
7584,5
7585,6
7586,7
7587,2
7588,1
7589,8
7590,3
7591,3
7592,1
7593,3
7594,1
7595,1
7596,4
7597,4
7598,5
7599,6
7600,1
7601,1
7602,1
7603,1
7604,4
7605,2
7606,1
7607,3
7608,1
7609,1
7610,1
7611,3
7612,3
7613,2
7614,2
7615,1
7616,3
7617,4
7618,1
7619,1
7620,1
7621,1
7622,1
7623,1
7624,1
7625,4
7626,7
7627,4
7628,1
7629,2
7630,3
7631,3
7632,5
7633,3
7634,2
7635,1
7636,5
7637,2
7638,2
7639,1
7640,2
7641,6
7642,4
7643,2
7644,1
7645,8
7646,1
7647,1
7648,1
7649,2
7650,2
7651,3
7652,1
7653,2
7654,1
7655,5
7656,1
7657,1
7658,3
7659,1
7660,5
7661,1
7662,6
7663,1
7664,2
7665,2
7666,2
7667,1
7668,2
7669,3
7670,3
7671,4
7672,2
7673,1
7674,1
7675,1
7676,1
7677,1
7678,1
7679,2
7680,1
7681,2
7682,2
7683,1
7684,1
7685,2
7686,1
7687,2
7688,2
7689,1
7690,1
7691,2
7692,4
7693,7
7694,1
7695,1
7696,1
7697,1
7698,2
7699,1
7700,2
7701,5
7702,1
7703,1
7704,1
7705,1
7706,3
7707,1
7708,3
7709,2
7710,1
7711,3
7712,1
7713,2
7714,1
7715,2
7716,2
7717,2
7718,1
7719,1
7720,1
7721,3
7722,4
7723,1
7724,2
7725,3
7726,2
7727,1
7728,2
7729,3
7730,1
7731,1
7732,2
7733,2
7734,1
7735,1
7736,1
7737,3
7738,1
7739,3
7740,3
7741,2
7742,9
7743,4
7744,1
7745,5
7746,1
7747,6
7748,1
7749,11
7750,4
7751,2
7752,1
7753,7
7754,1
7755,1
7756,4
7757,2
7758,1
7759,1
7760,1
7761,1
7762,1
7763,4
7764,2
7765,5
7766,2
7767,3
7768,1
7769,2
7770,4
7771,1
7772,3
7773,4
7774,3
7775,1
7776,3
7777,1
7778,1
7779,5
7780,1
7781,5
7782,2
7783,1
7784,1
7785,1
7786,4
7787,1
7788,2
7789,8
7790,3
7791,2
7792,5
7793,1
7794,6
7795,4
7796,3
7797,1
7798,2
7799,1
7800,1
7801,1
7802,1
7803,2
7804,1
7805,1
7806,1
7807,2
7808,1
7809,2
7810,1
7811,1
7812,1
7813,1
7814,1
7815,1
7816,1
7817,1
7818,2
7819,1
7820,1
7821,2
7822,1
7823,1
7824,1
7825,2
7826,1
7827,1
7828,1
7829,2
7830,2
7831,9
7832,1
7833,2
7834,6
7835,3
7836,3
7837,7
7838,3
7839,1
7840,1
7841,3
7842,1
7843,7
7844,4
7845,4
7846,2
7847,5
7848,2
7849,1
7850,5
7851,3
7852,2
7853,3
7854,3
7855,1
7856,4
7857,4
7858,7
7859,1
7860,1
7861,1
7862,1
7863,3
7864,1
7865,2
7866,2
7867,1
7868,2
7869,3
7870,1
7871,1
7872,1
7873,1
7874,6
7875,2
7876,3
7877,3
7878,4
7879,4
7880,6
7881,2
7882,1
7883,2
7884,3
7885,1
7886,2
7887,1
7888,2
7889,2
7890,3
7891,1
7892,1
7893,1
7894,4
7895,9
7896,1
7897,2
7898,1
7899,1
7900,2
7901,3
7902,1
7903,2
7904,1
7905,2
7906,1
7907,2
7908,2
7909,2
7910,2
7911,2
7912,2
7913,5
7914,1
7915,1
7916,3
7917,5
7918,1
7919,1
7920,1
7921,4
7922,1
7923,1
7924,3
7925,9
7926,2
7927,5
7928,3
7929,7
7930,1
7931,2
7932,3
7933,1
7934,1
7935,1
7936,1
7937,1
7938,3
7939,5
7940,5
7941,1
7942,2
7943,1
7944,2
7945,2
7946,1
7947,4
7948,6
7949,2
7950,2
7951,1
7952,2
7953,6
7954,1
7955,3
7956,3
7957,1
7958,1
7959,4
7960,4
7961,1
7962,1
7963,1
7964,1
7965,1
7966,4
7967,1
7968,1
7969,3
7970,1
7971,1
7972,1
7973,1
7974,1
7975,2
7976,3
7977,1
7978,2
7979,1
7980,1
7981,1
7982,2
7983,1
7984,2
7985,2
7986,4
7987,3
7988,2
7989,1
7990,2
7991,1
7992,1
7993,2
7994,1
7995,2
7996,2
7997,3
7998,2
7999,2
8000,1
8001,1
8002,1
8003,2
8004,4
8005,1
8006,1
8007,1
8008,3
8009,2
8010,1
8011,1
8012,3
8013,5
8014,2
8015,4
8016,5
8017,1
8018,1
8019,5
8020,18
8021,1
8022,4
8023,5
8024,2
8025,5
8026,3
8027,2
8028,1
8029,2
8030,1
8031,1
8032,2
8033,2
8034,11
8035,4
8036,3
8037,4
8038,1
8039,3
8040,5
8041,1
8042,4
8043,1
8044,1
8045,2
8046,1
8047,2
8048,2
8049,5
8050,1
8051,1
8052,4
8053,1
8054,1
8055,2
8056,3
8057,1
8058,4
8059,3
8060,1
8061,1
8062,1
8063,1
8064,2
8065,2
8066,3
8067,1
8068,2
8069,1
8070,1
8071,2
8072,3
8073,2
8074,2
8075,1
8076,1
8077,14
8078,5
8079,1
8080,12
8081,1
8082,2
8083,3
8084,1
8085,2
8086,2
8087,4
8088,6
8089,4
8090,3
8091,1
8092,1
8093,10
8094,2
8095,3
8096,5
8097,3
8098,1
8099,1
8100,1
8101,7
8102,7
8103,2
8104,1
8105,2
8106,4
8107,1
8108,1
8109,3
8110,1
8111,2
8112,4
8113,1
8114,5
8115,4
8116,2
8117,4
8118,2
8119,1
8120,3
8121,2
8122,3
8123,3
8124,1
8125,1
8126,5
8127,3
8128,6
8129,8
8130,3
8131,3
8132,1
8133,1
8134,4
8135,2
8136,2
8137,1
8138,8
8139,3
8140,3
8141,3
8142,3
8143,5
8144,3
8145,4
8146,2
8147,1
8148,3
8149,6
8150,1
8151,4
8152,8
8153,4
8154,3
8155,5
8156,3
8157,6
8158,2
8159,1
8160,2
8161,3
8162,3
8163,4
8164,1
8165,1
8166,3
8167,1
8168,2
8169,1
8170,5
8171,2
8172,2
8173,1
8174,3
8175,2
8176,1
8177,1
8178,1
8179,2
8180,5
8181,2
8182,2
8183,2
8184,3
8185,1
8186,1
8187,1
8188,4
8189,4
8190,1
8191,1
8192,1
8193,3
8194,1
8195,1
8196,14
8197,1
8198,4
8199,3
8200,2
8201,3
8202,5
8203,2
8204,4
8205,1
8206,4
8207,3
8208,3
8209,2
8210,1
8211,2
8212,4
8213,3
8214,5
8215,3
8216,8
8217,2
8218,2
8219,1
8220,1
8221,1
8222,2
8223,2
8224,1
8225,2
8226,1
8227,5
8228,1
8229,1
8230,2
8231,2
8232,1
8233,1
8234,2
8235,1
8236,1
8237,1
8238,1
8239,1
8240,3
8241,1
8242,2
8243,2
8244,4
8245,2
8246,3
8247,6
8248,3
8249,2
8250,1
8251,1
8252,5
8253,2
8254,3
8255,3
8256,2
8257,1
8258,5
8259,2
8260,1
8261,4
8262,2
8263,2
8264,3
8265,1
8266,2
8267,3
8268,5
8269,2
8270,1
8271,2
8272,1
8273,2
8274,2
8275,3
8276,1
8277,3
8278,2
8279,1
8280,9
8281,1
8282,1
8283,1
8284,2
8285,1
8286,5
8287,2
8288,1
8289,7
8290,1
8291,4
8292,2
8293,1
8294,1
8295,1
8296,1
8297,2
8298,1
8299,2
8300,2
8301,1
8302,3
8303,1
8304,1
8305,3
8306,3
8307,2
8308,1
8309,1
8310,2
8311,2
8312,1
8313,7
8314,2
8315,4
8316,5
8317,4
8318,2
8319,1
8320,4
8321,3
8322,3
8323,8
8324,1
8325,4
8326,1
8327,3
8328,1
8329,5
8330,8
8331,7
8332,3
8333,2
8334,1
8335,4
8336,4
8337,4
8338,2
8339,2
8340,2
8341,4
8342,2
8343,4
8344,1
8345,10
8346,1
8347,3
8348,1
8349,5
8350,1
8351,1
8352,1
8353,5
8354,1
8355,5
8356,3
8357,1
8358,2
8359,2
8360,3
8361,3
8362,2
8363,4
8364,1
8365,3
8366,2
8367,5
8368,4
8369,2
8370,11
8371,3
8372,2
8373,6
8374,4
8375,1
8376,3
8377,1
8378,1
8379,3
8380,1
8381,1
8382,4
8383,1
8384,6
8385,3
8386,4
8387,1
8388,3
8389,2
8390,1
8391,3
8392,9
8393,1
8394,6
8395,2
8396,3
8397,1
8398,3
8399,2
8400,8
8401,2
8402,4
8403,1
8404,2
8405,1
8406,9
8407,2
8408,1
8409,3
8410,1
8411,1
8412,1
8413,1
8414,2
8415,1
8416,2
8417,2
8418,6
8419,5
8420,1
8421,1
8422,3
8423,4
8424,2
8425,3
8426,1
8427,1
8428,1
8429,1
8430,2
8431,3
8432,4
8433,1
8434,1
8435,1
8436,3
8437,1
8438,1
8439,4
8440,1
8441,1
8442,1
8443,1
8444,1
8445,1
8446,1
8447,1
8448,3
8449,1
8450,1
8451,2
8452,3
8453,1
8454,4
8455,3
8456,1
8457,2
8458,2
8459,2
8460,2
8461,2
8462,2
8463,1
8464,1
8465,1
8466,3
8467,3
8468,1
8469,2
8470,4
8471,5
8472,3
8473,2
8474,1
8475,3
8476,1
8477,1
8478,2
8479,1
8480,3
8481,4
8482,4
8483,3
8484,4
8485,3
8486,1
8487,7
8488,1
8489,3
8490,6
8491,1
8492,2
8493,1
8494,1
8495,3
8496,2
8497,2
8498,2
8499,4
8500,4
8501,3
8502,2
8503,1
8504,1
8505,1
8506,2
8507,3
8508,1
8509,1
8510,2
8511,1
8512,6
8513,2
8514,1
8515,7
8516,4
8517,3
8518,1
8519,1
8520,2
8521,2
8522,5
8523,1
8524,1
8525,2
8526,3
8527,2
8528,2
8529,1
8530,4
8531,1
8532,4
8533,1
8534,2
8535,3
8536,1
8537,2
8538,1
8539,2
8540,1
8541,1
8542,1
8543,1
8544,1
8545,3
8546,1
8547,2
8548,4
8549,2
8550,2
8551,2
8552,2
8553,4
8554,1
8555,5
8556,1
8557,3
8558,1
8559,3
8560,2
8561,4
8562,2
8563,3
8564,2
8565,1
8566,2
8567,1
8568,2
8569,2
8570,3
8571,1
8572,5
8573,3
8574,1
8575,2
8576,3
8577,1
8578,1
8579,2
8580,1
8581,1
8582,5
8583,3
8584,6
8585,2
8586,1
8587,1
8588,2
8589,1
8590,7
8591,2
8592,2
8593,5
8594,1
8595,4
8596,2
8597,1
8598,5
8599,1
8600,1
8601,2
8602,1
8603,1
8604,2
8605,1
8606,1
8607,1
8608,1
8609,1
8610,3
8611,1
8612,3
8613,1
8614,5
8615,1
8616,2
8617,2
8618,1
8619,2
8620,3
8621,1
8622,6
8623,1
8624,1
8625,4
8626,1
8627,4
8628,2
8629,1
8630,1
8631,2
8632,1
8633,1
8634,2
8635,4
8636,5
8637,1
8638,3
8639,1
8640,1
8641,8
8642,1
8643,3
8644,1
8645,2
8646,3
8647,1
8648,2
8649,2
8650,1
8651,1
8652,4
8653,2
8654,1
8655,1
8656,2
8657,1
8658,1
8659,4
8660,1
8661,2
8662,6
8663,1
8664,6
8665,4
8666,2
8667,1
8668,3
8669,1
8670,1
8671,5
8672,2
8673,10
8674,1
8675,3
8676,4
8677,8
8678,5
8679,1
8680,3
8681,1
8682,7
8683,7
8684,9
8685,1
8686,7
8687,3
8688,3
8689,1
8690,3
8691,1
8692,5
8693,1
8694,2
8695,1
8696,2
8697,8
8698,3
8699,2
8700,1
8701,8
8702,5
8703,12
8704,5
8705,2
8706,9
8707,2
8708,1
8709,1
8710,1
8711,2
8712,2
8713,1
8714,3
8715,1
8716,3
8717,5
8718,2
8719,5
8720,1
8721,3
8722,10
8723,2
8724,1
8725,7
8726,3
8727,1
8728,4
8729,2
8730,7
8731,1
8732,17
8733,14
8734,3
8735,2
8736,3
8737,4
8738,14
8739,4
8740,13
8741,2
8742,2
8743,8
8744,3
8745,5
8746,1
8747,8
8748,12
8749,3
8750,4
8751,11
8752,5
8753,10
8754,7
8755,12
8756,1
8757,2
8758,2
8759,5
8760,2
8761,1
8762,4
8763,3
8764,1
8765,3
8766,1
8767,2
8768,2
8769,4
8770,3
8771,2
8772,1
8773,2
8774,5
8775,8
8776,2
8777,3
8778,4
8779,1
8780,6
8781,3
8782,2
8783,1
8784,3
8785,12
8786,2
8787,4
8788,10
8789,7
8790,1
8791,2
8792,3
8793,1
8794,2
8795,5
8796,8
8797,1
8798,3
8799,12
8800,7
8801,3
8802,1
8803,2
8804,4
8805,2
8806,2
8807,1
8808,8
8809,1
8810,2
8811,1
8812,3
8813,2
8814,3
8815,1
8816,1
8817,2
8818,1
8819,6
8820,7
8821,1
8822,3
8823,1
8824,1
8825,5
8826,3
8827,1
8828,1
8829,1
8830,6
8831,5
8832,4
8833,12
8834,5
8835,8
8836,1
8837,2
8838,2
8839,7
8840,3
8841,4
8842,4
8843,1
8844,2
8845,1
8846,2
8847,1
8848,1
8849,7
8850,1
8851,2
8852,3
8853,2
8854,1
8855,4
8856,5
8857,3
8858,10
8859,4
8860,4
8861,1
8862,1
8863,1
8864,4
8865,2
8866,3
8867,1
8868,6
8869,4
8870,2
8871,1
8872,2
8873,3
8874,9
8875,1
8876,8
8877,1
8878,8
8879,5
8880,3
8881,3
8882,4
8883,1
8884,2
8885,3
8886,1
8887,3
8888,6
8889,3
8890,2
8891,3
8892,7
8893,3
8894,1
8895,4
8896,1
8897,2
8898,5
8899,1
8900,1
8901,4
8902,10
8903,1
8904,6
8905,2
8906,2
8907,2
8908,1
8909,5
8910,1
8911,3
8912,1
8913,6
8914,3
8915,1
8916,12
8917,7
8918,3
8919,1
8920,2
8921,1
8922,1
8923,1
8924,1
8925,12
8926,3
8927,1
8928,1
8929,4
8930,1
8931,1
8932,13
8933,5
8934,5
8935,1
8936,3
8937,6
8938,9
8939,1
8940,3
8941,1
8942,2
8943,1
8944,1
8945,5
8946,3
8947,2
8948,3
8949,5
8950,6
8951,6
8952,1
8953,5
8954,2
8955,9
8956,1
8957,4
8958,2
8959,1
8960,1
8961,3
8962,1
8963,4
8964,1
8965,1
8966,3
8967,5
8968,2
8969,1
8970,1
8971,2
8972,1
8973,4
8974,1
8975,2
8976,2
8977,1
8978,4
8979,1
8980,2
8981,1
8982,8
8983,17
8984,2
8985,7
8986,1
8987,1
8988,4
8989,4
8990,2
8991,1
8992,9
8993,6
8994,1
8995,3
8996,1
8997,1
8998,6
8999,1
9000,2
9001,3
9002,6
9003,5
9004,1
9005,5
9006,6
9007,4
9008,6
9009,1
9010,2
9011,5
9012,10
9013,4
9014,4
9015,2
9016,1
9017,2
9018,3
9019,7
9020,2
9021,1
9022,1
9023,7
9024,1
9025,2
9026,3
9027,1
9028,1
9029,2
9030,3
9031,1
9032,1
9033,4
9034,3
9035,1
9036,1
9037,4
9038,2
9039,5
9040,3
9041,2
9042,2
9043,1
9044,2
9045,4
9046,1
9047,1
9048,2
9049,1
9050,1
9051,2
9052,6
9053,2
9054,3
9055,2
9056,2
9057,1
9058,2
9059,1
9060,2
9061,2
9062,2
9063,2
9064,2
9065,2
9066,2
9067,3
9068,4
9069,2
9070,2
9071,3
9072,3
9073,1
9074,1
9075,7
9076,4
9077,3
9078,2
9079,2
9080,3
9081,2
9082,3
9083,2
9084,2
9085,1
9086,4
9087,4
9088,3
9089,2
9090,1
9091,8
9092,4
9093,4
9094,3
9095,5
9096,5
9097,5
9098,3
9099,1
9100,1
9101,2
9102,1
9103,3
9104,2
9105,3
9106,2
9107,1
9108,3
9109,4
9110,1
9111,2
9112,1
9113,2
9114,1
9115,3
9116,2
9117,10
9118,3
9119,1
9120,1
9121,2
9122,3
9123,7
9124,8
9125,2
9126,2
9127,2
9128,6
9129,5
9130,1
9131,2
9132,5
9133,1
9134,9
9135,1
9136,5
9137,4
9138,3
9139,2
9140,1
9141,2
9142,2
9143,1
9144,3
9145,4
9146,1
9147,9
9148,12
9149,8
9150,2
9151,3
9152,2
9153,5
9154,1
9155,1
9156,4
9157,4
9158,7
9159,6
9160,7
9161,4
9162,12
9163,5
9164,3
9165,13
9166,14
9167,3
9168,1
9169,2
9170,5
9171,1
9172,5
9173,3
9174,4
9175,2
9176,8
9177,2
9178,3
9179,1
9180,4
9181,1
9182,4
9183,2
9184,1
9185,2
9186,3
9187,1
9188,8
9189,13
9190,2
9191,2
9192,2
9193,8
9194,1
9195,8
9196,3
9197,2
9198,1
9199,2
9200,8
9201,7
9202,5
9203,5
9204,2
9205,3
9206,4
9207,8
9208,3
9209,2
9210,3
9211,23
9212,10
9213,4
9214,2
9215,1
9216,1
9217,3
9218,2
9219,4
9220,2
9221,4
9222,12
9223,12
9224,1
9225,1
9226,1
9227,17
9228,7
9229,3
9230,7
9231,3
9232,2
9233,3
9234,2
9235,4
9236,4
9237,2
9238,8
9239,3
9240,4
9241,10
9242,15
9243,15
9244,6
9245,3
9246,9
9247,26
9248,4
9249,6
9250,3
9251,16
9252,25
9253,7
9254,14
9255,1
9256,2
9257,4
9258,12
9259,1
9260,2
9261,2
9262,12
9263,23
9264,3
9265,17
9266,16
9267,2
9268,6
9269,17
9270,3
9271,14
9272,12
9273,16
9274,5
9275,22
9276,21
9277,14
9278,14
9279,41
9280,17
9281,3
9282,11
9283,8
9284,2
9285,14
9286,2
9287,3
9288,15
9289,20
9290,6
9291,1
9292,34
9293,11
9294,10
9295,23
9296,38
9297,9
9298,24
9299,5
9300,5
9301,3
9302,14
9303,3
9304,2
9305,2
9306,8
9307,7
9308,16
9309,6
9310,1
9311,3
9312,13
9313,15
9314,2
9315,4
9316,3
9317,3
9318,14
9319,3
9320,14
9321,1
9322,2
9323,2
9324,31
9325,6
9326,1
9327,34
9328,37
9329,2
9330,1
9331,3
9332,37
9333,16
9334,2
9335,29
9336,47
9337,4
9338,3
9339,14
9340,4
9341,3
9342,2
9343,24
9344,2
9345,8
9346,6
9347,11
9348,3
9349,33
9350,1
9351,24
9352,11
9353,17
9354,3
9355,16
9356,23
9357,15
9358,13
9359,13
9360,1
9361,5
9362,9
9363,12
9364,6
9365,3
9366,6
9367,2
9368,8
9369,1
9370,8
9371,26
9372,20
9373,15
9374,7
9375,14
9376,1
9377,4
9378,8
9379,37
9380,15
9381,9
9382,7
9383,8
9384,2
9385,16
9386,2
9387,4
9388,5
9389,11
9390,2
9391,11
9392,5
9393,2
9394,2
9395,3
9396,7
9397,8
9398,10
9399,5
9400,15
9401,21
9402,14
9403,24
9404,4
9405,33
9406,2
9407,13
9408,13
9409,5
9410,9
9411,8
9412,33
9413,1
9414,17
9415,3
9416,9
9417,18
9418,2
9419,7
9420,15
9421,20
9422,5
9423,10
9424,8
9425,15
9426,20
9427,8
9428,39
9429,25
9430,16
9431,11
9432,2
9433,4
9434,19
9435,1
9436,33
9437,26
9438,34
9439,11
9440,12
9441,45
9442,16
9443,8
9444,5
9445,1
9446,1
9447,8
9448,20
9449,2
9450,4
9451,13
9452,8
9453,7
9454,20
9455,1
9456,25
9457,8
9458,33
9459,61
9460,1
9461,10
9462,47
9463,41
9464,21
9465,32
9466,10
9467,4
9468,23
9469,25
9470,3
9471,3
9472,10
9473,8
9474,6
9475,3
9476,19
9477,21
9478,9
9479,7
9480,6
9481,26
9482,15
9483,9
9484,7
9485,7
9486,3
9487,1
9488,17
9489,3
9490,2
9491,9
9492,31
9493,3
9494,7
9495,12
9496,26
9497,37
9498,13
9499,3
9500,6
9501,2
9502,6
9503,8
9504,23
9505,11
9506,6
9507,28
9508,27
9509,6
9510,10
9511,2
9512,20
9513,9
9514,4
9515,6
9516,11
9517,6
9518,1
9519,10
9520,15
9521,12
9522,4
9523,9
9524,7
9525,27
9526,4
9527,2
9528,5
9529,12
9530,1
9531,3
9532,14
9533,14
9534,3
9535,2
9536,3
9537,15
9538,12
9539,8
9540,1
9541,8
9542,2
9543,7
9544,1
9545,18
9546,3
9547,14
9548,3
9549,24
9550,4
9551,16
9552,6
9553,15
9554,22
9555,17
9556,10
9557,1
9558,1
9559,15
9560,5
9561,1
9562,24
9563,14
9564,5
9565,10
9566,15
9567,10
9568,3
9569,14
9570,2
9571,1
9572,3
9573,8
9574,18
9575,7
9576,7
9577,3
9578,5
9579,4
9580,1
9581,3
9582,2
9583,12
9584,7
9585,1
9586,8
9587,3
9588,10
9589,1
9590,6
9591,2
9592,4
9593,3
9594,2
9595,1
9596,12
9597,1
9598,13
9599,3
9600,6
9601,2
9602,1
9603,4
9604,4
9605,3
9606,2
9607,6
9608,1
9609,1
9610,1
9611,3
9612,4
9613,2
9614,4
9615,1
9616,4
9617,5
9618,3
9619,2
9620,5
9621,3
9622,6
9623,1
9624,5
9625,1
9626,2
9627,3
9628,3
9629,1
9630,4
9631,2
9632,5
9633,1
9634,2
9635,3
9636,1
9637,6
9638,9
9639,1
9640,5
9641,4
9642,4
9643,3
9644,2
9645,1
9646,3
9647,3
9648,13
9649,1
9650,1
9651,10
9652,4
9653,15
9654,4
9655,1
9656,3
9657,4
9658,2
9659,13
9660,2
9661,3
9662,2
9663,1
9664,8
9665,3
9666,1
9667,2
9668,3
9669,1
9670,2
9671,5
9672,2
9673,13
9674,4
9675,4
9676,2
9677,8
9678,2
9679,1
9680,3
9681,3
9682,5
9683,2
9684,12
9685,2
9686,4
9687,4
9688,2
9689,4
9690,3
9691,1
9692,1
9693,2
9694,4
9695,3
9696,2
9697,1
9698,1
9699,6
9700,9
9701,3
9702,7
9703,2
9704,2
9705,3
9706,3
9707,10
9708,6
9709,4
9710,1
9711,9
9712,2
9713,2
9714,1
9715,2
9716,1
9717,2
9718,1
9719,2
9720,4
9721,1
9722,5
9723,1
9724,12
9725,2
9726,4
9727,3
9728,1
9729,1
9730,1
9731,5
9732,4
9733,3
9734,2
9735,2
9736,1
9737,2
9738,1
9739,4
9740,6
9741,3
9742,2
9743,1
9744,1
9745,4
9746,3
9747,2
9748,2
9749,1
9750,1
9751,4
9752,2
9753,1
9754,2
9755,6
9756,4
9757,4
9758,1
9759,1
9760,2
9761,3
9762,3
9763,1
9764,2
9765,5
9766,9
9767,7
9768,1
9769,2
9770,2
9771,2
9772,1
9773,2
9774,1
9775,3
9776,4
9777,9
9778,3
9779,2
9780,1
9781,7
9782,1
9783,1
9784,3
9785,3
9786,9
9787,2
9788,4
9789,2
9790,8
9791,2
9792,2
9793,2
9794,2
9795,3
9796,2
9797,1
9798,2
9799,1
9800,4
9801,13
9802,7
9803,5
9804,3
9805,2
9806,4
9807,4
9808,1
9809,1
9810,2
9811,2
9812,1
9813,1
9814,1
9815,1
9816,1
9817,2
9818,3
9819,1
9820,4
9821,2
9822,1
9823,4
9824,5
9825,1
9826,1
9827,1
9828,1
9829,2
9830,3
9831,2
9832,1
9833,2
9834,1
9835,1
9836,1
9837,5
9838,8
9839,3
9840,1
9841,2
9842,4
9843,2
9844,3
9845,3
9846,4
9847,8
9848,3
9849,7
9850,3
9851,3
9852,2
9853,1
9854,1
9855,3
9856,1
9857,7
9858,2
9859,1
9860,8
9861,2
9862,8
9863,2
9864,7
9865,10
9866,5
9867,1
9868,2
9869,8
9870,1
9871,1
9872,1
9873,3
9874,5
9875,1
9876,2
9877,3
9878,6
9879,1
9880,10
9881,3
9882,6
9883,7
9884,1
9885,1
9886,3
9887,4
9888,2
9889,1
9890,4
9891,3
9892,2
9893,6
9894,4
9895,2
9896,5
9897,2
9898,1
9899,8
9900,2
9901,1
9902,5
9903,1
9904,4
9905,2
9906,5
9907,1
9908,5
9909,7
9910,4
9911,3
9912,2
9913,1
9914,2
9915,1
9916,2
9917,1
9918,2
9919,5
9920,3
9921,1
9922,2
9923,5
9924,2
9925,3
9926,1
9927,2
9928,2
9929,2
9930,1
9931,2
9932,3
9933,4
9934,1
9935,7
9936,11
9937,3
9938,7
9939,3
9940,1
9941,7
9942,1
9943,1
9944,9
9945,4
9946,4
9947,1
9948,5
9949,6
9950,2
9951,2
9952,3
9953,1
9954,1
9955,4
9956,2
9957,2
9958,5
9959,1
9960,5
9961,4
9962,4
9963,2
9964,3
9965,3
9966,2
9967,6
9968,2
9969,3
9970,3
9971,8
9972,2
9973,2
9974,7
9975,7
9976,3
9977,2
9978,5
9979,5
9980,9
9981,4
9982,5
9983,5
9984,3
9985,2
9986,7
9987,4
9988,1
9989,3
9990,1
9991,1
9992,9
9993,2
9994,2
9995,4
9996,2
9997,1
9998,2
9999,8
10000,3
10001,6
10002,10
10003,2
10004,2
10005,3
10006,2
10007,1
10008,3
10009,2
10010,2
10011,2
10012,5
10013,1
10014,2
10015,1
10016,6
10017,6
10018,7
10019,2
10020,1
10021,23
10022,2
10023,3
10024,2
10025,1
10026,5
10027,3
10028,8
10029,7
10030,1
10031,7
10032,1
10033,4
10034,4
10035,6
10036,1
10037,3
10038,3
10039,2
10040,15
10041,4
10042,2
10043,2
10044,1
10045,1
10046,2
10047,2
10048,1
10049,13
10050,2
10051,1
10052,3
10053,9
10054,3
10055,21
10056,2
10057,13
10058,2
10059,3
10060,9
10061,4
10062,2
10063,5
10064,7
10065,1
10066,1
10067,4
10068,4
10069,3
10070,1
10071,1
10072,11
10073,1
10074,11
10075,1
10076,7
10077,7
10078,9
10079,1
10080,10
10081,4
10082,2
10083,2
10084,1
10085,3
10086,4
10087,2
10088,5
10089,3
10090,8
10091,12
10092,2
10093,5
10094,3
10095,5
10096,7
10097,1
10098,5
10099,4
10100,1
10101,1
10102,1
10103,2
10104,8
10105,8
10106,1
10107,4
10108,4
10109,1
10110,2
10111,6
10112,3
10113,6
10114,15
10115,9
10116,3
10117,3
10118,5
10119,3
10120,3
10121,6
10122,1
10123,3
10124,1
10125,2
10126,6
10127,3
10128,11
10129,3
10130,1
10131,4
10132,2
10133,1
10134,3
10135,4
10136,10
10137,3
10138,3
10139,1
10140,1
10141,1
10142,4
10143,5
10144,2
10145,3
10146,5
10147,1
10148,1
10149,1
10150,1
10151,9
10152,7
10153,7
10154,1
10155,4
10156,7
10157,1
10158,2
10159,20
10160,3
10161,3
10162,2
10163,2
10164,1
10165,2
10166,5
10167,4
10168,1
10169,11
10170,2
10171,5
10172,6
10173,3
10174,1
10175,1
10176,2
10177,3
10178,14
10179,1
10180,5
10181,13
10182,3
10183,4
10184,1
10185,2
10186,2
10187,7
10188,1
10189,7
10190,6
10191,4
10192,2
10193,3
10194,3
10195,6
10196,6
10197,1
10198,3
10199,15
10200,12
10201,3
10202,4
10203,4
10204,1
10205,3
10206,5
10207,6
10208,2
10209,2
10210,1
10211,2
10212,1
10213,15
10214,20
10215,1
10216,1
10217,7
10218,4
10219,1
10220,1
10221,2
10222,2
10223,2
10224,2
10225,7
10226,2
10227,2
10228,7
10229,1
10230,4
10231,3
10232,3
10233,6
10234,2
10235,1
10236,1
10237,12
10238,7
10239,4
10240,3
10241,1
10242,3
10243,1
10244,8
10245,2
10246,3
10247,7
10248,1
10249,4
10250,3
10251,4
10252,1
10253,10
10254,1
10255,3
10256,2
10257,3
10258,5
10259,4
10260,3
10261,1
10262,6
10263,1
10264,1
10265,4
10266,2
10267,5
10268,4
10269,5
10270,5
10271,2
10272,5
10273,2
10274,1
10275,2
10276,1
10277,3
10278,1
10279,4
10280,12
10281,2
10282,1
10283,1
10284,3
10285,1
10286,2
10287,7
10288,2
10289,3
10290,5
10291,1
10292,4
10293,6
10294,5
10295,3
10296,1
10297,1
10298,4
10299,2
10300,8
10301,1
10302,4
10303,1
10304,2
10305,9
10306,1
10307,1
10308,1
10309,3
10310,4
10311,10
10312,11
10313,6
10314,1
10315,10
10316,2
10317,4
10318,3
10319,3
10320,4
10321,11
10322,17
10323,7
10324,32
10325,10
10326,3
10327,18
10328,3
10329,5
10330,10
10331,2
10332,4
10333,5
10334,5
10335,2
10336,2
10337,3
10338,7
10339,3
10340,3
10341,1
10342,6
10343,3
10344,2
10345,3
10346,8
10347,7
10348,10
10349,4
10350,1
10351,9
10352,11
10353,6
10354,7
10355,2
10356,14
10357,11
10358,8
10359,12
10360,9
10361,3
10362,2
10363,2
10364,4
10365,5
10366,2
10367,3
10368,5
10369,7
10370,12
10371,11
10372,14
10373,7
10374,14
10375,7
10376,2
10377,5
10378,8
10379,2
10380,12
10381,8
10382,11
10383,1
10384,10
10385,4
10386,3
10387,8
10388,3
10389,15
10390,1
10391,10
10392,1
10393,3
10394,6
10395,15
10396,10
10397,2
10398,14
10399,6
10400,11
10401,1
10402,5
10403,1
10404,5
10405,1
10406,15
10407,11
10408,1
10409,14
10410,3
10411,31
10412,34
10413,10
10414,14
10415,2
10416,8
10417,2
10418,18
10419,1
10420,10
10421,11
10422,4
10423,3
10424,5
10425,1
10426,6
10427,2
10428,4
10429,8
10430,5
10431,11
10432,11
10433,2
10434,6
10435,1
10436,7
10437,1
10438,3
10439,3
10440,1
10441,21
10442,1
10443,11
10444,5
10445,4
10446,4
10447,3
10448,3
10449,3
10450,6
10451,6
10452,2
10453,18
10454,21
10455,6
10456,9
10457,6
10458,2
10459,10
10460,3
10461,3
10462,19
10463,1
10464,12
10465,33
10466,11
10467,14
10468,21
10469,3
10470,6
10471,10
10472,6
10473,7
10474,47
10475,3
10476,22
10477,15
10478,9
10479,2
10480,3
10481,15
10482,18
10483,4
10484,8
10485,4
10486,12
10487,11
10488,5
10489,1
10490,4
10491,3
10492,11
10493,1
10494,9
10495,11
10496,4
10497,13
10498,5
10499,3
10500,1
10501,22
10502,1
10503,9
10504,8
10505,20
10506,18
10507,6
10508,7
10509,6
10510,70
10511,21
10512,26
10513,29
10514,4
10515,2
10516,8
10517,3
10518,11
10519,8
10520,8
10521,18
10522,1
10523,15
10524,7
10525,12
10526,1
10527,34
10528,17
10529,8
10530,15
10531,6
10532,11
10533,5
10534,2
10535,16
10536,5
10537,2
10538,6
10539,29
10540,35
10541,15
10542,6
10543,5
10544,7
10545,5
10546,6
10547,5
10548,1
10549,8
10550,8
10551,5
10552,12
10553,9
10554,5
10555,52
10556,15
10557,20
10558,7
10559,50
10560,16
10561,25
10562,1
10563,12
10564,18
10565,1
10566,7
10567,2
10568,10
10569,3
10570,3
10571,2
10572,1
10573,13
10574,4
10575,13
10576,26
10577,9
10578,3
10579,6
10580,8
10581,3
10582,10
10583,4
10584,10
10585,2
10586,8
10587,46
10588,10
10589,11
10590,10
10591,1
10592,12
10593,2
10594,5
10595,16
10596,13
10597,6
10598,4
10599,4
10600,22
10601,1
10602,5
10603,17
10604,2
10605,5
10606,2
10607,22
10608,2
10609,1
10610,1
10611,1
10612,3
10613,6
10614,12
10615,11
10616,12
10617,7
10618,7
10619,21
10620,3
10621,5
10622,10
10623,5
10624,21
10625,1
10626,1
10627,9
10628,3
10629,1
10630,6
10631,16
10632,10
10633,1
10634,4
10635,7
10636,3
10637,19
10638,4
10639,4
10640,3
10641,5
10642,9
10643,5
10644,6
10645,1
10646,12
10647,6
10648,10
10649,3
10650,5
10651,10
10652,6
10653,4
10654,1
10655,2
10656,6
10657,3
10658,4
10659,2
10660,9
10661,2
10662,3
10663,3
10664,1
10665,2
10666,11
10667,2
10668,2
10669,3
10670,3
10671,3
10672,2
10673,1
10674,2
10675,7
10676,1
10677,5
10678,4
10679,17
10680,1
10681,1
10682,2
10683,2
10684,1
10685,1
10686,2
10687,6
10688,2
10689,1
10690,3
10691,1
10692,4
10693,1
10694,1
10695,1
10696,1
10697,1
10698,2
10699,2
10700,2
10701,1
10702,2
10703,1
10704,1
10705,3
10706,1
10707,6
10708,5
10709,1
10710,4
10711,4
10712,10
10713,6
10714,7
10715,4
10716,2
10717,2
10718,1
10719,5
10720,2
10721,3
10722,3
10723,1
10724,3
10725,5
10726,4
10727,1
10728,3
10729,5
10730,5
10731,2
10732,1
10733,3
10734,4
10735,6
10736,8
10737,2
10738,4
10739,3
10740,2
10741,1
10742,3
10743,1
10744,3
10745,2
10746,1
10747,2
10748,3
10749,2
10750,2
10751,1
10752,2
10753,1
10754,1
10755,4
10756,3
10757,1
10758,1
10759,1
10760,1
10761,1
10762,4
10763,1
10764,1
10765,1
10766,1
10767,2
10768,1
10769,3
10770,1
10771,2
10772,3
10773,1
10774,1
10775,2
10776,1
10777,3
10778,1
10779,1
10780,4
10781,2
10782,2
10783,1
10784,2
10785,1
10786,1
10787,2
10788,2
10789,1
10790,2
10791,2
10792,1
10793,1
10794,1
10795,1
10796,1
10797,1
10798,3
10799,1
10800,2
