1,1
2,12
3,4
4,2
5,5
6,1
7,5
8,3
9,2
10,4
11,5
12,2
13,3
14,4
15,3
16,2
17,21
18,9
19,2
20,3
21,4
22,9
23,2
24,1
25,4
26,7
27,1
28,1
29,1
30,1
31,1
32,11
33,4
34,4
35,5
36,2
37,1
38,5
39,2
40,1
41,7
42,1
43,8
44,1
45,2
46,11
47,2
48,14
49,2
50,2
51,2
52,2
53,4
54,4
55,1
56,2
57,1
58,4
59,3
60,7
61,1
62,18
63,4
64,2
65,3
66,1
67,1
68,5
69,3
70,3
71,1
72,12
73,2
74,4
75,4
76,7
77,4
78,20
79,1
80,3
81,3
82,7
83,1
84,1
85,1
86,1
87,4
88,3
89,3
90,4
91,1
92,1
93,6
94,1
95,10
96,1
97,3
98,1
99,9
100,1
101,2
102,7
103,1
104,6
105,1
106,1
107,5
108,3
109,15
110,8
111,5
112,5
113,7
114,3
115,3
116,3
117,6
118,5
119,2
120,6
121,4
122,1
123,3
124,1
125,3
126,15
127,3
128,7
129,2
130,2
131,1
132,1
133,3
134,8
135,2
136,2
137,2
138,4
139,5
140,1
141,5
142,2
143,4
144,5
145,20
146,11
147,2
148,4
149,4
150,5
151,4
152,3
153,10
154,3
155,5
156,9
157,2
158,3
159,5
160,1
161,1
162,12
163,10
164,4
165,1
166,1
167,1
168,7
169,1
170,3
171,1
172,3
173,7
174,5
175,2
176,8
177,2
178,3
179,4
180,1
181,4
182,3
183,2
184,3
185,1
186,3
187,3
188,2
189,4
190,3
191,2
192,1
193,10
194,5
195,4
196,1
197,7
198,1
199,9
200,2
201,1
202,2
203,1
204,1
205,6
206,4
207,7
208,4
209,2
210,3
211,8
212,4
213,9
214,4
215,11
216,3
217,1
218,5
219,2
220,2
221,6
222,3
223,8
224,7
225,2
226,5
227,13
228,10
229,7
230,2
231,6
232,3
233,1
234,9
235,3
236,1
237,4
238,5
239,1
240,7
241,7
242,9
243,1
244,5
245,5
246,7
247,1
248,6
249,3
250,1
251,9
252,1
253,3
254,6
255,3
256,9
257,2
258,9
259,4
260,6
261,10
262,1
263,1
264,5
265,5
266,2
267,8
268,3
269,1
270,3
271,1
272,6
273,6
274,2
275,2
276,3
277,2
278,2
279,4
280,3
281,2
282,3
283,1
284,1
285,6
286,3
287,2
288,12
289,6
290,2
291,1
292,2
293,2
294,10
295,18
296,1
297,2
298,1
299,3
300,1
301,6
302,9
303,7
304,7
305,7
306,1
307,2
308,1
309,7
310,2
311,12
312,5
313,2
314,7
315,1
316,10
317,4
318,1
319,3
320,2
321,1
322,4
323,5
324,2
325,1
326,1
327,3
328,2
329,12
330,4
331,5
332,6
333,4
334,2
335,5
336,10
337,7
338,9
339,2
340,3
341,1
342,2
343,1
344,5
345,1
346,1
347,2
348,2
349,5
350,8
351,6
352,5
353,5
354,4
355,1
356,1
357,2
358,1
359,4
360,4
361,1
362,1
363,4
364,7
365,6
366,2
367,7
368,6
369,3
370,8
371,12
372,2
373,3
374,4
375,1
376,2
377,1
378,1
379,8
380,1
381,2
382,2
383,1
384,7
385,5
386,2
387,7
388,5
389,2
390,11
391,1
392,2
393,7
394,6
395,5
396,3
397,1
398,2
399,10
400,1
401,2
402,2
403,2
404,5
405,3
406,3
407,1
408,1
409,5
410,3
411,5
412,1
413,3
414,1
415,1
416,1
417,6
418,1
419,1
420,2
421,1
422,12
423,1
424,1
425,7
426,6
427,1
428,6
429,4
430,4
431,4
432,1
433,3
434,10
435,1
436,8
437,1
438,6
439,2
440,1
441,10
442,1
443,6
444,9
445,6
446,2
447,6
448,2
449,1
450,3
451,6
452,15
453,4
454,2
455,2
456,8
457,5
458,1
459,1
460,2
461,4
462,11
463,5
464,2
465,3
466,2
467,19
468,1
469,3
470,8
471,3
472,1
473,2
474,4
475,3
476,1
477,3
478,9
479,3
480,4
481,9
482,4
483,6
484,2
485,3
486,8
487,1
488,1
489,1
490,3
491,5
492,3
493,1
494,7
495,4
496,5
497,5
498,9
499,1
500,2
501,2
502,5
503,2
504,5
505,2
506,2
507,1
508,2
509,3
510,1
511,1
512,3
513,1
514,8
515,3
516,3
517,1
518,4
519,6
520,3
521,5
522,7
523,12
524,6
525,4
526,2
527,4
528,16
529,5
530,1
531,2
532,9
533,2
534,5
535,2
536,2
537,2
538,7
539,4
540,12
541,1
542,1
543,1
544,4
545,4
546,3
547,3
548,3
549,1
550,2
551,3
552,3
553,4
554,1
555,8
556,3
557,1
558,1
559,6
560,7
561,1
562,19
563,1
564,1
565,1
566,1
567,1
568,2
569,5
570,4
571,4
572,1
573,13
574,2
575,2
576,1
577,3
578,2
579,2
580,3
581,3
582,3
583,2
584,2
585,4
586,1
587,1
588,1
589,4
590,1
591,11
592,8
593,1
594,4
595,1
596,6
597,1
598,5
599,2
600,3
601,1
602,3
603,1
604,2
605,1
606,8
607,2
608,7
609,1
610,3
611,6
612,5
613,2
614,4
615,2
616,2
617,2
618,5
619,11
620,1
621,1
622,1
623,3
624,4
625,1
626,1
627,13
628,2
629,2
630,1
631,18
632,6
633,2
634,4
635,8
636,1
637,18
638,4
639,6
640,6
641,1
642,3
643,8
644,7
645,20
646,11
647,3
648,1
649,2
650,7
651,4
652,3
653,1
654,7
655,18
656,1
657,2
658,7
659,1
660,5
661,4
662,5
663,3
664,2
665,16
666,4
667,7
668,8
669,7
670,7
671,7
672,10
673,5
674,5
675,8
676,5
677,1
678,9
679,3
680,24
681,2
682,6
683,8
684,5
685,1
686,14
687,7
688,6
689,7
690,3
691,3
692,6
693,6
694,1
695,4
696,2
697,5
698,2
699,1
700,17
701,2
702,22
703,6
704,2
705,3
706,6
707,6
708,4
709,8
710,1
711,22
712,4
713,2
714,5
715,3
716,8
717,5
718,19
719,6
720,24
721,3
722,3
723,6
724,13
725,2
726,1
727,9
728,7
729,13
730,2
731,3
732,1
733,1
734,6
735,2
736,4
737,4
738,1
739,3
740,1
741,4
742,6
743,2
744,8
745,8
746,8
747,5
748,4
749,2
750,4
751,2
752,1
753,1
754,1
755,7
756,2
757,2
758,2
759,1
760,3
761,2
762,1
763,1
764,1
765,2
766,5
767,4
768,3
769,5
770,3
771,2
772,3
773,1
774,3
775,3
776,3
777,2
778,1
779,7
780,1
781,10
782,2
783,16
784,7
785,4
786,5
787,1
788,1
789,2
790,2
791,5
792,4
793,5
794,3
795,5
796,9
797,3
798,1
799,4
800,4
801,7
802,4
803,3
804,1
805,3
806,6
807,1
808,1
809,1
810,3
811,2
812,2
813,12
814,11
815,1
816,4
817,2
818,3
819,3
820,4
821,7
822,17
823,4
824,6
825,1
826,6
827,1
828,7
829,9
830,3
831,1
832,6
833,12
834,3
835,8
836,8
837,3
838,3
839,1
840,2
841,2
842,3
843,1
844,4
845,5
846,5
847,7
848,3
849,1
850,3
851,4
852,14
853,1
854,6
855,14
856,4
857,5
858,2
859,1
860,2
861,1
862,3
863,3
864,3
865,6
866,3
867,1
868,3
869,7
870,3
871,3
872,1
873,1
874,1
875,1
876,8
877,2
878,2
879,5
880,10
881,1
882,2
883,3
884,1
885,2
886,3
887,2
888,9
889,5
890,4
891,8
892,1
893,3
894,5
895,1
896,3
897,2
898,2
899,9
900,1
901,4
902,4
903,3
904,1
905,2
906,3
907,1
908,2
909,2
910,1
911,1
912,2
913,3
914,2
915,2
916,1
917,1
918,8
919,7
920,10
921,1
922,1
923,10
924,3
925,5
926,1
927,2
928,6
929,1
930,1
931,1
932,1
933,4
934,3
935,1
936,6
937,14
938,24
939,1
940,2
941,5
942,4
943,7
944,12
945,4
946,2
947,5
948,3
949,1
950,3
951,2
952,16
953,1
954,10
955,9
956,2
957,3
958,10
959,2
960,4
961,8
962,4
963,1
964,3
965,3
966,7
967,9
968,7
969,2
970,10
971,4
972,11
973,16
974,2
975,6
976,5
977,6
978,4
979,1
980,3
981,11
982,4
983,11
984,15
985,16
986,3
987,5
988,11
989,8
990,3
991,10
992,15
993,5
994,1
995,15
996,8
997,1
998,7
999,15
1000,2
1001,2
1002,8
1003,1
1004,1
1005,18
1006,5
1007,8
1008,5
1009,6
1010,11
1011,5
1012,4
1013,12
1014,4
1015,14
1016,6
1017,6
1018,12
1019,7
1020,9
1021,1
1022,1
1023,1
1024,14
1025,18
1026,5
1027,4
1028,6
1029,9
1030,25
1031,17
1032,29
1033,6
1034,2
1035,1
1036,13
1037,6
1038,16
1039,4
1040,11
1041,4
1042,20
1043,30
1044,3
1045,5
1046,13
1047,2
1048,7
1049,11
1050,5
1051,5
1052,12
1053,14
1054,7
1055,1
1056,1
1057,1
1058,13
1059,14
1060,3
1061,6
1062,40
1063,5
1064,14
1065,3
1066,1
1067,15
1068,2
1069,7
1070,8
1071,8
1072,16
1073,5
1074,6
1075,24
1076,23
1077,1
1078,14
1079,20
1080,6
1081,1
1082,1
1083,5
1084,7
1085,4
1086,6
1087,3
1088,9
1089,12
1090,28
1091,4
1092,11
1093,4
1094,4
1095,15
1096,1
1097,9
1098,3
1099,17
1100,6
1101,2
1102,14
1103,11
1104,4
1105,2
1106,2
1107,7
1108,13
1109,9
1110,5
1111,1
1112,28
1113,29
1114,2
1115,19
1116,11
1117,1
1118,4
1119,3
1120,2
1121,2
1122,5
1123,2
1124,1
1125,6
1126,9
1127,1
1128,2
1129,11
1130,2
1131,3
1132,2
1133,13
1134,10
1135,13
1136,1
1137,8
1138,3
1139,1
1140,5
1141,6
1142,1
1143,6
1144,1
1145,2
1146,2
1147,4
1148,1
1149,25
1150,14
1151,4
1152,10
1153,1
1154,22
1155,18
1156,1
1157,9
1158,1
1159,7
1160,4
1161,3
1162,6
1163,22
1164,8
1165,6
1166,4
1167,11
1168,11
1169,6
1170,4
1171,18
1172,4
1173,1
1174,4
1175,2
1176,12
1177,2
1178,2
1179,7
1180,3
1181,17
1182,4
1183,6
1184,1
1185,10
1186,12
1187,2
1188,6
1189,3
1190,7
1191,5
1192,14
1193,18
1194,2
1195,13
1196,6
1197,1
1198,5
1199,5
1200,13
1201,13
1202,4
1203,9
1204,5
1205,9
1206,1
1207,2
1208,16
1209,17
1210,3
1211,10
1212,13
1213,17
1214,1
1215,1
1216,16
1217,7
1218,3
1219,6
1220,6
1221,6
1222,1
1223,4
1224,21
1225,15
1226,31
1227,1
1228,2
1229,9
1230,20
1231,3
1232,2
1233,9
1234,8
1235,5
1236,1
1237,4
1238,3
1239,22
1240,2
1241,6
1242,3
1243,8
1244,3
1245,6
1246,23
1247,5
1248,8
1249,8
1250,5
1251,2
1252,8
1253,17
1254,7
1255,2
1256,1
1257,13
1258,4
1259,13
1260,6
1261,3
1262,1
1263,2
1264,6
1265,1
1266,4
1267,3
1268,5
1269,1
1270,11
1271,5
1272,1
1273,1
1274,3
1275,3
1276,1
1277,1
1278,11
1279,4
1280,2
1281,9
1282,1
1283,1
1284,4
1285,5
1286,1
1287,1
1288,2
1289,3
1290,1
1291,2
1292,1
1293,7
1294,1
1295,5
1296,7
1297,4
1298,6
1299,3
1300,5
1301,2
1302,5
1303,2
1304,4
1305,6
1306,3
1307,8
1308,5
1309,11
1310,5
1311,2
1312,3
1313,5
1314,2
1315,6
1316,2
1317,4
1318,10
1319,3
1320,1
1321,4
1322,2
1323,2
1324,6
1325,2
1326,1
1327,3
1328,2
1329,3
1330,1
1331,4
1332,2
1333,2
1334,1
1335,2
1336,3
1337,2
1338,7
1339,1
1340,4
1341,2
1342,15
1343,9
1344,6
1345,4
1346,4
1347,4
1348,4
1349,5
1350,1
1351,2
1352,3
1353,2
1354,2
1355,4
1356,4
1357,2
1358,1
1359,3
1360,3
1361,1
1362,1
1363,4
1364,6
1365,1
1366,3
1367,1
1368,2
1369,4
1370,8
1371,8
1372,5
1373,5
1374,1
1375,2
1376,5
1377,1
1378,5
1379,8
1380,5
1381,4
1382,11
1383,6
1384,2
1385,4
1386,3
1387,4
1388,1
1389,2
1390,1
1391,1
1392,12
1393,1
1394,4
1395,2
1396,1
1397,1
1398,4
1399,5
1400,1
1401,3
1402,4
1403,2
1404,1
1405,1
1406,3
1407,8
1408,3
1409,15
1410,2
1411,1
1412,2
1413,14
1414,3
1415,3
1416,1
1417,1
1418,7
1419,4
1420,2
1421,1
1422,2
1423,1
1424,2
1425,2
1426,9
1427,1
1428,1
1429,6
1430,2
1431,3
1432,3
1433,1
1434,4
1435,1
1436,2
1437,1
1438,2
1439,10
1440,3
1441,1
1442,2
1443,8
1444,1
1445,3
1446,1
1447,1
1448,14
1449,3
1450,6
1451,2
1452,2
1453,7
1454,1
1455,1
1456,1
1457,1
1458,3
1459,3
1460,8
1461,3
1462,1
1463,4
1464,1
1465,3
1466,4
1467,7
1468,1
1469,2
1470,8
1471,4
1472,1
1473,4
1474,5
1475,1
1476,1
1477,2
1478,1
1479,3
1480,1
1481,1
1482,6
1483,2
1484,3
1485,1
1486,1
1487,5
1488,2
1489,4
1490,3
1491,10
1492,2
1493,1
1494,10
1495,2
1496,5
1497,1
1498,8
1499,2
1500,2
1501,4
1502,2
1503,1
1504,4
1505,11
1506,12
1507,9
1508,3
1509,5
1510,7
1511,5
1512,18
1513,13
1514,6
1515,17
1516,10
1517,6
1518,1
1519,6
1520,2
1521,5
1522,5
1523,2
1524,1
1525,6
1526,3
1527,1
1528,3
1529,7
1530,5
1531,5
1532,1
1533,7
1534,4
1535,4
1536,5
1537,5
1538,1
1539,4
1540,1
1541,1
1542,2
1543,1
1544,2
1545,1
1546,8
1547,1
1548,2
1549,7
1550,21
1551,4
1552,1
1553,2
1554,10
1555,8
1556,1
1557,2
1558,5
1559,3
1560,1
1561,1
1562,8
1563,3
1564,3
1565,1
1566,1
1567,2
1568,6
1569,2
1570,1
1571,11
1572,13
1573,4
1574,5
1575,2
1576,1
1577,6
1578,1
1579,1
1580,14
1581,1
1582,2
1583,3
1584,1
1585,6
1586,1
1587,3
1588,4
1589,4
1590,7
1591,4
1592,4
1593,8
1594,1
1595,3
1596,1
1597,1
1598,1
1599,6
1600,3
1601,4
1602,7
1603,2
1604,7
1605,2
1606,13
1607,1
1608,9
1609,2
1610,3
1611,7
1612,1
1613,1
1614,2
1615,9
1616,5
1617,3
1618,2
1619,1
1620,18
1621,10
1622,3
1623,3
1624,5
1625,13
1626,4
1627,1
1628,7
1629,13
1630,6
1631,10
1632,1
1633,3
1634,3
1635,6
1636,2
1637,5
1638,4
1639,10
1640,4
1641,6
1642,1
1643,3
1644,3
1645,2
1646,10
1647,11
1648,9
1649,2
1650,11
1651,7
1652,3
1653,7
1654,29
1655,4
1656,3
1657,1
1658,4
1659,8
1660,4
1661,2
1662,9
1663,5
1664,1
1665,3
1666,1
1667,31
1668,2
1669,6
1670,14
1671,12
1672,2
1673,6
1674,1
1675,19
1676,3
1677,3
1678,3
1679,1
1680,6
1681,5
1682,2
1683,10
1684,9
1685,3
1686,13
1687,7
1688,35
1689,1
1690,4
1691,9
1692,7
1693,18
1694,3
1695,22
1696,1
1697,5
1698,4
1699,8
1700,9
1701,11
1702,9
1703,8
1704,11
1705,5
1706,10
1707,16
1708,8
1709,2
1710,1
1711,3
1712,2
1713,1
1714,17
1715,2
1716,1
1717,5
1718,53
1719,2
1720,15
1721,6
1722,6
1723,3
1724,8
1725,14
1726,1
1727,1
1728,17
1729,9
1730,12
1731,10
1732,11
1733,2
1734,3
1735,2
1736,2
1737,7
1738,1
1739,1
1740,1
1741,12
1742,20
1743,7
1744,3
1745,1
1746,8
1747,6
1748,1
1749,6
1750,4
1751,21
1752,9
1753,14
1754,27
1755,1
1756,3
1757,1
1758,5
1759,1
1760,21
1761,17
1762,11
1763,5
1764,1
1765,10
1766,9
1767,5
1768,3
1769,1
1770,1
1771,1
1772,5
1773,2
1774,26
1775,39
1776,2
1777,15
1778,6
1779,13
1780,43
1781,7
1782,12
1783,5
1784,7
1785,8
1786,6
1787,10
1788,14
1789,6
1790,6
1791,3
1792,2
1793,6
1794,49
1795,4
1796,28
1797,9
1798,12
1799,16
1800,2
1801,9
1802,3
1803,26
1804,5
1805,2
1806,5
1807,1
1808,12
1809,24
1810,1
1811,3
1812,1
1813,3
1814,1
1815,10
1816,5
1817,6
1818,2
1819,2
1820,5
1821,7
1822,13
1823,12
1824,8
1825,7
1826,22
1827,1
1828,6
1829,3
1830,4
1831,1
1832,42
1833,6
1834,11
1835,4
1836,8
1837,20
1838,12
1839,4
1840,7
1841,2
1842,4
1843,19
1844,6
1845,39
1846,22
1847,15
1848,12
1849,8
1850,2
1851,1
1852,12
1853,7
1854,13
1855,2
1856,18
1857,1
1858,4
1859,12
1860,5
1861,4
1862,12
1863,24
1864,6
1865,1
1866,1
1867,23
1868,15
1869,30
1870,1
1871,1
1872,8
1873,15
1874,3
1875,34
1876,2
1877,3
1878,3
1879,2
1880,9
1881,1
1882,1
1883,5
1884,2
1885,6
1886,3
1887,4
1888,8
1889,7
1890,41
1891,4
1892,5
1893,1
1894,2
1895,3
1896,2
1897,13
1898,2
1899,3
1900,20
1901,3
1902,3
1903,11
1904,17
1905,4
1906,33
1907,3
1908,4
1909,17
1910,2
1911,3
1912,1
1913,5
1914,5
1915,1
1916,2
1917,5
1918,7
1919,1
1920,3
1921,4
1922,14
1923,2
1924,2
1925,1
1926,8
1927,8
1928,3
1929,7
1930,9
1931,7
1932,1
1933,2
1934,2
1935,12
1936,10
1937,4
1938,5
1939,1
1940,4
1941,5
1942,4
1943,6
1944,3
1945,2
1946,4
1947,1
1948,3
1949,6
1950,10
1951,4
1952,1
1953,4
1954,3
1955,5
1956,1
1957,1
1958,3
1959,4
1960,5
1961,2
1962,5
1963,5
1964,5
1965,3
1966,1
1967,9
1968,17
1969,5
1970,3
1971,2
1972,1
1973,7
1974,4
1975,6
1976,14
1977,5
1978,5
1979,2
1980,2
1981,2
1982,1
1983,1
1984,2
1985,3
1986,3
1987,4
1988,6
1989,6
1990,8
1991,2
1992,2
1993,1
1994,4
1995,1
1996,6
1997,4
1998,4
1999,7
2000,11
2001,7
2002,14
2003,2
2004,9
2005,4
2006,2
2007,2
2008,10
2009,4
2010,16
2011,4
2012,1
2013,1
2014,3
2015,6
2016,6
2017,6
2018,12
2019,1
2020,1
2021,1
2022,10
2023,14
2024,5
2025,9
2026,2
2027,3
2028,2
2029,3
2030,4
2031,6
2032,8
2033,10
2034,1
2035,1
2036,1
2037,1
2038,4
2039,5
2040,5
2041,1
2042,2
2043,1
2044,2
2045,3
2046,14
2047,1
2048,11
2049,4
2050,2
2051,1
2052,6
2053,4
2054,8
2055,8
2056,6
2057,1
2058,2
2059,16
2060,2
2061,8
2062,6
2063,5
2064,1
2065,1
2066,4
2067,3
2068,2
2069,3
2070,5
2071,1
2072,8
2073,8
2074,8
2075,3
2076,3
2077,2
2078,2
2079,8
2080,2
2081,8
2082,4
2083,25
2084,5
2085,7
2086,2
2087,6
2088,7
2089,16
2090,5
2091,1
2092,1
2093,3
2094,1
2095,4
2096,2
2097,6
2098,9
2099,1
2100,11
2101,6
2102,8
2103,10
2104,4
2105,3
2106,1
2107,9
2108,2
2109,2
2110,1
2111,4
2112,9
2113,10
2114,2
2115,3
2116,6
2117,6
2118,4
2119,8
2120,1
2121,16
2122,1
2123,14
2124,19
2125,7
2126,3
2127,1
2128,6
2129,5
2130,1
2131,2
2132,3
2133,1
2134,1
2135,2
2136,1
2137,1
2138,2
2139,3
2140,1
2141,4
2142,1
2143,1
2144,1
2145,4
2146,1
2147,2
2148,1
2149,5
2150,2
2151,4
2152,7
2153,8
2154,1
2155,3
2156,2
2157,8
2158,10
2159,16
2160,3
2161,4
2162,17
2163,5
2164,5
2165,3
2166,1
2167,33
2168,7
2169,17
2170,6
2171,12
2172,5
2173,12
2174,12
2175,20
2176,2
2177,1
2178,6
2179,3
2180,7
2181,2
2182,9
2183,12
2184,17
2185,18
2186,5
2187,6
2188,1
2189,7
2190,8
2191,8
2192,6
2193,4
2194,8
2195,10
2196,1
2197,2
2198,6
2199,1
2200,3
2201,2
2202,2
2203,10
2204,22
2205,5
2206,16
2207,13
2208,17
2209,4
2210,1
2211,5
2212,2
2213,3
2214,2
2215,2
2216,4
2217,12
2218,8
2219,9
2220,5
2221,1
2222,5
2223,8
2224,3
2225,5
2226,2
2227,9
2228,4
2229,1
2230,14
2231,19
2232,5
2233,14
2234,12
2235,11
2236,17
2237,9
2238,8
2239,2
2240,18
2241,5
2242,12
2243,6
2244,2
2245,2
2246,28
2247,9
2248,2
2249,4
2250,12
2251,5
2252,4
2253,7
2254,2
2255,13
2256,11
2257,9
2258,3
2259,5
2260,2
2261,37
2262,5
2263,18
2264,3
2265,5
2266,11
2267,7
2268,16
2269,10
2270,1
2271,3
2272,9
2273,4
2274,6
2275,9
2276,22
2277,23
2278,9
2279,17
2280,1
2281,4
2282,8
2283,53
2284,2
2285,12
2286,2
2287,2
2288,17
2289,3
2290,8
2291,28
2292,44
2293,9
2294,11
2295,8
2296,19
2297,13
2298,8
2299,9
2300,7
2301,2
2302,20
2303,1
2304,4
2305,15
2306,8
2307,6
2308,1
2309,2
2310,2
2311,4
2312,16
2313,16
2314,3
2315,2
2316,13
2317,9
2318,1
2319,19
2320,3
2321,6
2322,17
2323,10
2324,8
2325,5
2326,6
2327,12
2328,7
2329,2
2330,18
2331,5
2332,16
2333,12
2334,1
2335,1
2336,21
2337,19
2338,32
2339,5
2340,12
2341,3
2342,10
2343,2
2344,18
2345,33
2346,3
2347,2
2348,17
2349,3
2350,21
2351,3
2352,4
2353,27
2354,10
2355,2
2356,2
2357,22
2358,1
2359,9
2360,18
2361,6
2362,19
2363,1
2364,39
2365,2
2366,16
2367,15
2368,19
2369,15
2370,4
2371,10
2372,1
2373,23
2374,12
2375,1
2376,25
2377,5
2378,36
2379,18
2380,9
2381,3
2382,14
2383,21
2384,14
2385,16
2386,15
2387,2
2388,25
2389,23
2390,9
2391,11
2392,12
2393,7
2394,22
2395,3
2396,2
2397,9
2398,9
2399,7
2400,2
2401,15
2402,7
2403,14
2404,3
2405,23
2406,26
2407,16
2408,39
2409,44
2410,2
2411,58
2412,25
2413,24
2414,3
2415,26
2416,23
2417,19
2418,14
2419,57
2420,3
2421,3
2422,9
2423,1
2424,11
2425,9
2426,7
2427,3
2428,4
2429,3
2430,1
2431,34
2432,12
2433,5
2434,1
2435,1
2436,18
2437,1
2438,2
2439,27
2440,1
2441,3
2442,4
2443,11
2444,7
2445,9
2446,23
2447,25
2448,8
2449,27
2450,4
2451,7
2452,4
2453,18
2454,21
2455,46
2456,20
2457,14
2458,39
2459,25
2460,20
2461,6
2462,4
2463,4
2464,13
2465,3
2466,2
2467,18
2468,7
2469,10
2470,7
2471,9
2472,11
2473,45
2474,29
2475,7
2476,18
2477,5
2478,32
2479,27
2480,3
2481,6
2482,20
2483,3
2484,13
2485,16
2486,5
2487,3
2488,43
2489,8
2490,50
2491,6
2492,7
2493,19
2494,3
2495,2
2496,28
2497,3
2498,12
2499,13
2500,8
2501,1
2502,26
2503,36
2504,4
2505,1
2506,2
2507,1
2508,19
2509,22
2510,32
2511,5
2512,10
2513,9
2514,12
2515,30
2516,11
2517,13
2518,1
2519,18
2520,6
2521,30
2522,15
2523,1
2524,8
2525,18
2526,27
2527,14
2528,2
2529,14
2530,5
2531,2
2532,45
2533,1
2534,30
2535,20
2536,3
2537,25
2538,45
2539,13
2540,6
2541,22
2542,22
2543,1
2544,30
2545,15
2546,22
2547,4
2548,1
2549,13
2550,36
2551,8
2552,5
2553,26
2554,25
2555,10
2556,5
2557,18
2558,19
2559,10
2560,16
2561,20
2562,11
2563,11
2564,6
2565,54
2566,18
2567,11
2568,2
2569,1
2570,70
2571,11
2572,20
2573,30
2574,15
2575,17
2576,12
2577,10
2578,4
2579,3
2580,28
2581,14
2582,19
2583,3
2584,15
2585,22
2586,1
2587,19
2588,14
2589,4
2590,1
2591,2
2592,49
2593,7
2594,17
2595,21
2596,61
2597,37
2598,17
2599,8
2600,16
2601,11
2602,26
2603,28
2604,28
2605,18
2606,8
2607,27
2608,13
2609,23
2610,4
2611,11
2612,33
2613,74
2614,27
2615,3
2616,30
2617,6
2618,6
2619,5
2620,12
2621,17
2622,33
2623,6
2624,6
2625,17
2626,1
2627,35
2628,7
2629,12
2630,10
2631,5
2632,8
2633,11
2634,13
2635,41
2636,7
2637,9
2638,8
2639,23
2640,13
2641,14
2642,13
2643,2
2644,32
2645,2
2646,17
2647,9
2648,37
2649,26
2650,25
2651,39
2652,10
2653,18
2654,17
2655,13
2656,15
2657,1
2658,18
2659,5
2660,3
2661,17
2662,19
2663,61
2664,12
2665,7
2666,2
2667,8
2668,2
2669,2
2670,19
2671,2
2672,16
2673,11
2674,29
2675,5
2676,19
2677,29
2678,14
2679,6
2680,4
2681,19
2682,2
2683,14
2684,2
2685,16
2686,2
2687,8
2688,8
2689,3
2690,17
2691,1
2692,1
2693,5
2694,9
2695,6
2696,1
2697,12
2698,13
2699,3
2700,14
2701,23
2702,9
2703,6
2704,20
2705,17
2706,3
2707,14
2708,2
2709,11
2710,32
2711,12
2712,3
2713,4
2714,1
2715,4
2716,11
2717,20
2718,25
2719,10
2720,25
2721,19
2722,15
2723,18
2724,3
2725,3
2726,7
2727,39
2728,13
2729,5
2730,16
2731,1
2732,8
2733,3
2734,13
2735,8
2736,11
2737,5
2738,8
2739,8
2740,14
2741,22
2742,1
2743,22
2744,5
2745,6
2746,14
2747,12
2748,12
2749,4
2750,41
2751,13
2752,3
2753,39
2754,16
2755,25
2756,31
2757,13
2758,19
2759,15
2760,17
2761,50
2762,8
2763,5
2764,2
2765,12
2766,3
2767,1
2768,4
2769,12
2770,17
2771,7
2772,3
2773,14
2774,11
2775,2
2776,16
2777,9
2778,2
2779,2
2780,9
2781,8
2782,28
2783,3
2784,11
2785,8
2786,20
2787,2
2788,19
2789,14
2790,6
2791,2
2792,6
2793,13
2794,11
2795,27
2796,14
2797,40
2798,19
2799,11
2800,5
2801,9
2802,12
2803,1
2804,35
2805,3
2806,7
2807,17
2808,1
2809,9
2810,3
2811,9
2812,5
2813,28
2814,1
2815,2
2816,9
2817,4
2818,16
2819,24
2820,11
2821,4
2822,4
2823,5
2824,5
2825,37
2826,14
2827,5
2828,5
2829,1
2830,2
2831,4
2832,9
2833,1
2834,12
2835,19
2836,1
2837,7
2838,7
2839,14
2840,27
2841,1
2842,1
2843,1
2844,5
2845,9
2846,1
2847,2
2848,15
2849,13
2850,4
2851,8
2852,3
2853,19
2854,6
2855,9
2856,2
2857,1
2858,6
2859,3
2860,8
2861,8
2862,1
2863,26
2864,19
2865,4
2866,6
2867,4
2868,5
2869,4
2870,6
2871,4
2872,4
2873,23
2874,1
2875,1
2876,2
2877,6
2878,15
2879,3
2880,12
2881,9
2882,1
2883,19
2884,6
2885,20
2886,12
2887,7
2888,5
2889,15
2890,2
2891,15
2892,27
2893,16
2894,1
2895,11
2896,10
2897,2
2898,6
2899,5
2900,1
2901,1
2902,9
2903,4
2904,5
2905,8
2906,6
2907,26
2908,24
2909,16
2910,2
2911,1
2912,3
2913,9
2914,5
2915,3
2916,3
2917,7
2918,18
2919,4
2920,1
2921,5
2922,3
2923,1
2924,9
2925,1
2926,3
2927,10
2928,1
2929,13
2930,6
2931,1
2932,2
2933,2
2934,4
2935,3
2936,3
2937,2
2938,11
2939,12
2940,18
2941,3
2942,10
2943,11
2944,1
2945,2
2946,3
2947,6
2948,12
2949,2
2950,1
2951,1
2952,1
2953,7
2954,2
2955,2
2956,10
2957,3
2958,5
2959,4
2960,5
2961,2
2962,3
2963,16
2964,3
2965,4
2966,4
2967,12
2968,10
2969,4
2970,12
2971,1
2972,9
2973,9
2974,2
2975,1
2976,4
2977,4
2978,20
2979,7
2980,5
2981,6
2982,5
2983,14
2984,1
2985,2
2986,6
2987,14
2988,4
2989,2
2990,3
2991,5
2992,8
2993,4
2994,19
2995,2
2996,4
2997,6
2998,19
2999,6
3000,5
3001,21
3002,9
3003,1
3004,7
3005,26
3006,2
3007,3
3008,3
3009,10
3010,1
3011,2
3012,1
3013,17
3014,2
3015,14
3016,3
3017,3
3018,11
3019,2
3020,2
3021,8
3022,8
3023,25
3024,17
3025,2
3026,5
3027,11
3028,2
3029,1
3030,1
3031,1
3032,4
3033,7
3034,11
3035,5
3036,7
3037,2
3038,7
3039,11
3040,1
3041,1
3042,3
3043,4
3044,3
3045,2
3046,1
3047,2
3048,4
3049,10
3050,2
3051,3
3052,13
3053,7
3054,6
3055,3
3056,7
3057,19
3058,3
3059,7
3060,7
3061,7
3062,12
3063,9
3064,7
3065,21
3066,3
3067,7
3068,6
3069,4
3070,8
3071,9
3072,12
3073,4
3074,2
3075,6
3076,10
3077,3
3078,4
3079,5
3080,12
3081,7
3082,3
3083,6
3084,2
3085,15
3086,3
3087,4
3088,23
3089,4
3090,10
3091,1
3092,21
3093,14
3094,11
3095,4
3096,5
3097,12
3098,8
3099,6
3100,22
3101,34
3102,12
3103,3
3104,5
3105,7
3106,14
3107,20
3108,2
3109,4
3110,5
3111,3
3112,6
3113,8
3114,38
3115,14
3116,10
3117,2
3118,12
3119,19
3120,11
3121,3
3122,5
3123,5
3124,8
3125,7
3126,3
3127,8
3128,17
3129,4
3130,16
3131,24
3132,2
3133,8
3134,9
3135,2
3136,14
3137,3
3138,7
3139,2
3140,5
3141,3
3142,13
3143,1
3144,8
3145,1
3146,7
3147,7
3148,3
3149,10
3150,18
3151,5
3152,11
3153,22
3154,2
3155,2
3156,24
3157,2
3158,14
3159,4
3160,6
3161,1
3162,8
3163,1
3164,4
3165,4
3166,8
3167,2
3168,1
3169,4
3170,28
3171,3
3172,15
3173,30
3174,6
3175,4
3176,1
3177,11
3178,1
3179,2
3180,2
3181,9
3182,6
3183,11
3184,1
3185,4
3186,1
3187,5
3188,2
3189,3
3190,13
3191,2
3192,1
3193,9
3194,22
3195,1
3196,4
3197,11
3198,3
3199,2
3200,6
3201,20
3202,24
3203,1
3204,18
3205,2
3206,23
3207,2
3208,5
3209,5
3210,11
3211,7
3212,3
3213,16
3214,21
3215,10
3216,14
3217,7
3218,10
3219,26
3220,16
3221,9
3222,7
3223,3
3224,5
3225,6
3226,15
3227,4
3228,2
3229,2
3230,10
3231,3
3232,2
3233,4
3234,13
3235,6
3236,7
3237,10
3238,15
3239,8
3240,3
3241,8
3242,1
3243,1
3244,1
3245,4
3246,11
3247,5
3248,3
3249,7
3250,1
3251,6
3252,15
3253,3
3254,7
3255,8
3256,10
3257,7
3258,1
3259,3
3260,6
3261,10
3262,2
3263,2
3264,3
3265,6
3266,4
3267,4
3268,18
3269,1
3270,3
3271,1
3272,5
3273,3
3274,1
3275,2
3276,1
3277,1
3278,7
3279,1
3280,6
3281,9
3282,2
3283,4
3284,7
3285,1
3286,1
3287,12
3288,4
3289,7
3290,1
3291,1
3292,1
3293,2
3294,1
3295,2
3296,4
3297,2
3298,1
3299,3
3300,9
3301,4
3302,3
3303,8
3304,1
3305,2
3306,1
3307,7
3308,1
3309,1
3310,2
3311,5
3312,4
3313,2
3314,1
3315,9
3316,5
3317,3
3318,3
3319,3
3320,1
3321,4
3322,3
3323,6
3324,2
3325,2
3326,7
3327,3
3328,1
3329,5
3330,3
3331,13
3332,2
3333,4
3334,1
3335,3
3336,3
3337,2
3338,4
3339,4
3340,6
3341,1
3342,1
3343,1
3344,2
3345,1
3346,5
3347,10
3348,1
3349,5
3350,8
3351,7
3352,2
3353,4
3354,2
3355,4
3356,3
3357,9
3358,3
3359,2
3360,4
3361,2
3362,1
3363,1
3364,7
3365,8
3366,4
3367,2
3368,1
3369,13
3370,2
3371,9
3372,1
3373,8
3374,3
3375,4
3376,6
3377,6
3378,15
3379,4
3380,3
3381,4
3382,1
3383,13
3384,5
3385,5
3386,4
3387,1
3388,5
3389,5
3390,3
3391,9
3392,4
3393,2
3394,3
3395,4
3396,1
3397,5
3398,10
3399,13
3400,4
3401,2
3402,5
3403,2
3404,1
3405,3
3406,2
3407,7
3408,3
3409,14
3410,5
3411,2
3412,2
3413,3
3414,1
3415,14
3416,6
3417,10
3418,12
3419,4
3420,5
3421,7
3422,1
3423,1
3424,15
3425,3
3426,5
3427,5
3428,1
3429,5
3430,5
3431,12
3432,2
3433,2
3434,1
3435,6
3436,1
3437,5
3438,1
3439,3
3440,7
3441,2
3442,2
3443,5
3444,2
3445,8
3446,10
3447,1
3448,3
3449,4
3450,13
3451,1
3452,5
3453,1
3454,3
3455,2
3456,3
3457,4
3458,1
3459,3
3460,1
3461,1
3462,5
3463,1
3464,3
3465,3
3466,7
3467,5
3468,4
3469,1
3470,2
3471,1
3472,2
3473,1
3474,6
3475,2
3476,1
3477,4
3478,2
3479,1
3480,2
3481,3
3482,1
3483,2
3484,5
3485,1
3486,1
3487,2
3488,2
3489,2
3490,5
3491,1
3492,1
3493,3
3494,2
3495,3
3496,5
3497,1
3498,1
3499,8
3500,2
3501,6
3502,9
3503,5
3504,1
3505,1
3506,3
3507,2
3508,1
3509,2
3510,2
3511,3
3512,2
3513,1
3514,1
3515,3
3516,6
3517,6
3518,7
3519,2
3520,2
3521,6
3522,1
3523,5
3524,12
3525,5
3526,3
3527,2
3528,1
3529,4
3530,3
3531,2
3532,2
3533,5
3534,1
3535,5
3536,2
3537,3
3538,2
3539,1
3540,5
3541,1
3542,2
3543,1
3544,7
3545,3
3546,2
3547,2
3548,1
3549,4
3550,2
3551,1
3552,4
3553,2
3554,4
3555,9
3556,1
3557,4
3558,2
3559,1
3560,3
3561,2
3562,1
3563,1
3564,1
3565,2
3566,5
3567,1
3568,5
3569,1
3570,2
3571,2
3572,1
3573,1
3574,1
3575,5
3576,5
3577,1
3578,1
3579,1
3580,1
3581,3
3582,2
3583,2
3584,1
3585,1
3586,1
3587,2
3588,5
3589,1
3590,1
3591,1
3592,1
3593,1
3594,5
3595,2
3596,5
3597,1
3598,3
3599,2
3600,2
3601,3
3602,4
3603,7
3604,1
3605,2
3606,5
3607,2
3608,10
3609,4
3610,1
3611,8
3612,1
3613,3
3614,1
3615,2
3616,3
3617,6
3618,3
3619,3
3620,4
3621,4
3622,2
3623,7
3624,4
3625,1
3626,1
3627,4
3628,1
3629,8
3630,2
3631,1
3632,1
3633,7
3634,1
3635,4
3636,1
3637,3
3638,1
3639,2
3640,6
3641,1
3642,1
3643,1
3644,6
3645,3
3646,1
3647,1
3648,1
3649,2
3650,2
3651,2
3652,1
3653,3
3654,1
3655,3
3656,1
3657,2
3658,2
3659,9
3660,2
3661,1
3662,1
3663,1
3664,2
3665,1
3666,4
3667,4
3668,3
3669,2
3670,5
3671,3
3672,4
3673,4
3674,2
3675,1
3676,7
3677,5
3678,1
3679,5
3680,2
3681,3
3682,1
3683,1
3684,2
3685,8
3686,2
3687,1
3688,5
3689,1
3690,1
3691,4
3692,2
3693,2
3694,1
3695,3
3696,2
3697,2
3698,1
3699,1
3700,3
3701,9
3702,2
3703,3
3704,2
3705,3
3706,1
3707,2
3708,1
3709,1
3710,4
3711,3
3712,4
3713,1
3714,1
3715,1
3716,2
3717,1
3718,4
3719,2
3720,4
3721,1
3722,2
3723,1
3724,5
3725,1
3726,1
3727,9
3728,1
3729,2
3730,1
3731,2
3732,3
3733,2
3734,7
3735,5
3736,3
3737,3
3738,1
3739,3
3740,5
3741,7
3742,1
3743,1
3744,2
3745,1
3746,4
3747,3
3748,5
3749,4
3750,1
3751,1
3752,3
3753,1
3754,1
3755,2
3756,5
3757,6
3758,1
3759,1
3760,1
3761,2
3762,8
3763,3
3764,4
3765,5
3766,3
3767,2
3768,10
3769,3
3770,9
3771,3
3772,1
3773,6
3774,4
3775,1
3776,2
3777,1
3778,1
3779,4
3780,3
3781,8
3782,9
3783,1
3784,3
3785,3
3786,4
3787,3
3788,2
3789,2
3790,3
3791,4
3792,1
3793,1
3794,6
3795,5
3796,1
3797,1
3798,2
3799,1
3800,3
3801,2
3802,3
3803,4
3804,2
3805,1
3806,1
3807,1
3808,2
3809,2
3810,1
3811,2
3812,1
3813,1
3814,2
3815,2
3816,1
3817,5
3818,4
3819,4
3820,1
3821,6
3822,2
3823,2
3824,1
3825,3
3826,2
3827,3
3828,1
3829,1
3830,1
3831,1
3832,9
3833,2
3834,6
3835,4
3836,1
3837,1
3838,2
3839,1
3840,2
3841,1
3842,2
3843,1
3844,4
3845,4
3846,8
3847,1
3848,3
3849,9
3850,2
3851,4
3852,2
3853,1
3854,3
3855,3
3856,1
3857,1
3858,1
3859,2
3860,4
3861,4
3862,1
3863,2
3864,1
3865,1
3866,2
3867,1
3868,1
3869,4
3870,5
3871,2
3872,2
3873,8
3874,1
3875,2
3876,3
3877,6
3878,2
3879,1
3880,5
3881,6
3882,2
3883,1
3884,2
3885,3
3886,3
3887,2
3888,5
3889,2
3890,1
3891,3
3892,1
3893,1
3894,7
3895,8
3896,2
3897,2
3898,9
3899,6
3900,1
3901,24
3902,4
3903,5
3904,29
3905,9
3906,8
3907,6
3908,3
3909,1
3910,2
3911,1
3912,4
3913,1
3914,5
3915,5
3916,12
3917,27
3918,8
3919,3
3920,2
3921,1
3922,3
3923,12
3924,17
3925,5
3926,6
3927,20
3928,12
3929,9
3930,1
3931,16
3932,2
3933,1
3934,5
3935,8
3936,6
3937,2
3938,7
3939,33
3940,4
3941,8
3942,6
3943,3
3944,15
3945,6
3946,20
3947,23
3948,9
3949,5
3950,15
3951,3
3952,4
3953,3
3954,14
3955,7
3956,3
3957,3
3958,5
3959,2
3960,1
3961,12
3962,4
3963,11
3964,10
3965,2
3966,17
3967,9
3968,3
3969,2
3970,3
3971,3
3972,2
3973,7
3974,2
3975,1
3976,4
3977,2
3978,2
3979,2
3980,5
3981,7
3982,1
3983,9
3984,7
3985,8
3986,1
3987,10
3988,5
3989,2
3990,7
3991,3
3992,5
3993,8
3994,3
3995,8
3996,4
3997,6
3998,1
3999,2
4000,1
4001,8
4002,4
4003,7
4004,4
4005,2
4006,1
4007,3
4008,2
4009,1
4010,4
4011,4
4012,4
4013,5
4014,3
4015,2
4016,2
4017,2
4018,1
4019,3
4020,1
4021,5
4022,2
4023,5
4024,16
4025,2
4026,1
4027,15
4028,14
4029,6
4030,11
4031,5
4032,4
4033,4
4034,1
4035,5
4036,1
4037,2
4038,3
4039,2
4040,2
4041,1
4042,22
4043,5
4044,11
4045,14
4046,2
4047,1
4048,5
4049,14
4050,4
4051,11
4052,7
4053,6
4054,6
4055,8
4056,6
4057,6
4058,2
4059,8
4060,6
4061,10
4062,1
4063,5
4064,10
4065,3
4066,3
4067,6
4068,4
4069,7
4070,1
4071,3
4072,3
4073,4
4074,2
4075,10
4076,3
4077,5
4078,5
4079,8
4080,3
4081,6
4082,1
4083,6
4084,5
4085,5
4086,1
4087,1
4088,11
4089,11
4090,5
4091,6
4092,1
4093,4
4094,1
4095,1
4096,1
4097,17
4098,4
4099,26
4100,2
4101,1
4102,12
4103,10
4104,5
4105,1
4106,1
4107,1
4108,3
4109,2
4110,1
4111,1
4112,3
4113,1
4114,1
4115,5
4116,2
4117,1
4118,9
4119,1
4120,7
4121,7
4122,4
4123,1
4124,1
4125,1
4126,2
4127,3
4128,2
4129,3
4130,2
4131,3
4132,6
4133,7
4134,2
4135,2
4136,3
4137,2
4138,18
4139,20
4140,10
4141,9
4142,10
4143,6
4144,4
4145,1
4146,3
4147,4
4148,7
4149,2
4150,1
4151,4
4152,3
4153,13
4154,7
4155,1
4156,2
4157,7
4158,1
4159,1
4160,8
4161,1
4162,1
4163,3
4164,4
4165,10
4166,2
4167,10
4168,4
4169,6
4170,4
4171,1
4172,2
4173,6
4174,28
4175,10
4176,5
4177,5
4178,4
4179,1
4180,2
4181,5
4182,2
4183,3
4184,3
4185,4
4186,1
4187,4
4188,2
4189,15
4190,2
4191,2
4192,8
4193,3
4194,3
4195,9
4196,26
4197,4
4198,8
4199,11
4200,3
4201,1
4202,4
4203,3
4204,9
4205,23
4206,18
4207,17
4208,9
4209,1
4210,10
4211,2
4212,3
4213,4
4214,14
4215,2
4216,2
4217,3
4218,12
4219,1
4220,8
4221,5
4222,15
4223,1
4224,4
4225,6
4226,1
4227,1
4228,8
4229,1
4230,6
4231,2
4232,17
4233,3
4234,4
4235,9
4236,15
4237,8
4238,2
4239,4
4240,3
4241,4
4242,8
4243,1
4244,10
4245,5
4246,9
4247,1
4248,4
4249,17
4250,7
4251,4
4252,3
4253,1
4254,2
4255,1
4256,5
4257,15
4258,1
4259,12
4260,1
4261,2
4262,4
4263,6
4264,1
4265,4
4266,7
4267,1
4268,2
4269,5
4270,2
4271,1
4272,6
4273,5
4274,3
4275,1
4276,3
4277,1
4278,4
4279,1
4280,1
4281,1
4282,1
4283,10
4284,3
4285,3
4286,4
4287,3
4288,3
4289,3
4290,4
4291,6
4292,7
4293,2
4294,6
4295,1
4296,3
4297,4
4298,7
4299,1
4300,4
4301,3
4302,5
4303,5
4304,7
4305,1
4306,3
4307,1
4308,2
4309,2
4310,8
4311,1
4312,1
4313,1
4314,5
4315,7
4316,2
4317,8
4318,3
4319,3
4320,1
4321,1
4322,5
4323,5
4324,7
4325,1
4326,2
4327,1
4328,1
4329,2
4330,9
4331,4
4332,8
4333,1
4334,1
4335,3
4336,1
4337,3
4338,3
4339,2
4340,1
4341,7
4342,2
4343,4
4344,9
4345,2
4346,1
4347,11
4348,6
4349,1
4350,4
4351,3
4352,2
4353,10
4354,2
4355,4
4356,2
4357,4
4358,6
4359,7
4360,5
4361,1
4362,2
4363,5
4364,3
4365,1
4366,3
4367,2
4368,8
4369,1
4370,4
4371,3
4372,2
4373,2
4374,2
4375,1
4376,4
4377,5
4378,1
4379,1
4380,3
4381,8
4382,2
4383,6
4384,4
4385,1
4386,1
4387,1
4388,2
4389,6
4390,1
4391,3
4392,2
4393,2
4394,2
4395,5
4396,1
4397,1
4398,4
4399,3
4400,4
4401,2
4402,2
4403,4
4404,6
4405,3
4406,8
4407,4
4408,1
4409,4
4410,2
4411,3
4412,2
4413,5
4414,1
4415,1
4416,3
4417,4
4418,2
4419,2
4420,3
4421,3
4422,3
4423,2
4424,3
4425,1
4426,1
4427,1
4428,7
4429,4
4430,4
4431,3
4432,18
4433,3
4434,1
4435,2
4436,1
4437,1
4438,3
4439,1
4440,3
4441,5
4442,6
4443,2
4444,3
4445,2
4446,4
4447,7
4448,2
4449,1
4450,1
4451,6
4452,1
4453,5
4454,6
4455,1
4456,2
4457,2
4458,3
4459,3
4460,1
4461,1
4462,8
4463,4
4464,2
4465,13
4466,3
4467,2
4468,2
4469,3
4470,1
4471,2
4472,5
4473,2
4474,1
4475,2
4476,5
4477,7
4478,4
4479,1
4480,9
4481,1
4482,1
4483,5
4484,1
4485,2
4486,3
4487,4
4488,9
4489,2
4490,5
4491,7
4492,4
4493,4
4494,1
4495,1
4496,1
4497,2
4498,1
4499,5
4500,2
4501,3
4502,4
4503,3
4504,3
4505,4
4506,4
4507,1
4508,4
4509,2
4510,7
4511,3
4512,7
4513,1
4514,2
4515,1
4516,4
4517,7
4518,1
4519,1
4520,11
4521,1
4522,6
4523,1
4524,2
4525,4
4526,1
4527,2
4528,3
4529,2
4530,3
4531,2
4532,2
4533,1
4534,1
4535,1
4536,2
4537,3
4538,1
4539,3
4540,4
4541,3
4542,1
4543,1
4544,8
4545,4
4546,5
4547,2
4548,6
4549,1
4550,1
4551,3
4552,9
4553,4
4554,2
4555,1
4556,1
4557,3
4558,7
4559,2
4560,2
4561,1
4562,3
4563,6
4564,3
4565,2
4566,1
4567,1
4568,5
4569,6
4570,1
4571,3
4572,1
4573,3
4574,1
4575,1
4576,1
4577,1
4578,2
4579,2
4580,1
4581,6
4582,3
4583,1
4584,3
4585,4
4586,2
4587,1
4588,4
4589,3
4590,1
4591,11
4592,4
4593,3
4594,7
4595,4
4596,1
4597,3
4598,6
4599,1
4600,10
4601,3
4602,13
4603,5
4604,10
4605,1
4606,6
4607,1
4608,8
4609,8
4610,1
4611,2
4612,2
4613,5
4614,1
4615,5
4616,6
4617,5
4618,1
4619,1
4620,1
4621,1
4622,33
4623,4
4624,8
4625,4
4626,8
4627,15
4628,9
4629,15
4630,12
4631,4
4632,16
4633,15
4634,15
4635,4
4636,17
4637,6
4638,4
4639,3
4640,7
4641,25
4642,3
4643,4
4644,2
4645,22
4646,21
4647,5
4648,1
4649,17
4650,12
4651,6
4652,23
4653,10
4654,5
4655,7
4656,9
4657,7
4658,2
4659,14
4660,4
4661,7
4662,6
4663,5
4664,24
4665,2
4666,16
4667,3
4668,36
4669,14
4670,9
4671,16
4672,8
4673,1
4674,2
4675,4
4676,12
4677,3
4678,1
4679,59
4680,14
4681,21
4682,10
4683,4
4684,1
4685,4
4686,3
4687,1
4688,3
4689,18
4690,1
4691,7
4692,3
4693,15
4694,20
4695,10
4696,8
4697,3
4698,8
4699,1
4700,10
4701,1
4702,5
4703,2
4704,5
4705,2
4706,3
4707,9
4708,13
4709,7
4710,3
4711,10
4712,6
4713,1
4714,4
4715,4
4716,2
4717,2
4718,9
4719,7
4720,2
4721,12
4722,8
4723,8
4724,4
4725,1
4726,8
4727,1
4728,6
4729,2
4730,3
4731,11
4732,2
4733,11
4734,3
4735,4
4736,10
4737,5
4738,3
4739,3
4740,6
4741,2
4742,11
4743,9
4744,8
4745,5
4746,7
4747,8
4748,4
4749,11
4750,5
4751,6
4752,9
4753,4
4754,4
4755,6
4756,11
4757,2
4758,5
4759,6
4760,4
4761,2
4762,2
4763,14
4764,4
4765,1
4766,2
4767,1
4768,9
4769,2
4770,6
4771,1
4772,4
4773,1
4774,8
4775,4
4776,3
4777,7
4778,1
4779,6
4780,9
4781,5
4782,4
4783,2
4784,10
4785,2
4786,2
4787,5
4788,4
4789,5
4790,5
4791,1
4792,11
4793,7
4794,9
4795,4
4796,4
4797,5
4798,3
4799,6
4800,3
4801,8
4802,9
4803,5
4804,9
4805,14
4806,15
4807,1
4808,20
4809,11
4810,11
4811,19
4812,17
4813,10
4814,22
4815,13
4816,5
4817,2
4818,10
4819,5
4820,6
4821,3
4822,1
4823,6
4824,10
4825,12
4826,4
4827,2
4828,15
4829,4
4830,15
4831,14
4832,2
4833,12
4834,6
4835,1
4836,9
4837,19
4838,31
4839,37
4840,15
4841,11
4842,1
4843,9
4844,1
4845,9
4846,25
4847,1
4848,13
4849,9
4850,6
4851,1
4852,22
4853,3
4854,6
4855,4
4856,7
4857,2
4858,5
4859,6
4860,1
4861,3
4862,1
4863,6
4864,7
4865,17
4866,13
4867,2
4868,2
4869,3
4870,4
4871,2
4872,3
4873,10
4874,1
4875,1
4876,15
4877,16
4878,39
4879,5
4880,12
4881,5
4882,9
4883,7
4884,1
4885,4
4886,6
4887,10
4888,10
4889,2
4890,9
4891,2
4892,2
4893,3
4894,1
4895,3
4896,2
4897,7
4898,12
4899,1
4900,7
4901,1
4902,2
4903,1
4904,2
4905,6
4906,5
4907,7
4908,2
4909,3
4910,3
4911,4
4912,2
4913,5
4914,2
4915,1
4916,1
4917,1
4918,7
4919,3
4920,3
4921,3
4922,1
4923,3
4924,1
4925,2
4926,2
4927,2
4928,2
4929,3
4930,2
4931,5
4932,2
4933,1
4934,1
4935,5
4936,2
4937,3
4938,6
4939,5
4940,2
4941,1
4942,2
4943,4
4944,2
4945,3
4946,3
4947,1
4948,2
4949,4
4950,1
4951,3
4952,2
4953,2
4954,2
4955,7
4956,1
4957,1
4958,1
4959,1
4960,3
4961,7
4962,4
4963,1
4964,12
4965,3
4966,1
4967,3
4968,1
4969,4
4970,1
4971,6
4972,2
4973,1
4974,5
4975,4
4976,1
4977,1
4978,3
4979,1
4980,1
4981,1
4982,9
4983,2
4984,1
4985,7
4986,6
4987,13
4988,5
4989,1
4990,4
4991,4
4992,8
4993,4
4994,4
4995,2
4996,2
4997,2
4998,1
4999,2
5000,2
5001,1
5002,1
5003,2
5004,1
5005,5
5006,5
5007,2
5008,1
5009,5
5010,2
5011,2
5012,1
5013,2
5014,1
5015,5
5016,1
5017,1
5018,4
5019,2
5020,1
5021,1
5022,2
5023,2
5024,1
5025,7
5026,9
5027,4
5028,2
5029,1
5030,2
5031,1
5032,4
5033,2
5034,4
5035,1
5036,1
5037,2
5038,1
5039,1
5040,1
5041,1
5042,1
5043,1
5044,1
5045,1
5046,1
5047,4
5048,4
5049,3
5050,3
5051,2
5052,4
5053,4
5054,2
5055,1
5056,7
5057,3
5058,1
5059,4
5060,3
5061,2
5062,1
5063,2
5064,4
5065,6
5066,1
5067,1
5068,5
5069,2
5070,2
5071,1
5072,8
5073,4
5074,3
5075,2
5076,4
5077,4
5078,9
5079,10
5080,8
5081,3
5082,9
5083,2
5084,1
5085,2
5086,4
5087,11
5088,8
5089,7
5090,3
5091,1
5092,11
5093,4
5094,1
5095,2
5096,1
5097,2
5098,1
5099,1
5100,6
5101,1
5102,1
5103,3
5104,1
5105,5
5106,1
5107,1
5108,1
5109,1
5110,7
5111,2
5112,1
5113,1
5114,1
5115,3
5116,1
5117,5
5118,1
5119,3
5120,2
5121,1
5122,1
5123,2
5124,1
5125,4
5126,3
5127,1
5128,8
5129,3
5130,2
5131,4
5132,2
5133,2
5134,4
5135,3
5136,2
5137,6
5138,5
5139,4
5140,1
5141,6
5142,1
5143,6
5144,1
5145,3
5146,5
5147,2
5148,1
5149,2
5150,2
5151,3
5152,6
5153,2
5154,3
5155,1
5156,5
5157,1
5158,6
5159,2
5160,1
5161,2
5162,3
5163,5
5164,7
5165,6
5166,3
5167,2
5168,2
5169,3
5170,10
5171,1
5172,2
5173,1
5174,3
5175,4
5176,7
5177,8
5178,2
5179,4
5180,7
5181,5
5182,2
5183,3
5184,4
5185,2
5186,1
5187,6
5188,4
5189,6
5190,4
5191,1
5192,7
5193,2
5194,1
5195,4
5196,2
5197,1
5198,1
5199,1
5200,1
5201,1
5202,1
5203,2
5204,5
5205,1
5206,2
5207,6
5208,2
5209,1
5210,1
5211,3
5212,2
5213,1
5214,3
5215,3
5216,1
5217,2
5218,2
5219,1
5220,2
5221,2
5222,4
5223,2
5224,4
5225,1
5226,4
5227,1
5228,4
5229,5
5230,2
5231,2
5232,1
5233,1
5234,5
5235,1
5236,2
5237,4
5238,5
5239,4
5240,1
5241,1
5242,1
5243,2
5244,2
5245,1
5246,1
5247,4
5248,2
5249,4
5250,2
5251,4
5252,6
5253,1
5254,7
5255,2
5256,4
5257,1
5258,9
5259,4
5260,2
5261,3
5262,1
5263,1
5264,4
5265,3
5266,7
5267,3
5268,10
5269,1
5270,1
5271,1
5272,10
5273,7
5274,1
5275,1
5276,4
5277,2
5278,1
5279,1
5280,2
5281,7
5282,3
5283,2
5284,1
5285,6
5286,1
5287,2
5288,1
5289,8
5290,2
5291,3
5292,7
5293,2
5294,1
5295,5
5296,4
5297,1
5298,3
5299,2
5300,1
5301,7
5302,9
5303,3
5304,7
5305,1
5306,1
5307,4
5308,7
5309,8
5310,3
5311,10
5312,4
5313,2
5314,2
5315,2
5316,6
5317,16
5318,2
5319,1
5320,5
5321,5
5322,9
5323,2
5324,1
5325,4
5326,2
5327,2
5328,6
5329,1
5330,3
5331,1
5332,2
5333,4
5334,2
5335,2
5336,1
5337,1
5338,8
5339,2
5340,7
5341,1
5342,1
5343,7
5344,4
5345,1
5346,1
5347,6
5348,3
5349,5
5350,1
5351,1
5352,1
5353,1
5354,1
5355,2
5356,4
5357,1
5358,1
5359,1
5360,1
5361,3
5362,13
5363,8
5364,1
5365,3
5366,1
5367,3
5368,3
5369,5
5370,5
5371,2
5372,2
5373,2
5374,3
5375,2
5376,1
5377,1
5378,3
5379,1
5380,3
5381,2
5382,5
5383,2
5384,5
5385,8
5386,5
5387,6
5388,3
5389,1
5390,3
5391,1
5392,4
5393,1
5394,1
5395,1
5396,7
5397,2
5398,1
5399,2
5400,1
5401,1
5402,3
5403,2
5404,2
5405,4
5406,1
5407,2
5408,2
5409,2
5410,1
5411,4
5412,3
5413,3
5414,2
5415,4
5416,1
5417,1
5418,2
5419,1
5420,9
5421,3
5422,1
5423,2
5424,1
5425,1
5426,2
5427,4
5428,4
5429,1
5430,1
5431,2
5432,1
5433,2
5434,1
5435,2
5436,1
5437,3
5438,3
5439,3
5440,1
5441,8
5442,1
5443,1
5444,1
5445,6
5446,1
5447,4
5448,1
5449,7
5450,1
5451,1
5452,4
5453,3
5454,2
5455,9
5456,2
5457,1
5458,9
5459,4
5460,13
5461,5
5462,7
5463,4
5464,4
5465,1
5466,1
5467,1
5468,4
5469,2
5470,4
5471,1
5472,1
5473,2
5474,2
5475,5
5476,4
5477,2
5478,2
5479,1
5480,3
5481,1
5482,1
5483,8
5484,4
5485,1
5486,1
5487,1
5488,1
5489,7
5490,1
5491,1
5492,8
5493,4
5494,7
5495,4
5496,2
5497,2
5498,4
5499,3
5500,7
5501,1
5502,2
5503,3
5504,1
5505,3
5506,10
5507,7
5508,2
5509,5
5510,1
5511,5
5512,2
5513,3
5514,7
5515,1
5516,5
5517,4
5518,1
5519,2
5520,4
5521,3
5522,3
5523,2
5524,1
5525,2
5526,2
5527,11
5528,2
5529,2
5530,1
5531,1
5532,1
5533,4
5534,3
5535,1
5536,2
5537,5
5538,5
5539,1
5540,1
5541,1
5542,10
5543,2
5544,2
5545,3
5546,10
5547,1
5548,2
5549,5
5550,2
5551,7
5552,1
5553,3
5554,3
5555,8
5556,1
5557,2
5558,2
5559,2
5560,3
5561,3
5562,1
5563,2
5564,1
5565,1
5566,2
5567,2
5568,3
5569,5
5570,2
5571,2
5572,5
5573,1
5574,5
5575,1
5576,3
5577,1
5578,1
5579,1
5580,2
5581,8
5582,2
5583,2
5584,8
5585,4
5586,2
5587,2
5588,5
5589,2
5590,2
5591,1
5592,2
5593,1
5594,4
5595,2
5596,1
5597,1
5598,1
5599,3
5600,7
5601,7
5602,7
5603,2
5604,1
5605,3
5606,2
5607,2
5608,2
5609,1
5610,10
5611,1
5612,9
5613,3
5614,7
5615,5
5616,1
5617,6
5618,3
5619,1
5620,13
5621,13
5622,4
5623,7
5624,2
5625,3
5626,3
5627,2
5628,5
5629,4
5630,7
5631,8
5632,6
5633,2
5634,4
5635,11
5636,2
5637,6
5638,7
5639,2
5640,4
5641,5
5642,1
5643,2
5644,9
5645,14
5646,5
5647,2
5648,2
5649,3
5650,4
5651,4
5652,1
5653,3
5654,3
5655,2
5656,8
5657,18
5658,3
5659,4
5660,2
5661,1
5662,5
5663,8
5664,1
5665,3
5666,3
5667,1
5668,3
5669,3
5670,8
5671,4
5672,3
5673,2
5674,4
5675,1
5676,1
5677,13
5678,1
5679,1
5680,3
5681,5
5682,7
5683,8
5684,11
5685,9
5686,1
5687,4
5688,5
5689,8
5690,22
5691,7
5692,1
5693,4
5694,2
5695,11
5696,4
5697,18
5698,6
5699,3
5700,21
5701,1
5702,11
5703,11
5704,29
5705,12
5706,13
5707,3
5708,5
5709,22
5710,1
5711,2
5712,1
5713,9
5714,3
5715,7
5716,6
5717,3
5718,12
5719,32
5720,9
5721,5
5722,38
5723,46
5724,1
5725,3
5726,10
5727,48
5728,25
5729,19
5730,1
5731,6
5732,3
5733,7
5734,9
5735,3
5736,17
5737,7
5738,1
5739,27
5740,11
5741,4
5742,3
5743,26
5744,8
5745,1
5746,22
5747,1
5748,11
5749,3
5750,1
5751,23
5752,8
5753,2
5754,5
5755,10
5756,36
5757,14
5758,17
5759,37
5760,14
5761,16
5762,8
5763,5
5764,3
5765,1
5766,3
5767,12
5768,2
5769,4
5770,11
5771,7
5772,6
5773,3
5774,2
5775,8
5776,2
5777,5
5778,3
5779,2
5780,1
5781,12
5782,22
5783,32
5784,4
5785,10
5786,9
5787,4
5788,5
5789,9
5790,8
5791,5
5792,2
5793,1
5794,1
5795,2
5796,3
5797,3
5798,1
5799,3
5800,2
5801,3
5802,1
5803,3
5804,2
5805,1
5806,7
5807,1
5808,2
5809,2
5810,2
5811,2
5812,1
5813,2
5814,2
5815,1
5816,4
5817,2
5818,1
5819,1
5820,1
5821,3
5822,2
5823,4
5824,7
5825,10
5826,3
5827,2
5828,8
5829,2
5830,3
5831,1
5832,2
5833,8
5834,3
5835,4
5836,6
5837,1
5838,7
5839,4
5840,3
5841,3
5842,1
5843,3
5844,3
5845,1
5846,2
5847,1
5848,2
5849,3
5850,4
5851,3
5852,2
5853,1
5854,3
5855,4
5856,1
5857,3
5858,4
5859,4
5860,2
5861,3
5862,1
5863,1
5864,3
5865,2
5866,1
5867,3
5868,2
5869,6
5870,4
5871,3
5872,1
5873,4
5874,1
5875,5
5876,5
5877,2
5878,2
5879,2
5880,5
5881,1
5882,1
5883,3
5884,6
5885,1
5886,4
5887,1
5888,1
5889,3
5890,4
5891,1
5892,3
5893,7
5894,1
5895,2
5896,3
5897,6
5898,2
5899,4
5900,2
5901,2
5902,7
5903,6
5904,2
5905,1
5906,1
5907,2
5908,3
5909,1
5910,2
5911,6
5912,4
5913,1
5914,2
5915,1
5916,1
5917,13
5918,3
5919,9
5920,1
5921,3
5922,1
5923,2
5924,1
5925,5
5926,7
5927,5
5928,4
5929,8
5930,5
5931,2
5932,2
5933,13
5934,8
5935,1
5936,6
5937,1
5938,7
5939,2
5940,2
5941,5
5942,3
5943,1
5944,2
5945,1
5946,4
5947,1
5948,1
5949,2
5950,3
5951,1
5952,1
5953,1
5954,1
5955,1
5956,4
5957,1
5958,1
5959,5
5960,1
5961,1
5962,2
5963,4
5964,1
5965,1
5966,1
5967,2
5968,3
5969,3
5970,4
5971,3
5972,2
5973,3
5974,9
5975,2
5976,1
5977,5
5978,3
5979,5
5980,8
5981,2
5982,1
5983,8
5984,3
5985,1
5986,1
5987,1
5988,1
5989,1
5990,1
5991,4
5992,9
5993,1
5994,2
5995,1
5996,1
5997,2
5998,2
5999,3
6000,3
6001,1
6002,6
6003,2
6004,1
6005,5
6006,10
6007,1
6008,4
6009,3
6010,2
6011,1
6012,2
6013,4
6014,4
6015,4
6016,3
6017,1
6018,13
6019,1
6020,5
6021,6
6022,3
6023,1
6024,8
6025,3
6026,3
6027,5
6028,2
6029,1
6030,4
6031,4
6032,4
6033,4
6034,1
6035,7
6036,8
6037,4
6038,2
6039,12
6040,3
6041,9
6042,2
6043,2
6044,3
6045,1
6046,3
6047,3
6048,4
6049,5
6050,3
6051,2
6052,3
6053,9
6054,2
6055,3
6056,5
6057,2
6058,1
6059,1
6060,3
6061,2
6062,3
6063,6
6064,3
6065,1
6066,3
6067,17
6068,15
6069,7
6070,2
6071,6
6072,13
6073,1
6074,5
6075,3
6076,1
6077,1
6078,1
6079,7
6080,16
6081,9
6082,8
6083,3
6084,1
6085,1
6086,1
6087,2
6088,2
6089,2
6090,3
6091,5
6092,4
6093,5
6094,14
6095,9
6096,3
6097,2
6098,5
6099,4
6100,5
6101,1
6102,6
6103,4
6104,2
6105,6
6106,2
6107,13
6108,2
6109,2
6110,5
6111,7
6112,3
6113,10
6114,2
6115,4
6116,4
6117,1
6118,10
6119,3
6120,1
6121,2
6122,1
6123,6
6124,2
6125,3
6126,7
6127,1
6128,4
6129,6
6130,9
6131,5
6132,17
6133,2
6134,3
6135,5
6136,1
6137,10
6138,4
6139,1
6140,2
6141,1
6142,1
6143,3
6144,11
6145,2
6146,1
6147,4
6148,13
6149,13
6150,3
6151,2
6152,4
6153,1
6154,1
6155,1
6156,1
6157,1
6158,2
6159,1
6160,1
6161,3
6162,1
6163,10
6164,4
6165,1
6166,2
6167,3
6168,2
6169,1
6170,1
6171,5
6172,2
6173,1
6174,5
6175,2
6176,1
6177,2
6178,2
6179,1
6180,2
6181,2
6182,1
6183,1
6184,3
6185,2
6186,3
6187,2
6188,2
6189,2
6190,3
6191,3
6192,1
6193,5
6194,1
6195,1
6196,1
6197,3
6198,4
6199,1
6200,3
6201,4
6202,1
6203,2
6204,1
6205,2
6206,5
6207,2
6208,2
6209,1
6210,1
6211,1
6212,2
6213,2
6214,1
6215,1
6216,3
6217,1
6218,2
6219,1
6220,1
6221,1
6222,2
6223,1
6224,2
6225,2
6226,2
6227,1
6228,2
6229,1
6230,2
6231,4
6232,2
6233,1
6234,1
6235,2
6236,2
6237,1
6238,1
6239,3
6240,2
6241,1
6242,6
6243,3
6244,2
6245,4
6246,4
6247,2
6248,2
6249,4
6250,3
6251,3
6252,3
6253,1
6254,1
6255,2
6256,1
6257,1
6258,3
6259,9
6260,1
6261,1
6262,1
6263,1
6264,6
6265,1
6266,1
6267,2
6268,3
6269,1
6270,2
6271,1
6272,3
6273,1
6274,1
6275,1
6276,3
6277,1
6278,4
6279,2
6280,1
6281,2
6282,3
6283,1
6284,2
6285,3
6286,2
6287,3
6288,1
6289,4
6290,1
6291,1
6292,1
6293,1
6294,1
6295,1
6296,1
6297,1
6298,4
6299,3
6300,2
6301,13
6302,3
6303,1
6304,1
6305,3
6306,1
6307,1
6308,13
6309,13
6310,4
6311,4
6312,1
6313,9
6314,4
6315,2
6316,4
6317,13
6318,1
6319,2
6320,6
6321,2
6322,4
6323,2
6324,3
6325,2
6326,1
6327,4
6328,2
6329,5
6330,4
6331,2
6332,3
6333,2
6334,3
6335,2
6336,1
6337,1
6338,6
6339,1
6340,2
6341,1
6342,1
6343,1
6344,1
6345,1
6346,4
6347,1
6348,1
6349,2
6350,1
6351,1
6352,1
6353,1
6354,6
6355,3
6356,3
6357,1
6358,4
6359,3
6360,3
6361,3
6362,3
6363,3
6364,1
6365,1
6366,2
6367,3
6368,1
6369,1
6370,5
6371,4
6372,1
6373,5
6374,2
6375,4
6376,3
6377,3
6378,3
6379,2
6380,5
6381,3
6382,5
6383,2
6384,3
6385,3
6386,5
6387,1
6388,3
6389,1
6390,2
6391,1
6392,1
6393,2
6394,1
6395,2
6396,5
6397,3
6398,1
6399,1
6400,1
6401,1
6402,3
6403,8
6404,2
6405,11
6406,2
6407,4
6408,1
6409,5
6410,3
6411,5
6412,4
6413,5
6414,9
6415,4
6416,1
6417,3
6418,7
6419,1
6420,2
6421,4
6422,2
6423,2
6424,5
6425,5
6426,1
6427,1
6428,2
6429,1
6430,10
6431,7
6432,9
6433,6
6434,2
6435,2
6436,3
6437,3
6438,3
6439,1
6440,5
6441,3
6442,2
6443,5
6444,2
6445,1
6446,5
6447,3
6448,1
6449,2
6450,2
6451,4
6452,1
6453,7
6454,3
6455,1
6456,2
6457,2
6458,5
6459,5
6460,1
6461,1
6462,6
6463,1
6464,2
6465,5
6466,12
6467,3
6468,5
6469,1
6470,1
6471,2
6472,1
6473,10
6474,11
6475,2
6476,1
6477,5
6478,3
6479,4
6480,3
6481,8
6482,3
6483,1
6484,1
6485,6
6486,2
6487,1
6488,3
6489,5
6490,1
6491,2
6492,1
6493,4
6494,1
6495,1
6496,7
6497,2
6498,1
6499,4
6500,5
6501,1
6502,3
6503,2
6504,4
6505,1
6506,1
6507,2
6508,1
6509,2
6510,2
6511,6
6512,5
6513,2
6514,2
6515,3
6516,5
6517,1
6518,7
6519,2
6520,2
6521,1
6522,1
6523,2
6524,1
6525,3
6526,1
6527,3
6528,1
6529,2
6530,1
6531,1
6532,2
6533,1
6534,2
6535,1
6536,1
6537,3
6538,1
6539,1
6540,1
6541,4
6542,1
6543,2
6544,3
6545,2
6546,2
6547,2
6548,7
6549,4
6550,1
6551,3
6552,8
6553,4
6554,1
6555,2
6556,2
6557,6
6558,8
6559,1
6560,1
6561,1
6562,1
6563,1
6564,2
6565,2
6566,1
6567,7
6568,1
6569,2
6570,8
6571,1
6572,1
6573,2
6574,1
6575,1
6576,9
6577,1
6578,1
6579,1
6580,6
6581,4
6582,1
6583,7
6584,1
6585,1
6586,5
6587,2
6588,1
6589,4
6590,2
6591,2
6592,1
6593,3
6594,1
6595,2
6596,4
6597,2
6598,1
6599,1
6600,1
6601,1
6602,1
6603,5
6604,2
6605,3
6606,1
6607,4
6608,2
6609,4
6610,2
6611,1
6612,2
6613,2
6614,4
6615,10
6616,6
6617,1
6618,5
6619,1
6620,1
6621,1
6622,3
6623,2
6624,1
6625,2
6626,7
6627,2
6628,1
6629,4
6630,4
6631,5
6632,6
6633,3
6634,1
6635,1
6636,1
6637,2
6638,2
6639,1
6640,2
6641,6
6642,3
6643,2
6644,1
6645,4
6646,1
6647,3
6648,1
6649,1
6650,2
6651,2
6652,2
6653,1
6654,3
6655,5
6656,4
6657,2
6658,1
6659,1
6660,1
6661,7
6662,1
6663,5
6664,3
6665,5
6666,8
6667,1
6668,5
6669,1
6670,11
6671,1
6672,4
6673,8
6674,6
6675,2
6676,1
6677,5
6678,2
6679,6
6680,2
6681,1
6682,1
6683,3
6684,2
6685,1
6686,2
6687,2
6688,1
6689,4
6690,3
6691,1
6692,1
6693,1
6694,1
6695,1
6696,1
6697,2
6698,2
6699,2
6700,2
6701,2
6702,1
6703,2
6704,1
6705,1
6706,1
6707,1
6708,1
6709,2
6710,1
6711,1
6712,3
6713,1
6714,1
6715,5
6716,1
6717,2
6718,3
6719,1
6720,3
6721,2
6722,1
6723,2
6724,1
6725,1
6726,2
6727,1
6728,1
6729,1
6730,2
6731,2
6732,1
6733,9
6734,3
6735,3
6736,1
6737,1
6738,1
6739,2
6740,2
6741,4
6742,3
6743,1
6744,7
6745,1
6746,10
6747,3
6748,1
6749,1
6750,4
6751,1
6752,2
6753,5
6754,2
6755,1
6756,1
6757,7
6758,4
6759,2
6760,1
6761,4
6762,1
6763,1
6764,1
6765,1
6766,6
6767,2
6768,2
6769,3
6770,4
6771,2
6772,1
6773,1
6774,2
6775,1
6776,1
6777,2
6778,4
6779,3
6780,1
6781,4
6782,1
6783,4
6784,1
6785,1
6786,1
6787,2
6788,3
6789,1
6790,4
6791,1
6792,2
6793,1
6794,1
6795,1
6796,1
6797,2
6798,1
6799,1
6800,1
6801,1
6802,3
6803,1
6804,3
6805,3
6806,1
6807,5
6808,2
6809,1
6810,4
6811,1
6812,2
6813,1
6814,2
6815,1
6816,2
6817,3
6818,2
6819,1
6820,3
6821,2
6822,1
6823,1
6824,1
6825,1
6826,5
6827,2
6828,1
6829,4
6830,1
6831,2
6832,1
6833,1
6834,4
6835,1
6836,1
6837,2
6838,1
6839,8
6840,3
6841,1
6842,2
6843,4
6844,1
6845,2
6846,3
6847,7
6848,2
6849,1
6850,2
6851,5
6852,1
6853,2
6854,1
6855,1
6856,7
6857,5
6858,9
6859,3
6860,3
6861,2
6862,7
6863,3
6864,1
6865,8
6866,2
6867,6
6868,1
6869,1
6870,1
6871,3
6872,1
6873,2
6874,3
6875,1
6876,1
6877,1
6878,1
6879,1
6880,3
6881,1
6882,1
6883,2
6884,2
6885,3
6886,4
6887,1
6888,1
6889,2
6890,2
6891,2
6892,2
6893,2
6894,1
6895,1
6896,5
6897,2
6898,1
6899,3
6900,1
6901,5
6902,4
6903,1
6904,2
6905,4
6906,2
6907,1
6908,1
6909,1
6910,2
6911,2
6912,15
6913,1
6914,5
6915,1
6916,7
6917,1
6918,1
6919,6
6920,1
6921,6
6922,1
6923,3
6924,2
6925,3
6926,4
6927,1
6928,2
6929,1
6930,2
6931,3
6932,1
6933,4
6934,1
6935,3
6936,1
6937,1
6938,2
6939,1
6940,1
6941,1
6942,2
6943,4
6944,2
6945,2
6946,4
6947,1
6948,1
6949,3
6950,1
6951,1
6952,6
6953,1
6954,6
6955,3
6956,2
6957,2
6958,1
6959,1
6960,1
6961,3
6962,4
6963,1
6964,1
6965,3
6966,1
6967,4
6968,2
6969,13
6970,3
6971,1
6972,1
6973,8
6974,2
6975,1
6976,5
6977,1
6978,2
6979,1
6980,3
6981,1
6982,2
6983,3
6984,3
6985,2
6986,1
6987,3
6988,4
6989,2
6990,2
6991,3
6992,2
6993,5
6994,3
6995,2
6996,3
6997,3
6998,3
6999,4
7000,1
7001,4
7002,1
7003,1
7004,4
7005,6
7006,2
7007,1
7008,1
7009,1
7010,1
7011,4
7012,5
7013,4
7014,4
7015,1
7016,1
7017,2
7018,2
7019,1
7020,4
7021,3
7022,4
7023,1
7024,3
7025,2
7026,5
7027,2
7028,5
7029,3
7030,4
7031,2
7032,1
7033,1
7034,1
7035,1
7036,8
7037,9
7038,1
7039,1
7040,2
7041,1
7042,1
7043,3
7044,2
7045,1
7046,1
7047,2
7048,2
7049,3
7050,3
7051,4
7052,1
7053,4
7054,1
7055,2
7056,1
7057,3
7058,1
7059,1
7060,2
7061,3
7062,3
7063,3
7064,1
7065,4
7066,1
7067,1
7068,1
7069,2
7070,2
7071,1
7072,1
7073,1
7074,3
7075,1
7076,6
7077,9
7078,3
7079,1
7080,1
7081,6
7082,1
7083,1
7084,6
7085,8
7086,2
7087,2
7088,1
7089,1
7090,4
7091,1
7092,3
7093,4
7094,1
7095,1
7096,4
7097,4
7098,2
7099,4
7100,5
7101,1
7102,2
7103,5
7104,1
7105,3
7106,1
7107,4
7108,4
7109,1
7110,4
7111,1
7112,5
7113,1
7114,6
7115,1
7116,2
7117,2
7118,1
7119,10
7120,3
7121,9
7122,5
7123,3
7124,2
7125,1
7126,1
7127,1
7128,3
7129,2
7130,3
7131,1
7132,3
7133,1
7134,1
7135,1
7136,3
7137,4
7138,3
7139,4
7140,3
7141,3
7142,2
7143,13
7144,3
7145,2
7146,1
7147,4
7148,2
7149,4
7150,2
7151,2
7152,1
7153,6
7154,1
7155,5
7156,1
7157,2
7158,1
7159,5
7160,9
7161,2
7162,17
7163,3
7164,2
7165,2
7166,3
7167,8
7168,1
7169,7
7170,1
7171,1
7172,1
7173,7
7174,7
7175,4
7176,7
7177,8
7178,5
7179,2
7180,5
7181,1
7182,1
7183,2
7184,11
7185,2
7186,4
7187,3
7188,3
7189,1
7190,1
7191,3
7192,4
7193,3
7194,1
7195,2
7196,4
7197,4
7198,1
7199,2
7200,4
7201,6
7202,5
7203,2
7204,2
7205,6
7206,3
7207,4
7208,5
7209,4
7210,4
7211,15
7212,8
7213,2
7214,2
7215,1
7216,8
7217,5
7218,2
7219,6
7220,3
7221,12
7222,4
7223,10
7224,1
7225,12
7226,5
7227,5
7228,9
7229,2
7230,3
7231,1
7232,1
7233,1
7234,4
7235,2
7236,4
7237,6
7238,2
7239,11
7240,7
7241,8
7242,2
7243,2
7244,3
7245,2
7246,2
7247,3
7248,1
7249,2
7250,4
7251,8
7252,7
7253,2
7254,8
7255,4
7256,7
7257,2
7258,3
7259,4
7260,3
7261,5
7262,3
7263,1
7264,3
7265,9
7266,4
7267,2
7268,1
7269,1
7270,4
7271,1
7272,4
7273,1
7274,1
7275,5
7276,2
7277,1
7278,3
7279,2
7280,3
7281,1
7282,1
7283,3
7284,1
7285,1
7286,2
7287,3
7288,3
7289,2
7290,1
7291,4
7292,8
7293,3
7294,3
7295,4
7296,2
7297,6
7298,5
7299,3
7300,1
7301,3
7302,9
7303,1
7304,9
7305,1
7306,2
7307,5
7308,1
7309,3
7310,1
7311,7
7312,1
7313,3
7314,1
7315,7
7316,4
7317,3
7318,1
7319,4
7320,3
7321,1
7322,1
7323,1
7324,2
7325,1
7326,1
7327,6
7328,7
7329,2
7330,4
7331,2
7332,2
7333,1
7334,1
7335,3
7336,1
7337,1
7338,3
7339,3
7340,1
7341,1
7342,2
7343,2
7344,1
7345,1
7346,5
7347,1
7348,1
7349,1
7350,1
7351,2
7352,6
7353,1
7354,2
7355,5
7356,1
7357,2
7358,4
7359,3
7360,1
7361,5
7362,2
7363,2
7364,1
7365,2
7366,1
7367,1
7368,2
7369,3
7370,4
7371,2
7372,4
7373,4
7374,2
7375,3
7376,1
7377,2
7378,1
7379,1
7380,2
7381,1
7382,3
7383,2
7384,2
7385,6
7386,3
7387,2
7388,1
7389,4
7390,3
7391,2
7392,1
7393,3
7394,1
7395,2
7396,4
7397,3
7398,4
7399,3
7400,1
7401,3
7402,1
7403,1
7404,2
7405,1
7406,4
7407,2
7408,1
7409,1
7410,1
7411,2
7412,5
7413,1
7414,3
7415,3
7416,5
7417,2
7418,1
7419,2
7420,1
7421,1
7422,3
7423,1
7424,1
7425,2
7426,2
7427,2
7428,1
7429,2
7430,2
7431,1
7432,7
7433,3
7434,4
7435,1
7436,3
7437,6
7438,2
7439,1
7440,1
7441,1
7442,2
7443,2
7444,3
7445,4
7446,4
7447,1
7448,2
7449,1
7450,2
7451,3
7452,2
7453,2
7454,1
7455,3
7456,1
7457,2
7458,1
7459,12
7460,1
7461,5
7462,4
7463,4
7464,3
7465,2
7466,4
7467,3
7468,2
7469,2
7470,3
7471,5
7472,2
7473,1
7474,1
7475,2
7476,1
7477,7
7478,1
7479,1
7480,1
7481,2
7482,2
7483,3
7484,1
7485,2
7486,2
7487,3
7488,2
7489,2
7490,1
7491,1
7492,1
7493,1
7494,1
7495,4
7496,2
7497,1
7498,1
7499,1
7500,1
7501,4
7502,3
7503,1
7504,1
7505,1
7506,1
7507,2
7508,4
7509,5
7510,1
7511,4
7512,1
7513,3
7514,2
7515,2
7516,3
7517,2
7518,3
7519,2
7520,4
7521,2
7522,8
7523,5
7524,2
7525,2
7526,7
7527,1
7528,1
7529,4
7530,9
7531,1
7532,3
7533,1
7534,10
7535,1
7536,15
7537,1
7538,2
7539,13
7540,2
7541,1
7542,4
7543,4
7544,4
7545,4
7546,1
7547,1
7548,8
7549,1
7550,3
7551,3
7552,3
7553,8
7554,13
7555,24
7556,14
7557,4
7558,5
7559,6
7560,22
7561,1
7562,9
7563,10
7564,1
7565,2
7566,8
7567,2
7568,8
7569,3
7570,2
7571,6
7572,3
7573,3
7574,1
7575,3
7576,2
7577,4
7578,8
7579,3
7580,1
7581,12
7582,1
7583,5
7584,2
7585,2
7586,4
7587,5
7588,4
7589,3
7590,1
7591,1
7592,3
7593,1
7594,3
7595,1
7596,1
7597,6
7598,3
7599,1
7600,7
7601,1
7602,1
7603,4
7604,1
7605,5
7606,1
7607,2
7608,1
7609,2
7610,5
7611,2
7612,1
7613,6
7614,3
7615,2
7616,3
7617,2
7618,2
7619,1
7620,1
7621,5
7622,2
7623,3
7624,5
7625,1
7626,1
7627,1
7628,6
7629,1
7630,1
7631,5
7632,2
7633,3
7634,2
7635,1
7636,4
7637,1
7638,4
7639,11
7640,7
7641,1
7642,2
7643,6
7644,3
7645,2
7646,2
7647,3
7648,2
7649,1
7650,5
7651,2
7652,1
7653,2
7654,3
7655,2
7656,1
7657,1
7658,3
7659,2
7660,2
7661,1
7662,2
7663,2
7664,1
7665,3
7666,5
7667,2
7668,1
7669,1
7670,1
7671,1
7672,1
7673,3
7674,2
7675,1
7676,3
7677,1
7678,1
7679,1
7680,2
7681,1
7682,4
7683,3
7684,2
7685,1
7686,3
7687,4
7688,1
7689,7
7690,3
7691,2
7692,3
7693,2
7694,1
7695,3
7696,1
7697,2
7698,2
7699,1
7700,2
7701,1
7702,1
7703,5
7704,9
7705,1
7706,5
7707,4
7708,2
7709,4
7710,1
7711,1
7712,3
7713,2
7714,2
7715,1
7716,2
7717,3
7718,1
7719,1
7720,2
7721,4
7722,1
7723,1
7724,1
7725,3
7726,3
7727,1
7728,4
7729,2
7730,1
7731,4
7732,1
7733,2
7734,1
7735,5
7736,3
7737,2
7738,3
7739,1
7740,1
7741,6
7742,1
7743,1
7744,3
7745,1
7746,1
7747,7
7748,4
7749,2
7750,6
7751,1
7752,1
7753,3
7754,3
7755,3
7756,2
7757,1
7758,5
7759,1
7760,5
7761,1
7762,5
7763,2
7764,2
7765,8
7766,1
7767,8
7768,4
7769,1
7770,2
7771,1
7772,4
7773,9
7774,4
7775,1
7776,3
7777,2
7778,1
7779,1
7780,2
7781,7
7782,3
7783,1
7784,2
7785,5
7786,1
7787,1
7788,3
7789,1
7790,6
7791,1
7792,1
7793,4
7794,7
7795,1
7796,5
7797,3
7798,1
7799,1
7800,5
7801,1
7802,1
7803,1
7804,5
7805,1
7806,1
7807,2
7808,2
7809,3
7810,1
7811,2
7812,1
7813,2
7814,1
7815,3
7816,1
7817,6
7818,7
7819,2
7820,4
7821,2
7822,4
7823,7
7824,4
7825,1
7826,1
7827,3
7828,1
7829,1
7830,3
7831,1
7832,5
7833,4
7834,3
7835,6
7836,2
7837,1
7838,4
7839,2
7840,3
7841,2
7842,6
7843,5
7844,2
7845,1
7846,2
7847,1
7848,4
7849,6
7850,2
7851,6
7852,4
7853,2
7854,4
7855,10
7856,2
7857,1
7858,3
7859,7
7860,2
7861,1
7862,1
7863,1
7864,1
7865,1
7866,3
7867,1
7868,1
7869,1
7870,4
7871,1
7872,3
7873,4
7874,2
7875,1
7876,3
7877,1
7878,2
7879,2
7880,2
7881,2
7882,3
7883,1
7884,4
7885,1
7886,2
7887,1
7888,2
7889,1
7890,1
7891,2
7892,2
7893,2
7894,1
7895,1
7896,1
7897,1
7898,5
7899,2
7900,2
7901,1
7902,2
7903,3
7904,4
7905,5
7906,1
7907,5
7908,1
7909,2
7910,1
7911,1
7912,1
7913,1
7914,1
7915,4
7916,5
7917,4
7918,4
7919,2
7920,1
7921,3
7922,8
7923,1
7924,2
7925,1
7926,4
7927,2
7928,1
7929,1
7930,3
7931,2
7932,1
7933,5
7934,3
7935,6
7936,7
7937,1
7938,2
7939,1
7940,4
7941,1
7942,2
7943,6
7944,3
7945,1
7946,4
7947,1
7948,4
7949,3
7950,2
7951,1
7952,1
7953,1
7954,2
7955,1
7956,5
7957,1
7958,2
7959,1
7960,1
7961,1
7962,2
7963,1
7964,1
7965,1
7966,1
7967,1
7968,2
7969,2
7970,3
7971,2
7972,1
7973,1
7974,1
7975,1
7976,2
7977,4
7978,2
7979,1
7980,1
7981,1
7982,3
7983,2
7984,1
7985,2
7986,2
7987,4
7988,2
7989,1
7990,1
7991,1
7992,1
7993,1
7994,8
7995,1
7996,5
7997,1
7998,3
7999,3
8000,1
8001,3
8002,3
8003,2
8004,1
8005,1
8006,1
8007,4
8008,1
8009,1
8010,1
8011,3
8012,1
8013,1
8014,1
8015,6
8016,3
8017,5
8018,5
8019,1
8020,4
8021,1
8022,2
8023,1
8024,2
8025,4
8026,2
8027,2
8028,1
8029,1
8030,1
8031,2
8032,8
8033,4
8034,1
8035,3
8036,2
8037,3
8038,11
8039,1
8040,1
8041,2
8042,2
8043,3
8044,2
8045,4
8046,2
8047,1
8048,1
8049,1
8050,2
8051,2
8052,1
8053,2
8054,6
8055,1
8056,2
8057,1
8058,3
8059,3
8060,1
8061,1
8062,1
8063,1
8064,4
8065,5
8066,2
8067,5
8068,3
8069,5
8070,2
8071,4
8072,1
8073,1
8074,4
8075,2
8076,1
8077,1
8078,1
8079,8
8080,5
8081,2
8082,5
8083,2
8084,1
8085,3
8086,1
8087,1
8088,3
8089,2
8090,2
8091,3
8092,3
8093,1
8094,2
8095,1
8096,2
8097,4
8098,3
8099,4
8100,3
8101,1
8102,2
8103,1
8104,2
8105,4
8106,5
8107,6
8108,8
8109,2
8110,4
8111,4
8112,3
8113,2
8114,3
8115,1
8116,2
8117,4
8118,2
8119,6
8120,1
8121,4
8122,3
8123,2
8124,5
8125,2
8126,4
8127,8
8128,2
8129,3
8130,3
8131,11
8132,1
8133,1
8134,5
8135,2
8136,9
8137,3
8138,5
8139,2
8140,2
8141,1
8142,3
8143,1
8144,4
8145,1
8146,5
8147,3
8148,1
8149,1
8150,1
8151,1
8152,2
8153,1
8154,2
8155,1
8156,3
8157,3
8158,1
8159,1
8160,5
8161,1
8162,2
8163,3
8164,8
8165,6
8166,1
8167,6
8168,3
8169,2
8170,1
8171,3
8172,3
8173,6
8174,1
8175,2
8176,4
8177,3
8178,10
8179,2
8180,1
8181,2
8182,1
8183,3
8184,1
8185,6
8186,2
8187,1
8188,2
8189,4
8190,2
8191,3
8192,2
8193,8
8194,5
8195,1
8196,2
8197,2
8198,2
8199,1
8200,4
8201,6
8202,1
8203,3
8204,3
8205,3
8206,7
8207,4
8208,2
8209,1
8210,1
8211,5
8212,2
8213,1
8214,1
8215,5
8216,1
8217,1
8218,2
8219,3
8220,1
8221,1
8222,5
8223,1
8224,4
8225,1
8226,1
8227,1
8228,2
8229,2
8230,3
8231,1
8232,1
8233,2
8234,2
8235,2
8236,1
8237,1
8238,2
8239,2
8240,1
8241,1
8242,4
8243,2
8244,1
8245,3
8246,1
8247,2
8248,2
8249,1
8250,1
8251,1
8252,1
8253,2
8254,1
8255,4
8256,1
8257,5
8258,1
8259,8
8260,5
8261,5
8262,1
8263,7
8264,1
8265,2
8266,1
8267,2
8268,1
8269,5
8270,1
8271,2
8272,3
8273,1
8274,4
8275,1
8276,6
8277,2
8278,1
8279,3
8280,3
8281,2
8282,1
8283,1
8284,2
8285,2
8286,2
8287,2
8288,1
8289,1
8290,1
8291,6
8292,1
8293,2
8294,3
8295,2
8296,1
8297,4
8298,1
8299,6
8300,5
8301,4
8302,1
8303,4
8304,1
8305,4
8306,1
8307,4
8308,4
8309,2
8310,2
8311,1
8312,3
8313,1
8314,3
8315,2
8316,1
8317,2
8318,1
8319,2
8320,3
8321,3
8322,4
8323,1
8324,9
8325,5
8326,1
8327,7
8328,1
8329,4
8330,3
8331,1
8332,2
8333,5
8334,1
8335,6
8336,4
8337,2
8338,2
8339,10
8340,1
8341,4
8342,1
8343,1
8344,6
8345,1
8346,3
8347,10
8348,4
8349,3
8350,2
8351,6
8352,5
8353,1
8354,2
8355,1
8356,2
8357,3
8358,1
8359,4
8360,2
8361,6
8362,10
8363,1
8364,5
8365,2
8366,3
8367,3
8368,3
8369,1
8370,2
8371,1
8372,1
8373,2
8374,1
8375,3
8376,3
8377,1
8378,2
8379,5
8380,2
8381,2
8382,3
8383,5
8384,1
8385,8
8386,1
8387,5
8388,2
8389,1
8390,7
8391,3
8392,8
8393,6
8394,1
8395,1
8396,2
8397,2
8398,3
8399,1
8400,2
8401,3
8402,2
8403,2
8404,4
8405,2
8406,3
8407,1
8408,1
8409,1
8410,4
8411,3
8412,4
8413,1
8414,7
8415,1
8416,1
8417,3
8418,2
8419,3
8420,2
8421,1
8422,2
8423,2
8424,1
8425,1
8426,1
8427,1
8428,1
8429,3
8430,1
8431,2
8432,1
8433,3
8434,2
8435,1
8436,2
8437,1
8438,1
8439,1
8440,1
8441,5
8442,1
8443,1
8444,1
8445,1
8446,1
8447,2
8448,5
8449,2
8450,1
8451,2
8452,1
8453,1
8454,1
8455,2
8456,2
8457,3
8458,3
8459,1
8460,2
8461,1
8462,2
8463,1
8464,2
8465,2
8466,2
8467,3
8468,6
8469,1
8470,2
8471,1
8472,2
8473,4
8474,2
8475,2
8476,2
8477,2
8478,1
8479,6
8480,3
8481,6
8482,2
8483,2
8484,1
8485,1
8486,4
8487,1
8488,1
8489,2
8490,1
8491,2
8492,3
8493,1
8494,2
8495,2
8496,1
8497,2
8498,2
8499,2
8500,4
8501,1
8502,2
8503,2
8504,3
8505,2
8506,1
8507,2
8508,1
8509,2
8510,1
8511,1
8512,1
8513,1
8514,3
8515,2
8516,1
8517,1
8518,1
8519,1
8520,3
8521,1
8522,1
8523,2
8524,1
8525,1
8526,6
8527,1
8528,2
8529,5
8530,1
8531,2
8532,2
8533,1
8534,1
8535,2
8536,1
8537,1
8538,4
8539,2
8540,1
8541,1
8542,3
8543,4
8544,3
8545,2
8546,1
8547,1
8548,1
8549,2
8550,1
8551,2
8552,3
8553,4
8554,1
8555,1
8556,2
8557,1
8558,2
8559,1
8560,1
8561,1
8562,1
8563,1
8564,2
8565,2
8566,4
8567,2
8568,5
8569,1
8570,1
8571,4
8572,2
8573,1
8574,1
8575,2
8576,1
8577,1
8578,2
8579,1
8580,3
8581,2
8582,1
8583,1
8584,1
8585,2
8586,2
8587,2
8588,1
8589,1
8590,2
8591,1
8592,1
8593,1
8594,1
8595,1
8596,1
8597,1
8598,1
8599,1
8600,1
8601,1
8602,3
8603,3
8604,1
8605,2
8606,2
8607,1
8608,2
8609,1
8610,1
8611,6
8612,1
8613,2
8614,2
8615,3
8616,6
8617,8
8618,1
8619,1
8620,4
8621,3
8622,2
8623,2
8624,2
8625,1
8626,2
8627,4
8628,2
8629,2
8630,1
8631,1
8632,1
8633,2
8634,2
8635,6
8636,2
8637,1
8638,1
8639,1
8640,1
8641,1
8642,1
8643,4
8644,3
8645,2
8646,5
8647,9
8648,3
8649,2
8650,2
8651,6
8652,3
8653,4
8654,4
8655,1
8656,1
8657,1
8658,2
8659,1
8660,4
8661,6
8662,2
8663,2
8664,1
8665,2
8666,1
8667,1
8668,1
8669,11
8670,3
8671,3
8672,3
8673,2
8674,5
8675,5
8676,2
8677,1
8678,1
8679,3
8680,1
8681,5
8682,5
8683,1
8684,5
8685,1
8686,3
8687,4
8688,1
8689,2
8690,1
8691,3
8692,3
8693,4
8694,1
8695,3
8696,2
8697,3
8698,2
8699,3
8700,3
8701,8
8702,1
8703,2
8704,3
8705,6
8706,5
8707,2
8708,4
8709,2
8710,7
8711,7
8712,7
8713,2
8714,2
8715,4
8716,4
8717,4
8718,3
8719,1
8720,6
8721,6
8722,4
8723,4
8724,7
8725,2
8726,14
8727,3
8728,4
8729,7
8730,4
8731,1
8732,1
8733,1
8734,9
8735,3
8736,9
8737,3
8738,1
8739,5
8740,3
8741,7
8742,15
8743,5
8744,6
8745,3
8746,4
8747,2
8748,4
8749,3
8750,5
8751,10
8752,3
8753,1
8754,5
8755,1
8756,4
8757,5
8758,1
8759,2
8760,1
8761,4
8762,4
8763,1
8764,1
8765,2
8766,4
8767,1
8768,12
8769,22
8770,2
8771,9
8772,5
8773,5
8774,3
8775,4
8776,7
8777,4
8778,1
8779,19
8780,11
8781,2
8782,13
8783,1
8784,1
8785,8
8786,1
8787,1
8788,1
8789,4
8790,4
8791,6
8792,4
8793,1
8794,2
8795,3
8796,2
8797,2
8798,1
8799,6
8800,1
8801,3
8802,10
8803,6
8804,15
8805,6
8806,2
8807,4
8808,1
8809,3
8810,1
8811,1
8812,2
8813,7
8814,2
8815,5
8816,1
8817,3
8818,9
8819,2
8820,3
8821,1
8822,6
8823,11
8824,1
8825,3
8826,2
8827,2
8828,5
8829,6
8830,1
8831,3
8832,8
8833,3
8834,1
8835,1
8836,3
8837,1
8838,1
8839,4
8840,2
8841,3
8842,2
8843,3
8844,4
8845,13
8846,1
8847,1
8848,1
8849,2
8850,1
8851,1
8852,1
8853,3
8854,3
8855,4
8856,1
8857,6
8858,2
8859,2
8860,2
8861,6
8862,6
8863,2
8864,1
8865,5
8866,2
8867,2
8868,2
8869,3
8870,2
8871,3
8872,3
8873,2
8874,2
8875,1
8876,1
8877,2
8878,12
8879,3
8880,5
8881,1
8882,6
8883,2
8884,5
8885,1
8886,2
8887,1
8888,1
8889,1
8890,2
8891,2
8892,1
8893,3
8894,1
8895,10
8896,1
8897,2
8898,2
8899,11
8900,3
8901,7
8902,1
8903,1
8904,1
8905,1
8906,5
8907,1
8908,2
8909,8
8910,3
8911,3
8912,3
8913,2
8914,1
8915,4
8916,1
8917,3
8918,2
8919,15
8920,6
8921,4
8922,4
8923,2
8924,1
8925,3
8926,2
8927,3
8928,4
8929,5
8930,1
8931,3
8932,3
8933,4
8934,4
8935,2
8936,3
8937,1
8938,4
8939,1
8940,5
8941,2
8942,2
8943,14
8944,1
8945,1
8946,2
8947,4
8948,2
8949,2
8950,5
8951,1
8952,8
8953,2
8954,1
8955,2
8956,1
8957,2
8958,10
8959,3
8960,1
8961,3
8962,1
8963,1
8964,5
8965,2
8966,1
8967,6
8968,1
8969,2
8970,1
8971,8
8972,1
8973,1
8974,4
8975,1
8976,5
8977,1
8978,3
8979,2
8980,1
8981,1
8982,1
8983,1
8984,1
8985,3
8986,5
8987,3
8988,3
8989,1
8990,4
8991,6
8992,3
8993,7
8994,2
8995,3
8996,2
8997,2
8998,4
8999,2
9000,5
9001,2
9002,1
9003,6
9004,1
9005,5
9006,5
9007,4
9008,2
9009,1
9010,4
9011,4
9012,1
9013,1
9014,1
9015,3
9016,4
9017,1
9018,8
9019,3
9020,3
9021,1
9022,1
9023,2
9024,9
9025,3
9026,11
9027,1
9028,3
9029,1
9030,1
9031,2
9032,1
9033,2
9034,1
9035,9
9036,3
9037,2
9038,2
9039,1
9040,1
9041,5
9042,3
9043,7
9044,1
9045,1
9046,1
9047,5
9048,3
9049,1
9050,2
9051,3
9052,1
9053,1
9054,4
9055,4
9056,2
9057,5
9058,2
9059,1
9060,2
9061,1
9062,3
9063,1
9064,3
9065,3
9066,2
9067,4
9068,2
9069,5
9070,4
9071,7
9072,3
9073,3
9074,1
9075,4
9076,7
9077,4
9078,3
9079,7
9080,2
9081,1
9082,5
9083,1
9084,2
9085,2
9086,2
9087,1
9088,1
9089,4
9090,2
9091,2
9092,2
9093,3
9094,5
9095,1
9096,3
9097,3
9098,2
9099,2
9100,5
9101,8
9102,1
9103,3
9104,1
9105,3
9106,5
9107,1
9108,4
9109,2
9110,3
9111,2
9112,5
9113,2
9114,5
9115,4
9116,4
9117,4
9118,3
9119,10
9120,1
9121,2
9122,5
9123,3
9124,6
9125,1
9126,4
9127,2
9128,1
9129,8
9130,1
9131,3
9132,2
9133,1
9134,4
9135,6
9136,2
9137,2
9138,4
9139,4
9140,4
9141,2
9142,2
9143,4
9144,3
9145,14
9146,9
9147,10
9148,7
9149,9
9150,1
9151,4
9152,2
9153,10
9154,1
9155,7
9156,6
9157,7
9158,1
9159,2
9160,12
9161,1
9162,7
9163,5
9164,11
9165,2
9166,2
9167,6
9168,1
9169,16
9170,1
9171,10
9172,1
9173,1
9174,1
9175,7
9176,1
9177,8
9178,13
9179,3
9180,1
9181,13
9182,4
9183,3
9184,3
9185,7
9186,4
9187,7
9188,6
9189,3
9190,3
9191,3
9192,3
9193,5
9194,3
9195,14
9196,3
9197,2
9198,6
9199,1
9200,12
9201,6
9202,4
9203,1
9204,7
9205,1
9206,12
9207,5
9208,9
9209,14
9210,17
9211,7
9212,6
9213,5
9214,3
9215,3
9216,9
9217,10
9218,3
9219,1
9220,9
9221,17
9222,6
9223,7
9224,11
9225,5
9226,10
9227,4
9228,1
9229,10
9230,6
9231,2
9232,5
9233,7
9234,7
9235,24
9236,3
9237,7
9238,13
9239,7
9240,9
9241,14
9242,27
9243,7
9244,4
9245,17
9246,11
9247,4
9248,8
9249,3
9250,13
9251,23
9252,3
9253,6
9254,4
9255,26
9256,4
9257,20
9258,2
9259,1
9260,13
9261,4
9262,7
9263,4
9264,7
9265,2
9266,9
9267,5
9268,16
9269,2
9270,3
9271,1
9272,2
9273,7
9274,20
9275,10
9276,1
9277,2
9278,1
9279,5
9280,5
9281,2
9282,11
9283,5
9284,4
9285,10
9286,7
9287,1
9288,13
9289,2
9290,5
9291,18
9292,1
9293,23
9294,1
9295,5
9296,8
9297,4
9298,24
9299,23
9300,5
9301,4
9302,7
9303,13
9304,11
9305,2
9306,23
9307,3
9308,7
9309,2
9310,2
9311,1
9312,2
9313,27
9314,2
9315,1
9316,13
9317,2
9318,6
9319,8
9320,9
9321,11
9322,15
9323,2
9324,16
9325,18
9326,28
9327,14
9328,6
9329,6
9330,23
9331,12
9332,1
9333,4
9334,8
9335,13
9336,4
9337,4
9338,19
9339,16
9340,2
9341,7
9342,10
9343,11
9344,13
9345,33
9346,2
9347,11
9348,2
9349,1
9350,30
9351,15
9352,12
9353,1
9354,13
9355,4
9356,21
9357,8
9358,3
9359,5
9360,16
9361,12
9362,6
9363,3
9364,16
9365,1
9366,10
9367,9
9368,1
9369,9
9370,9
9371,1
9372,6
9373,16
9374,10
9375,10
9376,4
9377,9
9378,2
9379,1
9380,5
9381,3
9382,4
9383,14
9384,11
9385,20
9386,5
9387,9
9388,9
9389,1
9390,1
9391,9
9392,12
9393,15
9394,2
9395,6
9396,8
9397,35
9398,13
9399,3
9400,26
9401,21
9402,3
9403,17
9404,13
9405,4
9406,41
9407,7
9408,3
9409,29
9410,6
9411,4
9412,8
9413,17
9414,5
9415,4
9416,26
9417,7
9418,27
9419,16
9420,4
9421,24
9422,14
9423,17
9424,4
9425,44
9426,15
9427,4
9428,32
9429,10
9430,10
9431,22
9432,11
9433,4
9434,13
9435,34
9436,9
9437,49
9438,28
9439,11
9440,9
9441,1
9442,12
9443,15
9444,1
9445,16
9446,25
9447,21
9448,7
9449,23
9450,33
9451,13
9452,27
9453,31
9454,3
9455,20
9456,15
9457,2
9458,6
9459,21
9460,17
9461,4
9462,23
9463,4
9464,6
9465,2
9466,5
9467,47
9468,1
9469,1
9470,12
9471,17
9472,3
9473,3
9474,26
9475,27
9476,20
9477,6
9478,3
9479,9
9480,10
9481,3
9482,3
9483,3
9484,4
9485,2
9486,1
9487,26
9488,1
9489,1
9490,13
9491,24
9492,3
9493,13
9494,5
9495,1
9496,2
9497,2
9498,34
9499,5
9500,18
9501,18
9502,7
9503,7
9504,5
9505,24
9506,4
9507,6
9508,11
9509,31
9510,19
9511,1
9512,8
9513,10
9514,5
9515,13
9516,4
9517,3
9518,12
9519,2
9520,8
9521,4
9522,3
9523,11
9524,3
9525,23
9526,8
9527,12
9528,3
9529,11
9530,22
9531,5
9532,8
9533,10
9534,10
9535,7
9536,3
9537,3
9538,6
9539,7
9540,2
9541,13
9542,18
9543,5
9544,3
9545,2
9546,13
9547,1
9548,2
9549,32
9550,11
9551,1
9552,17
9553,12
9554,1
9555,3
9556,15
9557,8
9558,13
9559,15
9560,2
9561,8
9562,10
9563,3
9564,17
9565,13
9566,7
9567,7
9568,2
9569,3
9570,19
9571,4
9572,6
9573,13
9574,7
9575,3
9576,1
9577,6
9578,7
9579,1
9580,5
9581,3
9582,9
9583,1
9584,5
9585,2
9586,3
9587,4
9588,6
9589,10
9590,3
9591,2
9592,1
9593,10
9594,17
9595,4
9596,10
9597,1
9598,4
9599,2
9600,8
9601,1
9602,2
9603,1
9604,2
9605,7
9606,3
9607,6
9608,4
9609,6
9610,2
9611,2
9612,3
9613,2
9614,5
9615,2
9616,1
9617,6
9618,1
9619,2
9620,1
9621,4
9622,1
9623,2
9624,2
9625,1
9626,3
9627,1
9628,6
9629,13
9630,2
9631,3
9632,1
9633,6
9634,2
9635,3
9636,1
9637,4
9638,3
9639,3
9640,2
9641,5
9642,3
9643,2
9644,2
9645,2
9646,1
9647,1
9648,2
9649,9
9650,1
9651,6
9652,2
9653,1
9654,8
9655,4
9656,7
9657,3
9658,2
9659,1
9660,4
9661,1
9662,2
9663,3
9664,7
9665,3
9666,5
9667,1
9668,1
9669,2
9670,2
9671,4
9672,1
9673,1
9674,3
9675,3
9676,1
9677,1
9678,3
9679,4
9680,2
9681,6
9682,2
9683,3
9684,3
9685,1
9686,2
9687,3
9688,2
9689,2
9690,3
9691,7
9692,3
9693,2
9694,7
9695,1
9696,1
9697,1
9698,3
9699,2
9700,3
9701,4
9702,1
9703,2
9704,1
9705,1
9706,7
9707,5
9708,1
9709,1
9710,2
9711,2
9712,1
9713,1
9714,1
9715,2
9716,1
9717,5
9718,5
9719,3
9720,9
9721,3
9722,1
9723,7
9724,6
9725,4
9726,3
9727,1
9728,3
9729,12
9730,1
9731,3
9732,2
9733,1
9734,1
9735,3
9736,1
9737,1
9738,5
9739,4
9740,1
9741,8
9742,3
9743,4
9744,6
9745,2
9746,1
9747,6
9748,2
9749,2
9750,6
9751,2
9752,2
9753,13
9754,2
9755,2
9756,3
9757,2
9758,4
9759,7
9760,1
9761,1
9762,4
9763,1
9764,1
9765,4
9766,1
9767,5
9768,1
9769,1
9770,8
9771,1
9772,5
9773,5
9774,1
9775,6
9776,3
9777,2
9778,1
9779,3
9780,1
9781,5
9782,3
9783,8
9784,1
9785,2
9786,1
9787,1
9788,4
9789,2
9790,6
9791,1
9792,8
9793,1
9794,4
9795,5
9796,2
9797,1
9798,3
9799,7
9800,7
9801,6
9802,2
9803,2
9804,7
9805,5
9806,6
9807,1
9808,1
9809,8
9810,3
9811,3
9812,2
9813,1
9814,6
9815,2
9816,4
9817,1
9818,1
9819,2
9820,3
9821,2
9822,1
9823,2
9824,2
9825,4
9826,1
9827,3
9828,1
9829,1
9830,1
9831,1
9832,1
9833,1
9834,3
9835,1
9836,1
9837,1
9838,1
9839,1
9840,3
9841,4
9842,1
9843,3
9844,8
9845,1
9846,3
9847,1
9848,2
9849,1
9850,1
9851,2
9852,1
9853,8
9854,1
9855,3
9856,7
9857,1
9858,2
9859,2
9860,1
9861,1
9862,4
9863,9
9864,1
9865,5
9866,2
9867,3
9868,1
9869,1
9870,1
9871,2
9872,2
9873,2
9874,2
9875,13
9876,4
9877,1
9878,3
9879,3
9880,1
9881,2
9882,3
9883,2
9884,8
9885,3
9886,4
9887,4
9888,10
9889,7
9890,4
9891,2
9892,2
9893,5
9894,5
9895,1
9896,1
9897,1
9898,2
9899,2
9900,2
9901,3
9902,2
9903,1
9904,1
9905,2
9906,7
9907,2
9908,4
9909,1
9910,1
9911,1
9912,1
9913,2
9914,2
9915,1
9916,3
9917,2
9918,3
9919,1
9920,2
9921,2
9922,3
9923,1
9924,2
9925,1
9926,5
9927,1
9928,1
9929,4
9930,1
9931,3
9932,3
9933,2
9934,2
9935,1
9936,1
9937,9
9938,1
9939,3
9940,1
9941,4
9942,2
9943,1
9944,4
9945,1
9946,3
9947,7
9948,5
9949,2
9950,3
9951,5
9952,4
9953,1
9954,3
9955,7
9956,1
9957,1
9958,5
9959,1
9960,4
9961,14
9962,1
9963,5
9964,1
9965,15
9966,3
9967,11
9968,11
9969,10
9970,4
9971,7
9972,7
9973,4
9974,1
9975,8
9976,2
9977,8
9978,2
9979,2
9980,5
9981,8
9982,2
9983,13
9984,4
9985,1
9986,8
9987,5
9988,5
9989,9
9990,3
9991,3
9992,2
9993,2
9994,2
9995,3
9996,5
9997,3
9998,1
9999,5
10000,3
10001,2
10002,2
10003,2
10004,6
10005,4
10006,1
10007,1
10008,10
10009,8
10010,1
10011,10
10012,1
10013,5
10014,8
10015,7
10016,5
10017,7
10018,1
10019,2
10020,5
10021,8
10022,1
10023,4
10024,7
10025,3
10026,10
10027,2
10028,4
10029,12
10030,5
10031,12
10032,1
10033,9
10034,3
10035,1
10036,2
10037,1
10038,1
10039,8
10040,13
10041,2
10042,1
10043,6
10044,7
10045,4
10046,1
10047,1
10048,12
10049,7
10050,4
10051,7
10052,1
10053,3
10054,1
10055,1
10056,3
10057,1
10058,3
10059,6
10060,3
10061,4
10062,4
10063,8
10064,1
10065,2
10066,2
10067,3
10068,5
10069,10
10070,2
10071,1
10072,2
10073,16
10074,5
10075,4
10076,1
10077,1
10078,7
10079,1
10080,10
10081,2
10082,12
10083,1
10084,4
10085,4
10086,2
10087,7
10088,3
10089,1
10090,3
10091,1
10092,11
10093,2
10094,3
10095,2
10096,1
10097,3
10098,3
10099,2
10100,3
10101,1
10102,5
10103,1
10104,7
10105,5
10106,3
10107,11
10108,1
10109,2
10110,8
10111,1
10112,1
10113,2
10114,1
10115,4
10116,15
10117,9
10118,7
10119,1
10120,2
10121,6
10122,3
10123,6
10124,6
10125,3
10126,5
10127,6
10128,1
10129,1
10130,4
10131,7
10132,4
10133,4
10134,12
10135,9
10136,7
10137,1
10138,8
10139,2
10140,2
10141,6
10142,1
10143,4
10144,10
10145,8
10146,5
10147,6
10148,3
10149,5
10150,5
10151,3
10152,3
10153,4
10154,4
10155,1
10156,2
10157,1
10158,3
10159,3
10160,1
10161,2
10162,3
10163,2
10164,4
10165,2
10166,12
10167,3
10168,2
10169,1
10170,11
10171,1
10172,6
10173,6
10174,5
10175,5
10176,1
10177,2
10178,1
10179,3
10180,5
10181,4
10182,1
10183,5
10184,1
10185,1
10186,2
10187,1
10188,6
10189,1
10190,3
10191,3
10192,12
10193,1
10194,7
10195,1
10196,4
10197,1
10198,3
10199,3
10200,2
10201,2
10202,1
10203,1
10204,3
10205,2
10206,8
10207,8
10208,2
10209,1
10210,11
10211,2
10212,3
10213,1
10214,3
10215,5
10216,6
10217,2
10218,1
10219,3
10220,6
10221,5
10222,3
10223,16
10224,2
10225,7
10226,2
10227,1
10228,5
10229,5
10230,3
10231,2
10232,1
10233,4
10234,5
10235,2
10236,4
10237,1
10238,4
10239,3
10240,1
10241,2
10242,1
10243,4
10244,5
10245,3
10246,1
10247,5
10248,1
10249,7
10250,4
10251,3
10252,2
10253,7
10254,5
10255,1
10256,1
10257,6
10258,1
10259,11
10260,1
10261,4
10262,2
10263,6
10264,2
10265,6
10266,3
10267,2
10268,2
10269,1
10270,4
10271,1
10272,2
10273,1
10274,8
10275,1
10276,2
10277,1
10278,3
10279,4
10280,3
10281,1
10282,3
10283,3
10284,7
10285,2
10286,11
10287,3
10288,4
10289,12
10290,5
10291,1
10292,4
10293,4
10294,7
10295,1
10296,3
10297,3
10298,6
10299,13
10300,11
10301,1
10302,8
10303,2
10304,10
10305,4
10306,3
10307,3
10308,2
10309,9
10310,1
10311,5
10312,18
10313,2
10314,8
10315,1
10316,7
10317,1
10318,5
10319,17
10320,2
10321,10
10322,2
10323,2
10324,8
10325,8
10326,1
10327,6
10328,5
10329,3
10330,12
10331,16
10332,3
10333,6
10334,2
10335,1
10336,7
10337,6
10338,3
10339,5
10340,6
10341,10
10342,6
10343,1
10344,3
10345,3
10346,1
10347,3
10348,18
10349,7
10350,5
10351,14
10352,1
10353,8
10354,7
10355,11
10356,2
10357,9
10358,3
10359,3
10360,6
10361,8
10362,17
10363,11
10364,17
10365,6
10366,4
10367,1
10368,9
10369,5
10370,5
10371,9
10372,2
10373,2
10374,10
10375,7
10376,7
10377,2
10378,1
10379,5
10380,21
10381,5
10382,10
10383,1
10384,8
10385,1
10386,2
10387,2
10388,7
10389,2
10390,9
10391,6
10392,20
10393,5
10394,9
10395,2
10396,32
10397,7
10398,5
10399,12
10400,17
10401,8
10402,22
10403,3
10404,5
10405,19
10406,6
10407,3
10408,1
10409,10
10410,5
10411,1
10412,17
10413,12
10414,16
10415,6
10416,16
10417,10
10418,1
10419,2
10420,1
10421,5
10422,3
10423,11
10424,1
10425,4
10426,15
10427,5
10428,5
10429,1
10430,28
10431,1
10432,11
10433,2
10434,2
10435,22
10436,23
10437,1
10438,1
10439,5
10440,5
10441,10
10442,2
10443,6
10444,2
10445,29
10446,21
10447,1
10448,8
10449,21
10450,4
10451,6
10452,10
10453,2
10454,16
10455,11
10456,1
10457,2
10458,1
10459,6
10460,2
10461,11
10462,7
10463,4
10464,3
10465,10
10466,10
10467,3
10468,7
10469,2
10470,6
10471,3
10472,2
10473,1
10474,19
10475,11
10476,13
10477,8
10478,6
10479,26
10480,11
10481,15
10482,12
10483,1
10484,3
10485,4
10486,1
10487,21
10488,9
10489,13
10490,19
10491,1
10492,21
10493,23
10494,11
10495,16
10496,12
10497,1
10498,5
10499,16
10500,2
10501,2
10502,12
10503,14
10504,27
10505,2
10506,21
10507,1
10508,19
10509,4
10510,8
10511,4
10512,4
10513,5
10514,13
10515,17
10516,10
10517,4
10518,2
10519,12
10520,25
10521,10
10522,24
10523,9
10524,2
10525,28
10526,3
10527,1
10528,16
10529,30
10530,12
10531,9
10532,1
10533,1
10534,15
10535,1
10536,16
10537,8
10538,29
10539,7
10540,15
10541,2
10542,11
10543,28
10544,4
10545,26
10546,7
10547,2
10548,1
10549,9
10550,13
10551,11
10552,13
10553,3
10554,23
10555,10
10556,6
10557,31
10558,9
10559,21
10560,1
10561,3
10562,14
10563,24
10564,5
10565,7
10566,1
10567,4
10568,2
10569,1
10570,11
10571,9
10572,5
10573,11
10574,1
10575,2
10576,23
10577,17
10578,6
10579,13
10580,19
10581,3
10582,28
10583,2
10584,14
10585,10
10586,7
10587,4
10588,7
10589,20
10590,29
10591,17
10592,7
10593,4
10594,4
10595,15
10596,3
10597,3
10598,1
10599,8
10600,12
10601,5
10602,3
10603,8
10604,1
10605,2
10606,2
10607,1
10608,2
10609,3
10610,7
10611,2
10612,7
10613,7
10614,29
10615,9
10616,12
10617,3
10618,19
10619,11
10620,7
10621,8
10622,1
10623,1
10624,2
10625,2
10626,10
10627,11
10628,1
10629,9
10630,5
10631,1
10632,6
10633,16
10634,12
10635,4
10636,2
10637,18
10638,24
10639,4
10640,2
10641,3
10642,5
10643,30
10644,1
10645,3
10646,1
10647,2
10648,4
10649,1
10650,2
10651,4
10652,4
10653,3
10654,2
10655,15
10656,1
10657,5
10658,3
10659,7
10660,1
10661,8
10662,3
10663,3
10664,8
10665,9
10666,1
10667,1
10668,12
10669,12
10670,23
10671,3
10672,2
10673,4
10674,13
10675,8
10676,8
10677,5
10678,3
10679,2
10680,8
10681,1
10682,2
10683,2
10684,2
10685,1
10686,3
10687,2
10688,1
10689,5
10690,5
10691,2
10692,1
10693,2
10694,1
10695,2
10696,1
10697,2
10698,2
10699,1
10700,3
10701,3
10702,1
10703,1
10704,1
10705,1
10706,4
10707,2
10708,1
10709,2
10710,1
10711,2
10712,4
10713,1
10714,2
10715,6
10716,2
10717,3
10718,1
10719,3
10720,5
10721,7
10722,1
10723,4
10724,4
10725,2
10726,2
10727,2
10728,1
10729,5
10730,1
10731,2
10732,1
10733,10
10734,3
10735,1
10736,1
10737,3
10738,7
10739,5
10740,2
10741,1
10742,1
10743,4
10744,1
10745,2
10746,1
10747,2
10748,1
10749,2
10750,1
10751,1
10752,1
10753,3
10754,1
10755,1
10756,2
10757,3
10758,2
10759,1
10760,2
10761,1
10762,2
10763,1
10764,1
10765,3
10766,1
10767,2
10768,3
10769,1
10770,2
10771,3
10772,2
10773,1
10774,2
10775,1
10776,2
10777,1
10778,1
10779,9
10780,1
10781,3
10782,2
10783,3
10784,1
10785,6
10786,2
10787,2
10788,1
10789,2
10790,5
10791,1
10792,1
10793,1
10794,1
10795,1
10796,2
10797,1
10798,1
10799,2
10800,2
