1,2
2,2
3,1
4,3
5,3
6,5
7,11
8,3
9,9
10,4
11,1
12,1
13,1
14,2
15,9
16,5
17,1
18,5
19,4
20,4
21,1
22,1
23,10
24,4
25,4
26,3
27,1
28,5
29,1
30,7
31,1
32,1
33,3
34,7
35,2
36,3
37,2
38,2
39,3
40,1
41,8
42,9
43,1
44,6
45,6
46,2
47,1
48,4
49,11
50,16
51,5
52,5
53,1
54,15
55,2
56,2
57,4
58,2
59,2
60,8
61,2
62,5
63,1
64,7
65,18
66,6
67,2
68,1
69,2
70,16
71,8
72,7
73,1
74,1
75,4
76,4
77,15
78,4
79,1
80,5
81,4
82,8
83,3
84,2
85,3
86,6
87,3
88,1
89,4
90,1
91,8
92,9
93,1
94,10
95,3
96,3
97,1
98,6
99,5
100,2
101,6
102,1
103,5
104,7
105,1
106,13
107,3
108,9
109,8
110,10
111,1
112,2
113,3
114,10
115,3
116,4
117,3
118,1
119,1
120,3
121,3
122,4
123,9
124,7
125,5
126,8
127,7
128,2
129,1
130,4
131,7
132,8
133,1
134,1
135,3
136,3
137,6
138,10
139,5
140,5
141,3
142,6
143,3
144,19
145,7
146,6
147,3
148,3
149,11
150,6
151,13
152,4
153,6
154,2
155,2
156,1
157,2
158,4
159,1
160,5
161,2
162,3
163,5
164,3
165,3
166,8
167,6
168,6
169,3
170,2
171,3
172,5
173,2
174,5
175,5
176,8
177,2
178,5
179,9
180,4
181,6
182,6
183,2
184,2
185,4
186,9
187,4
188,11
189,2
190,4
191,1
192,4
193,7
194,3
195,9
196,2
197,2
198,4
199,2
200,4
201,9
202,17
203,13
204,8
205,3
206,7
207,4
208,1
209,4
210,3
211,1
212,8
213,2
214,1
215,1
216,8
217,9
218,6
219,4
220,4
221,2
222,1
223,9
224,8
225,1
226,3
227,3
228,4
229,4
230,4
231,10
232,8
233,4
234,6
235,2
236,17
237,3
238,2
239,16
240,9
241,1
242,1
243,1
244,2
245,6
246,6
247,1
248,3
249,2
250,5
251,6
252,4
253,2
254,5
255,1
256,2
257,1
258,9
259,5
260,1
261,9
262,12
263,8
264,2
265,5
266,5
267,3
268,3
269,1
270,2
271,6
272,3
273,2
274,11
275,1
276,5
277,8
278,8
279,6
280,9
281,1
282,13
283,2
284,8
285,3
286,3
287,9
288,4
289,4
290,9
291,5
292,1
293,5
294,9
295,2
296,1
297,4
298,1
299,1
300,6
301,1
302,6
303,6
304,2
305,1
306,2
307,1
308,6
309,5
310,4
311,1
312,2
313,5
314,4
315,1
316,5
317,3
318,1
319,1
320,1
321,3
322,5
323,4
324,5
325,6
326,3
327,2
328,1
329,2
330,3
331,2
332,4
333,2
334,2
335,2
336,4
337,2
338,3
339,1
340,2
341,5
342,12
343,1
344,3
345,5
346,1
347,7
348,2
349,5
350,2
351,4
352,1
353,2
354,3
355,4
356,4
357,3
358,3
359,5
360,1
361,7
362,3
363,3
364,2
365,7
366,4
367,2
368,3
369,2
370,2
371,4
372,1
373,15
374,1
375,5
376,4
377,2
378,3
379,7
380,6
381,8
382,4
383,4
384,1
385,6
386,1
387,1
388,3
389,9
390,2
391,3
392,2
393,1
394,7
395,7
396,1
397,5
398,3
399,1
400,6
401,4
402,7
403,2
404,1
405,7
406,1
407,4
408,6
409,1
410,6
411,4
412,1
413,3
414,7
415,3
416,1
417,7
418,9
419,13
420,9
421,8
422,1
423,4
424,3
425,4
426,1
427,13
428,3
429,1
430,3
431,5
432,6
433,1
434,3
435,2
436,1
437,7
438,2
439,4
440,1
441,3
442,2
443,9
444,1
445,6
446,4
447,5
448,5
449,10
450,1
451,6
452,2
453,2
454,6
455,1
456,3
457,3
458,7
459,5
460,1
461,8
462,2
463,2
464,6
465,10
466,2
467,3
468,1
469,7
470,1
471,1
472,14
473,9
474,7
475,1
476,3
477,1
478,3
479,1
480,1
481,1
482,8
483,2
484,5
485,1
486,12
487,7
488,1
489,12
490,3
491,1
492,7
493,12
494,7
495,1
496,4
497,4
498,2
499,12
500,6
501,5
502,11
503,2
504,2
505,6
506,2
507,9
508,6
509,1
510,1
511,11
512,6
513,5
514,2
515,1
516,3
517,4
518,1
519,7
520,3
521,1
522,3
523,4
524,2
525,3
526,5
527,1
528,2
529,10
530,3
531,3
532,1
533,3
534,5
535,7
536,7
537,11
538,14
539,1
540,2
541,3
542,5
543,3
544,1
545,4
546,4
547,6
548,5
549,2
550,3
551,1
552,2
553,1
554,2
555,2
556,2
557,2
558,6
559,9
560,5
561,2
562,2
563,2
564,1
565,3
566,3
567,3
568,4
569,2
570,6
571,3
572,4
573,1
574,1
575,3
576,3
577,5
578,4
579,1
580,1
581,1
582,3
583,2
584,2
585,3
586,2
587,1
588,2
589,1
590,5
591,2
592,6
593,2
594,5
595,5
596,5
597,5
598,1
599,1
600,1
601,7
602,1
603,6
604,1
605,6
606,1
607,3
608,2
609,1
610,3
611,4
612,1
613,3
614,1
615,1
616,2
617,5
618,4
619,3
620,1
621,1
622,4
623,3
624,2
625,2
626,1
627,5
628,3
629,3
630,1
631,5
632,1
633,7
634,6
635,4
636,10
637,7
638,5
639,12
640,2
641,1
642,2
643,1
644,5
645,6
646,9
647,7
648,9
649,3
650,3
651,42
652,7
653,6
654,5
655,1
656,6
657,4
658,3
659,2
660,12
661,1
662,18
663,4
664,1
665,4
666,16
667,3
668,7
669,13
670,2
671,14
672,25
673,3
674,4
675,3
676,5
677,2
678,4
679,2
680,1
681,14
682,15
683,6
684,9
685,2
686,9
687,35
688,14
689,4
690,10
691,3
692,5
693,15
694,8
695,4
696,4
697,8
698,3
699,3
700,13
701,7
702,12
703,9
704,26
705,3
706,8
707,19
708,9
709,4
710,4
711,3
712,9
713,12
714,16
715,8
716,15
717,3
718,16
719,2
720,5
721,7
722,2
723,1
724,6
725,9
726,2
727,4
728,1
729,8
730,9
731,2
732,1
733,4
734,1
735,3
736,3
737,17
738,4
739,3
740,6
741,11
742,1
743,2
744,1
745,4
746,4
747,2
748,7
749,6
750,3
751,6
752,4
753,3
754,2
755,6
756,1
757,1
758,2
759,2
760,1
761,2
762,5
763,2
764,6
765,7
766,2
767,3
768,3
769,7
770,1
771,6
772,1
773,3
774,1
775,3
776,6
777,2
778,1
779,15
780,7
781,4
782,17
783,3
784,3
785,2
786,1
787,9
788,3
789,2
790,2
791,3
792,2
793,2
794,4
795,4
796,2
797,6
798,1
799,3
800,5
801,14
802,1
803,2
804,1
805,2
806,1
807,5
808,1
809,4
810,1
811,4
812,4
813,3
814,4
815,1
816,1
817,9
818,6
819,2
820,9
821,3
822,1
823,1
824,4
825,2
826,11
827,9
828,4
829,9
830,18
831,5
832,3
833,2
834,6
835,5
836,2
837,2
838,11
839,2
840,3
841,7
842,2
843,1
844,9
845,1
846,3
847,12
848,5
849,7
850,2
851,2
852,9
853,3
854,2
855,1
856,1
857,6
858,1
859,2
860,9
861,13
862,1
863,4
864,3
865,4
866,1
867,6
868,13
869,11
870,3
871,5
872,1
873,3
874,4
875,2
876,1
877,6
878,1
879,5
880,4
881,5
882,1
883,1
884,1
885,2
886,1
887,6
888,3
889,2
890,6
891,5
892,6
893,1
894,1
895,3
896,4
897,2
898,5
899,4
900,1
901,3
902,1
903,2
904,2
905,1
906,3
907,1
908,3
909,5
910,5
911,2
912,5
913,1
914,4
915,1
916,4
917,5
918,1
919,1
920,4
921,1
922,1
923,1
924,1
925,1
926,3
927,2
928,1
929,8
930,3
931,3
932,7
933,1
934,2
935,6
936,6
937,3
938,6
939,1
940,6
941,1
942,2
943,10
944,3
945,2
946,2
947,2
948,1
949,4
950,6
951,10
952,1
953,17
954,11
955,1
956,8
957,4
958,2
959,2
960,12
961,8
962,4
963,2
964,2
965,13
966,4
967,17
968,2
969,9
970,6
971,11
972,2
973,10
974,9
975,5
976,3
977,7
978,2
979,2
980,1
981,2
982,15
983,12
984,3
985,1
986,1
987,20
988,7
989,4
990,2
991,24
992,3
993,10
994,3
995,2
996,1
997,4
998,12
999,14
1000,22
1001,9
1002,4
1003,10
1004,2
1005,10
1006,6
1007,1
1008,3
1009,7
1010,2
1011,1
1012,6
1013,16
1014,12
1015,8
1016,2
1017,14
1018,9
1019,3
1020,7
1021,13
1022,10
1023,1
1024,4
1025,1
1026,5
1027,4
1028,6
1029,23
1030,3
1031,4
1032,1
1033,9
1034,26
1035,22
1036,7
1037,2
1038,14
1039,1
1040,7
1041,6
1042,8
1043,3
1044,17
1045,18
1046,8
1047,8
1048,35
1049,2
1050,18
1051,6
1052,15
1053,8
1054,10
1055,6
1056,5
1057,3
1058,4
1059,20
1060,14
1061,10
1062,5
1063,7
1064,8
1065,4
1066,4
1067,3
1068,13
1069,5
1070,12
1071,7
1072,7
1073,14
1074,21
1075,20
1076,4
1077,7
1078,12
1079,2
1080,13
1081,6
1082,13
1083,4
1084,1
1085,12
1086,10
1087,5
1088,2
1089,20
1090,1
1091,5
1092,24
1093,13
1094,15
1095,4
1096,7
1097,6
1098,3
1099,7
1100,2
1101,4
1102,5
1103,2
1104,3
1105,12
1106,3
1107,4
1108,11
1109,8
1110,1
1111,31
1112,2
1113,5
1114,2
1115,19
1116,2
1117,1
1118,2
1119,33
1120,10
1121,36
1122,1
1123,16
1124,11
1125,19
1126,4
1127,2
1128,1
1129,4
1130,5
1131,4
1132,3
1133,2
1134,8
1135,1
1136,12
1137,2
1138,7
1139,18
1140,12
1141,5
1142,12
1143,5
1144,2
1145,13
1146,3
1147,6
1148,4
1149,17
1150,1
1151,11
1152,1
1153,13
1154,18
1155,4
1156,1
1157,6
1158,5
1159,2
1160,2
1161,7
1162,15
1163,1
1164,6
1165,3
1166,5
1167,11
1168,5
1169,11
1170,3
1171,7
1172,6
1173,1
1174,3
1175,43
1176,2
1177,5
1178,4
1179,3
1180,13
1181,21
1182,14
1183,1
1184,13
1185,3
1186,3
1187,21
1188,4
1189,15
1190,1
1191,4
1192,6
1193,14
1194,13
1195,10
1196,5
1197,4
1198,4
1199,2
1200,20
1201,2
1202,16
1203,2
1204,5
1205,8
1206,6
1207,8
1208,7
1209,2
1210,15
1211,1
1212,32
1213,1
1214,13
1215,14
1216,20
1217,30
1218,19
1219,1
1220,4
1221,10
1222,6
1223,8
1224,10
1225,12
1226,3
1227,24
1228,3
1229,3
1230,9
1231,10
1232,10
1233,3
1234,1
1235,20
1236,4
1237,9
1238,4
1239,7
1240,16
1241,1
1242,9
1243,3
1244,2
1245,5
1246,4
1247,4
1248,5
1249,2
1250,1
1251,13
1252,11
1253,24
1254,5
1255,2
1256,2
1257,16
1258,13
1259,4
1260,11
1261,3
1262,11
1263,7
1264,1
1265,8
1266,8
1267,2
1268,3
1269,6
1270,8
1271,2
1272,6
1273,6
1274,4
1275,4
1276,6
1277,12
1278,2
1279,10
1280,14
1281,2
1282,2
1283,17
1284,10
1285,13
1286,2
1287,2
1288,15
1289,1
1290,4
1291,7
1292,6
1293,1
1294,1
1295,7
1296,2
1297,7
1298,3
1299,4
1300,9
1301,2
1302,3
1303,2
1304,3
1305,1
1306,1
1307,3
1308,1
1309,1
1310,5
1311,6
1312,3
1313,3
1314,1
1315,2
1316,4
1317,1
1318,2
1319,16
1320,10
1321,2
1322,9
1323,9
1324,14
1325,4
1326,2
1327,10
1328,3
1329,1
1330,5
1331,8
1332,3
1333,2
1334,5
1335,2
1336,2
1337,3
1338,1
1339,3
1340,6
1341,2
1342,1
1343,4
1344,1
1345,12
1346,1
1347,5
1348,1
1349,4
1350,1
1351,17
1352,3
1353,2
1354,1
1355,2
1356,11
1357,4
1358,1
1359,8
1360,2
1361,9
1362,2
1363,5
1364,4
1365,1
1366,4
1367,1
1368,2
1369,7
1370,2
1371,2
1372,3
1373,5
1374,4
1375,6
1376,2
1377,2
1378,2
1379,1
1380,1
1381,8
1382,2
1383,13
1384,1
1385,11
1386,1
1387,1
1388,2
1389,1
1390,2
1391,1
1392,2
1393,1
1394,6
1395,10
1396,6
1397,3
1398,6
1399,1
1400,8
1401,1
1402,5
1403,2
1404,1
1405,2
1406,7
1407,2
1408,3
1409,1
1410,4
1411,3
1412,1
1413,2
1414,2
1415,5
1416,2
1417,3
1418,1
1419,7
1420,5
1421,3
1422,2
1423,2
1424,3
1425,20
1426,5
1427,13
1428,9
1429,8
1430,12
1431,1
1432,4
1433,7
1434,3
1435,1
1436,2
1437,2
1438,1
1439,2
1440,2
1441,5
1442,2
1443,2
1444,2
1445,11
1446,3
1447,4
1448,4
1449,2
1450,5
1451,1
1452,4
1453,8
1454,1
1455,23
1456,3
1457,2
1458,2
1459,2
1460,4
1461,4
1462,3
1463,1
1464,2
1465,3
1466,5
1467,3
1468,1
1469,1
1470,6
1471,17
1472,15
1473,3
1474,7
1475,6
1476,2
1477,8
1478,6
1479,1
1480,1
1481,1
1482,5
1483,5
1484,3
1485,14
1486,3
1487,5
1488,3
1489,3
1490,9
1491,1
1492,3
1493,1
1494,10
1495,3
1496,2
1497,9
1498,1
1499,1
1500,2
1501,1
1502,3
1503,5
1504,1
1505,11
1506,3
1507,4
1508,1
1509,1
1510,5
1511,5
1512,3
1513,8
1514,3
1515,1
1516,6
1517,1
1518,8
1519,1
1520,5
1521,1
1522,10
1523,1
1524,8
1525,2
1526,3
1527,13
1528,3
1529,1
1530,7
1531,3
1532,2
1533,3
1534,1
1535,3
1536,1
1537,1
1538,2
1539,3
1540,1
1541,3
1542,11
1543,11
1544,2
1545,4
1546,4
1547,5
1548,3
1549,5
1550,1
1551,6
1552,2
1553,6
1554,3
1555,1
1556,6
1557,4
1558,3
1559,2
1560,1
1561,12
1562,5
1563,11
1564,2
1565,3
1566,3
1567,2
1568,2
1569,7
1570,3
1571,13
1572,6
1573,4
1574,3
1575,5
1576,1
1577,1
1578,8
1579,1
1580,4
1581,2
1582,5
1583,3
1584,2
1585,2
1586,3
1587,2
1588,4
1589,3
1590,1
1591,3
1592,2
1593,2
1594,11
1595,6
1596,7
1597,2
1598,2
1599,2
1600,15
1601,1
1602,2
1603,5
1604,1
1605,8
1606,1
1607,4
1608,2
1609,4
1610,4
1611,2
1612,2
1613,2
1614,5
1615,1
1616,1
1617,5
1618,3
1619,4
1620,1
1621,14
1622,4
1623,3
1624,1
1625,2
1626,3
1627,5
1628,5
1629,4
1630,9
1631,1
1632,4
1633,12
1634,11
1635,22
1636,4
1637,1
1638,5
1639,12
1640,3
1641,5
1642,1
1643,8
1644,17
1645,1
1646,1
1647,10
1648,1
1649,9
1650,1
1651,4
1652,5
1653,7
1654,9
1655,4
1656,10
1657,16
1658,3
1659,1
1660,4
1661,5
1662,24
1663,3
1664,3
1665,1
1666,7
1667,7
1668,5
1669,2
1670,3
1671,2
1672,1
1673,13
1674,4
1675,8
1676,3
1677,1
1678,9
1679,1
1680,4
1681,2
1682,6
1683,3
1684,1
1685,11
1686,3
1687,4
1688,3
1689,1
1690,9
1691,7
1692,23
1693,2
1694,4
1695,4
1696,3
1697,4
1698,2
1699,11
1700,11
1701,6
1702,6
1703,14
1704,6
1705,2
1706,1
1707,6
1708,3
1709,1
1710,3
1711,5
1712,4
1713,9
1714,1
1715,14
1716,32
1717,12
1718,7
1719,6
1720,8
1721,8
1722,1
1723,7
1724,2
1725,4
1726,4
1727,2
1728,16
1729,4
1730,11
1731,1
1732,2
1733,10
1734,7
1735,7
1736,16
1737,5
1738,10
1739,11
1740,22
1741,4
1742,2
1743,5
1744,2
1745,9
1746,9
1747,7
1748,2
1749,16
1750,20
1751,8
1752,5
1753,17
1754,4
1755,7
1756,1
1757,3
1758,2
1759,8
1760,7
1761,18
1762,1
1763,1
1764,2
1765,1
1766,2
1767,19
1768,2
1769,16
1770,3
1771,2
1772,19
1773,20
1774,14
1775,1
1776,14
1777,2
1778,1
1779,12
1780,2
1781,23
1782,10
1783,16
1784,10
1785,13
1786,3
1787,5
1788,1
1789,3
1790,9
1791,3
1792,1
1793,12
1794,4
1795,1
1796,3
1797,16
1798,2
1799,2
1800,3
1801,1
1802,2
1803,21
1804,12
1805,1
1806,16
1807,3
1808,11
1809,1
1810,8
1811,4
1812,11
1813,10
1814,3
1815,11
1816,22
1817,8
1818,52
1819,17
1820,3
1821,4
1822,14
1823,5
1824,21
1825,7
1826,1
1827,7
1828,7
1829,7
1830,33
1831,1
1832,9
1833,4
1834,23
1835,5
1836,13
1837,2
1838,12
1839,18
1840,1
1841,4
1842,10
1843,8
1844,8
1845,1
1846,23
1847,6
1848,10
1849,3
1850,21
1851,19
1852,5
1853,3
1854,3
1855,8
1856,1
1857,13
1858,9
1859,5
1860,10
1861,13
1862,3
1863,3
1864,8
1865,5
1866,13
1867,11
1868,20
1869,11
1870,10
1871,6
1872,1
1873,3
1874,41
1875,5
1876,8
1877,11
1878,7
1879,12
1880,3
1881,1
1882,29
1883,5
1884,6
1885,1
1886,1
1887,16
1888,22
1889,1
1890,2
1891,10
1892,15
1893,3
1894,13
1895,2
1896,9
1897,1
1898,10
1899,2
1900,2
1901,3
1902,1
1903,2
1904,1
1905,7
1906,3
1907,6
1908,5
1909,15
1910,2
1911,13
1912,1
1913,1
1914,21
1915,13
1916,7
1917,7
1918,15
1919,4
1920,5
1921,1
1922,9
1923,7
1924,5
1925,7
1926,3
1927,11
1928,22
1929,7
1930,2
1931,6
1932,4
1933,2
1934,2
1935,2
1936,2
1937,4
1938,9
1939,1
1940,6
1941,13
1942,4
1943,1
1944,3
1945,1
1946,2
1947,1
1948,8
1949,3
1950,9
1951,1
1952,3
1953,1
1954,3
1955,2
1956,6
1957,2
1958,1
1959,5
1960,2
1961,2
1962,5
1963,4
1964,1
1965,2
1966,2
1967,6
1968,3
1969,12
1970,2
1971,3
1972,3
1973,1
1974,1
1975,1
1976,1
1977,3
1978,2
1979,6
1980,2
1981,2
1982,4
1983,1
1984,5
1985,1
1986,5
1987,3
1988,2
1989,4
1990,1
1991,17
1992,2
1993,1
1994,6
1995,1
1996,5
1997,4
1998,2
1999,4
2000,6
2001,2
2002,1
2003,19
2004,2
2005,6
2006,1
2007,4
2008,4
2009,2
2010,6
2011,1
2012,2
2013,1
2014,2
2015,13
2016,1
2017,1
2018,8
2019,5
2020,3
2021,4
2022,1
2023,8
2024,1
2025,2
2026,15
2027,1
2028,8
2029,5
2030,7
2031,2
2032,3
2033,2
2034,4
2035,2
2036,4
2037,3
2038,2
2039,9
2040,2
2041,1
2042,1
2043,8
2044,4
2045,4
2046,4
2047,3
2048,2
2049,2
2050,3
2051,2
2052,1
2053,5
2054,6
2055,4
2056,11
2057,1
2058,1
2059,6
2060,1
2061,6
2062,3
2063,11
2064,1
2065,4
2066,5
2067,2
2068,9
2069,2
2070,1
2071,5
2072,2
2073,7
2074,12
2075,1
2076,4
2077,8
2078,2
2079,6
2080,2
2081,1
2082,1
2083,1
2084,2
2085,7
2086,1
2087,4
2088,1
2089,8
2090,2
2091,12
2092,3
2093,2
2094,6
2095,10
2096,2
2097,5
2098,1
2099,3
2100,7
2101,6
2102,9
2103,3
2104,1
2105,3
2106,2
2107,3
2108,2
2109,3
2110,22
2111,3
2112,5
2113,4
2114,2
2115,14
2116,1
2117,2
2118,2
2119,1
2120,5
2121,1
2122,7
2123,1
2124,2
2125,11
2126,3
2127,1
2128,1
2129,8
2130,1
2131,2
2132,2
2133,1
2134,6
2135,3
2136,9
2137,5
2138,7
2139,2
2140,20
2141,1
2142,6
2143,1
2144,3
2145,3
2146,5
2147,2
2148,9
2149,1
2150,10
2151,1
2152,1
2153,3
2154,3
2155,1
2156,1
2157,5
2158,3
2159,1
2160,1
2161,2
2162,4
2163,2
2164,12
2165,3
2166,6
2167,11
2168,7
2169,3
2170,1
2171,8
2172,17
2173,1
2174,1
2175,2
2176,2
2177,21
2178,6
2179,6
2180,3
2181,20
2182,2
2183,2
2184,1
2185,7
2186,8
2187,7
2188,11
2189,16
2190,1
2191,1
2192,19
2193,6
2194,18
2195,21
2196,1
2197,18
2198,2
2199,8
2200,1
2201,17
2202,4
2203,1
2204,5
2205,3
2206,1
2207,10
2208,14
2209,10
2210,2
2211,17
2212,10
2213,1
2214,18
2215,9
2216,8
2217,7
2218,4
2219,25
2220,1
2221,1
2222,36
2223,1
2224,8
2225,9
2226,1
2227,3
2228,6
2229,4
2230,2
2231,15
2232,2
2233,2
2234,1
2235,6
2236,3
2237,6
2238,9
2239,1
2240,14
2241,4
2242,1
2243,12
2244,19
2245,3
2246,4
2247,35
2248,8
2249,10
2250,6
2251,22
2252,3
2253,4
2254,12
2255,13
2256,1
2257,7
2258,6
2259,6
2260,2
2261,6
2262,5
2263,6
2264,7
2265,7
2266,5
2267,30
2268,3
2269,16
2270,14
2271,5
2272,9
2273,4
2274,16
2275,9
2276,1
2277,10
2278,8
2279,4
2280,4
2281,15
2282,1
2283,5
2284,6
2285,3
2286,4
2287,9
2288,7
2289,21
2290,6
2291,1
2292,9
2293,1
2294,9
2295,12
2296,2
2297,7
2298,7
2299,9
2300,2
2301,7
2302,1
2303,2
2304,3
2305,4
2306,3
2307,5
2308,4
2309,6
2310,15
2311,17
2312,1
2313,7
2314,23
2315,12
2316,9
2317,8
2318,21
2319,17
2320,20
2321,11
2322,26
2323,4
2324,13
2325,10
2326,3
2327,1
2328,3
2329,16
2330,19
2331,14
2332,2
2333,11
2334,4
2335,4
2336,5
2337,25
2338,6
2339,5
2340,2
2341,9
2342,16
2343,16
2344,2
2345,23
2346,19
2347,10
2348,13
2349,18
2350,1
2351,8
2352,38
2353,3
2354,2
2355,1
2356,2
2357,4
2358,1
2359,8
2360,2
2361,5
2362,10
2363,6
2364,25
2365,4
2366,1
2367,4
2368,12
2369,6
2370,3
2371,2
2372,28
2373,4
2374,16
2375,6
2376,24
2377,7
2378,2
2379,9
2380,2
2381,1
2382,26
2383,1
2384,1
2385,20
2386,4
2387,15
2388,7
2389,15
2390,7
2391,19
2392,22
2393,6
2394,19
2395,27
2396,11
2397,8
2398,17
2399,67
2400,6
2401,2
2402,14
2403,6
2404,19
2405,2
2406,2
2407,7
2408,24
2409,15
2410,4
2411,2
2412,7
2413,6
2414,22
2415,3
2416,14
2417,1
2418,13
2419,10
2420,16
2421,27
2422,4
2423,10
2424,24
2425,22
2426,17
2427,8
2428,18
2429,25
2430,12
2431,2
2432,18
2433,16
2434,2
2435,30
2436,1
2437,3
2438,14
2439,25
2440,11
2441,5
2442,36
2443,4
2444,6
2445,10
2446,3
2447,53
2448,23
2449,6
2450,36
2451,1
2452,6
2453,5
2454,15
2455,4
2456,1
2457,12
2458,13
2459,7
2460,1
2461,3
2462,25
2463,8
2464,26
2465,7
2466,41
2467,3
2468,1
2469,28
2470,7
2471,18
2472,11
2473,2
2474,5
2475,4
2476,6
2477,4
2478,6
2479,7
2480,13
2481,17
2482,51
2483,41
2484,8
2485,2
2486,7
2487,9
2488,3
2489,2
2490,8
2491,2
2492,49
2493,8
2494,29
2495,14
2496,11
2497,9
2498,23
2499,26
2500,4
2501,6
2502,9
2503,26
2504,10
2505,12
2506,17
2507,7
2508,10
2509,5
2510,17
2511,14
2512,7
2513,1
2514,2
2515,9
2516,3
2517,18
2518,12
2519,13
2520,1
2521,20
2522,3
2523,4
2524,6
2525,3
2526,2
2527,21
2528,30
2529,21
2530,28
2531,7
2532,12
2533,1
2534,19
2535,27
2536,6
2537,1
2538,21
2539,15
2540,12
2541,6
2542,14
2543,65
2544,15
2545,3
2546,25
2547,25
2548,19
2549,14
2550,4
2551,30
2552,10
2553,15
2554,58
2555,32
2556,18
2557,18
2558,28
2559,10
2560,14
2561,3
2562,12
2563,9
2564,24
2565,8
2566,3
2567,25
2568,16
2569,4
2570,8
2571,2
2572,3
2573,10
2574,15
2575,7
2576,10
2577,24
2578,5
2579,1
2580,46
2581,27
2582,10
2583,6
2584,6
2585,3
2586,25
2587,2
2588,10
2589,71
2590,5
2591,7
2592,27
2593,1
2594,6
2595,47
2596,5
2597,12
2598,19
2599,9
2600,19
2601,63
2602,5
2603,21
2604,1
2605,13
2606,14
2607,27
2608,19
2609,13
2610,35
2611,11
2612,36
2613,8
2614,6
2615,20
2616,9
2617,9
2618,47
2619,4
2620,8
2621,20
2622,21
2623,20
2624,1
2625,5
2626,5
2627,1
2628,15
2629,9
2630,24
2631,1
2632,22
2633,24
2634,3
2635,21
2636,15
2637,20
2638,25
2639,11
2640,27
2641,14
2642,22
2643,3
2644,13
2645,31
2646,26
2647,6
2648,5
2649,22
2650,8
2651,1
2652,13
2653,8
2654,23
2655,5
2656,4
2657,6
2658,10
2659,61
2660,6
2661,3
2662,4
2663,19
2664,13
2665,15
2666,3
2667,39
2668,1
2669,11
2670,5
2671,21
2672,17
2673,19
2674,3
2675,10
2676,13
2677,2
2678,5
2679,11
2680,17
2681,6
2682,23
2683,1
2684,18
2685,26
2686,5
2687,1
2688,14
2689,13
2690,27
2691,25
2692,5
2693,1
2694,5
2695,10
2696,5
2697,9
2698,26
2699,12
2700,2
2701,13
2702,6
2703,3
2704,18
2705,20
2706,22
2707,47
2708,20
2709,5
2710,21
2711,8
2712,1
2713,3
2714,1
2715,11
2716,12
2717,10
2718,4
2719,14
2720,3
2721,1
2722,3
2723,2
2724,22
2725,7
2726,4
2727,7
2728,2
2729,30
2730,3
2731,12
2732,1
2733,6
2734,14
2735,14
2736,7
2737,3
2738,9
2739,11
2740,15
2741,9
2742,6
2743,1
2744,24
2745,9
2746,2
2747,8
2748,8
2749,9
2750,20
2751,3
2752,2
2753,1
2754,18
2755,5
2756,14
2757,4
2758,3
2759,20
2760,2
2761,8
2762,1
2763,20
2764,5
2765,21
2766,18
2767,44
2768,29
2769,5
2770,3
2771,33
2772,9
2773,17
2774,3
2775,41
2776,6
2777,3
2778,10
2779,14
2780,16
2781,5
2782,45
2783,6
2784,6
2785,12
2786,8
2787,14
2788,10
2789,6
2790,29
2791,5
2792,1
2793,7
2794,10
2795,10
2796,10
2797,4
2798,1
2799,8
2800,21
2801,10
2802,12
2803,5
2804,5
2805,4
2806,7
2807,4
2808,8
2809,5
2810,26
2811,2
2812,4
2813,12
2814,9
2815,4
2816,9
2817,2
2818,27
2819,12
2820,1
2821,1
2822,6
2823,1
2824,2
2825,7
2826,6
2827,4
2828,2
2829,7
2830,23
2831,1
2832,27
2833,21
2834,2
2835,7
2836,2
2837,2
2838,15
2839,1
2840,16
2841,6
2842,4
2843,18
2844,29
2845,7
2846,5
2847,2
2848,18
2849,4
2850,4
2851,11
2852,1
2853,17
2854,4
2855,1
2856,8
2857,1
2858,2
2859,1
2860,13
2861,15
2862,12
2863,2
2864,12
2865,5
2866,1
2867,2
2868,2
2869,13
2870,2
2871,8
2872,14
2873,10
2874,1
2875,4
2876,14
2877,9
2878,10
2879,4
2880,7
2881,1
2882,1
2883,5
2884,4
2885,3
2886,4
2887,5
2888,10
2889,1
2890,4
2891,7
2892,8
2893,4
2894,2
2895,3
2896,1
2897,7
2898,8
2899,10
2900,1
2901,2
2902,9
2903,3
2904,1
2905,6
2906,8
2907,1
2908,2
2909,5
2910,2
2911,20
2912,8
2913,6
2914,1
2915,5
2916,4
2917,19
2918,8
2919,10
2920,2
2921,2
2922,9
2923,1
2924,7
2925,38
2926,1
2927,1
2928,4
2929,4
2930,4
2931,7
2932,2
2933,7
2934,4
2935,6
2936,5
2937,6
2938,3
2939,1
2940,1
2941,17
2942,5
2943,3
2944,5
2945,9
2946,2
2947,2
2948,5
2949,4
2950,4
2951,3
2952,3
2953,38
2954,4
2955,10
2956,8
2957,6
2958,4
2959,2
2960,5
2961,4
2962,2
2963,12
2964,4
2965,5
2966,5
2967,7
2968,2
2969,3
2970,4
2971,4
2972,2
2973,4
2974,2
2975,4
2976,1
2977,4
2978,3
2979,5
2980,5
2981,1
2982,9
2983,4
2984,3
2985,4
2986,1
2987,13
2988,3
2989,3
2990,2
2991,11
2992,1
2993,16
2994,2
2995,6
2996,20
2997,7
2998,1
2999,10
3000,8
3001,1
3002,4
3003,3
3004,1
3005,2
3006,5
3007,8
3008,12
3009,1
3010,8
3011,2
3012,12
3013,4
3014,17
3015,18
3016,1
3017,2
3018,2
3019,13
3020,3
3021,13
3022,4
3023,5
3024,3
3025,2
3026,5
3027,1
3028,14
3029,1
3030,10
3031,3
3032,22
3033,1
3034,2
3035,12
3036,3
3037,2
3038,4
3039,12
3040,6
3041,6
3042,15
3043,1
3044,1
3045,11
3046,6
3047,6
3048,1
3049,4
3050,5
3051,11
3052,1
3053,3
3054,6
3055,1
3056,5
3057,7
3058,8
3059,8
3060,3
3061,4
3062,1
3063,2
3064,5
3065,2
3066,5
3067,6
3068,3
3069,23
3070,6
3071,2
3072,11
3073,2
3074,6
3075,6
3076,1
3077,9
3078,2
3079,3
3080,1
3081,10
3082,4
3083,6
3084,12
3085,2
3086,21
3087,17
3088,19
3089,9
3090,4
3091,2
3092,15
3093,9
3094,1
3095,18
3096,7
3097,14
3098,12
3099,4
3100,2
3101,1
3102,31
3103,3
3104,9
3105,8
3106,5
3107,19
3108,27
3109,19
3110,4
3111,1
3112,1
3113,5
3114,10
3115,15
3116,2
3117,2
3118,9
3119,14
3120,21
3121,2
3122,2
3123,31
3124,1
3125,8
3126,10
3127,6
3128,12
3129,6
3130,6
3131,16
3132,25
3133,3
3134,8
3135,2
3136,3
3137,7
3138,2
3139,1
3140,7
3141,2
3142,9
3143,27
3144,22
3145,11
3146,4
3147,8
3148,7
3149,40
3150,5
3151,28
3152,6
3153,17
3154,13
3155,2
3156,8
3157,7
3158,9
3159,1
3160,3
3161,8
3162,24
3163,23
3164,3
3165,14
3166,14
3167,1
3168,10
3169,11
3170,6
3171,13
3172,1
3173,6
3174,5
3175,2
3176,12
3177,12
3178,6
3179,2
3180,1
3181,24
3182,3
3183,8
3184,5
3185,4
3186,5
3187,1
3188,1
3189,5
3190,2
3191,12
3192,5
3193,4
3194,11
3195,4
3196,6
3197,3
3198,1
3199,4
3200,9
3201,1
3202,1
3203,4
3204,7
3205,4
3206,15
3207,5
3208,6
3209,7
3210,15
3211,31
3212,16
3213,5
3214,12
3215,5
3216,17
3217,7
3218,15
3219,11
3220,2
3221,8
3222,9
3223,5
3224,5
3225,1
3226,3
3227,3
3228,1
3229,10
3230,20
3231,5
3232,7
3233,1
3234,1
3235,8
3236,7
3237,7
3238,1
3239,6
3240,2
3241,13
3242,8
3243,1
3244,1
3245,6
3246,10
3247,14
3248,4
3249,2
3250,2
3251,4
3252,3
3253,3
3254,9
3255,14
3256,3
3257,10
3258,1
3259,1
3260,2
3261,5
3262,4
3263,2
3264,6
3265,9
3266,10
3267,3
3268,3
3269,4
3270,9
3271,1
3272,2
3273,1
3274,4
3275,5
3276,5
3277,5
3278,3
3279,6
3280,2
3281,7
3282,3
3283,1
3284,4
3285,3
3286,9
3287,1
3288,5
3289,1
3290,4
3291,1
3292,2
3293,4
3294,7
3295,2
3296,6
3297,2
3298,2
3299,5
3300,1
3301,3
3302,7
3303,6
3304,4
3305,3
3306,4
3307,2
3308,9
3309,3
3310,1
3311,2
3312,2
3313,2
3314,4
3315,4
3316,6
3317,8
3318,7
3319,2
3320,2
3321,1
3322,3
3323,9
3324,9
3325,1
3326,5
3327,1
3328,2
3329,4
3330,1
3331,2
3332,3
3333,5
3334,1
3335,1
3336,2
3337,1
3338,3
3339,7
3340,3
3341,7
3342,3
3343,21
3344,4
3345,6
3346,4
3347,1
3348,3
3349,4
3350,5
3351,1
3352,1
3353,1
3354,2
3355,9
3356,2
3357,3
3358,6
3359,6
3360,1
3361,9
3362,9
3363,2
3364,1
3365,1
3366,11
3367,2
3368,8
3369,18
3370,1
3371,5
3372,3
3373,3
3374,10
3375,10
3376,12
3377,9
3378,6
3379,15
3380,1
3381,2
3382,6
3383,5
3384,5
3385,2
3386,2
3387,1
3388,2
3389,17
3390,9
3391,14
3392,7
3393,7
3394,6
3395,11
3396,1
3397,1
3398,7
3399,2
3400,18
3401,4
3402,9
3403,9
3404,2
3405,2
3406,12
3407,6
3408,3
3409,5
3410,4
3411,4
3412,1
3413,3
3414,19
3415,8
3416,6
3417,7
3418,3
3419,7
3420,4
3421,1
3422,1
3423,1
3424,2
3425,1
3426,11
3427,8
3428,2
3429,2
3430,2
3431,3
3432,11
3433,4
3434,1
3435,3
3436,2
3437,1
3438,1
3439,4
3440,1
3441,2
3442,2
3443,6
3444,7
3445,2
3446,7
3447,9
3448,4
3449,1
3450,4
3451,12
3452,2
3453,9
3454,5
3455,1
3456,4
3457,11
3458,3
3459,5
3460,6
3461,5
3462,8
3463,1
3464,2
3465,6
3466,1
3467,3
3468,1
3469,1
3470,4
3471,3
3472,1
3473,5
3474,2
3475,2
3476,1
3477,2
3478,1
3479,4
3480,2
3481,3
3482,5
3483,4
3484,4
3485,1
3486,6
3487,5
3488,2
3489,5
3490,3
3491,4
3492,2
3493,3
3494,4
3495,4
3496,4
3497,2
3498,1
3499,7
3500,3
3501,8
3502,6
3503,5
3504,1
3505,1
3506,3
3507,2
3508,1
3509,9
3510,4
3511,3
3512,1
3513,5
3514,5
3515,6
3516,4
3517,1
3518,2
3519,1
3520,1
3521,2
3522,1
3523,1
3524,2
3525,5
3526,1
3527,7
3528,4
3529,4
3530,1
3531,6
3532,2
3533,5
3534,2
3535,1
3536,2
3537,1
3538,2
3539,1
3540,3
3541,1
3542,4
3543,1
3544,1
3545,8
3546,3
3547,1
3548,1
3549,3
3550,3
3551,2
3552,2
3553,1
3554,2
3555,3
3556,1
3557,8
3558,5
3559,5
3560,4
3561,2
3562,1
3563,4
3564,2
3565,1
3566,6
3567,2
3568,3
3569,1
3570,1
3571,2
3572,1
3573,4
3574,1
3575,3
3576,1
3577,4
3578,3
3579,1
3580,1
3581,1
3582,2
3583,4
3584,1
3585,1
3586,2
3587,5
3588,1
3589,1
3590,4
3591,2
3592,1
3593,1
3594,2
3595,3
3596,1
3597,1
3598,1
3599,1
3600,2
3601,4
3602,1
3603,3
3604,2
3605,3
3606,2
3607,2
3608,3
3609,5
3610,3
3611,5
3612,2
3613,4
3614,1
3615,3
3616,10
3617,8
3618,4
3619,4
3620,1
3621,1
3622,1
3623,2
3624,3
3625,3
3626,2
3627,4
3628,1
3629,1
3630,8
3631,1
3632,3
3633,10
3634,2
3635,5
3636,2
3637,5
3638,1
3639,3
3640,1
3641,2
3642,3
3643,2
3644,4
3645,1
3646,6
3647,2
3648,3
3649,2
3650,1
3651,3
3652,1
3653,9
3654,3
3655,2
3656,7
3657,2
3658,1
3659,2
3660,9
3661,6
3662,2
3663,1
3664,2
3665,3
3666,3
3667,5
3668,4
3669,5
3670,2
3671,4
3672,1
3673,11
3674,3
3675,5
3676,9
3677,1
3678,2
3679,6
3680,4
3681,1
3682,4
3683,4
3684,2
3685,2
3686,2
3687,6
3688,2
3689,1
3690,4
3691,2
3692,3
3693,1
3694,1
3695,6
3696,3
3697,1
3698,1
3699,6
3700,8
3701,6
3702,1
3703,1
3704,2
3705,2
3706,10
3707,8
3708,5
3709,6
3710,5
3711,1
3712,3
3713,4
3714,2
3715,1
3716,4
3717,1
3718,1
3719,1
3720,5
3721,3
3722,1
3723,2
3724,2
3725,6
3726,1
3727,3
3728,3
3729,1
3730,2
3731,2
3732,1
3733,2
3734,3
3735,2
3736,3
3737,3
3738,3
3739,2
3740,1
3741,1
3742,4
3743,7
3744,11
3745,3
3746,3
3747,3
3748,3
3749,2
3750,1
3751,6
3752,1
3753,1
3754,1
3755,7
3756,8
3757,5
3758,1
3759,3
3760,1
3761,1
3762,4
3763,1
3764,1
3765,7
3766,3
3767,2
3768,4
3769,2
3770,1
3771,5
3772,2
3773,6
3774,4
3775,2
3776,1
3777,1
3778,1
3779,4
3780,1
3781,2
3782,1
3783,3
3784,2
3785,1
3786,3
3787,8
3788,3
3789,3
3790,1
3791,1
3792,2
3793,1
3794,1
3795,3
3796,5
3797,3
3798,4
3799,4
3800,1
3801,4
3802,1
3803,1
3804,8
3805,3
3806,1
3807,1
3808,3
3809,2
3810,2
3811,6
3812,1
3813,6
3814,1
3815,4
3816,1
3817,7
3818,2
3819,2
3820,2
3821,1
3822,1
3823,1
3824,4
3825,1
3826,2
3827,4
3828,5
3829,2
3830,2
3831,1
3832,1
3833,7
3834,1
3835,1
3836,6
3837,1
3838,2
3839,2
3840,1
3841,2
3842,4
3843,3
3844,2
3845,2
3846,3
3847,7
3848,5
3849,6
3850,1
3851,2
3852,3
3853,4
3854,6
3855,1
3856,3
3857,2
3858,3
3859,14
3860,1
3861,4
3862,2
3863,3
3864,5
3865,2
3866,4
3867,2
3868,1
3869,3
3870,5
3871,2
3872,11
3873,1
3874,3
3875,10
3876,6
3877,2
3878,5
3879,1
3880,4
3881,2
3882,3
3883,1
3884,1
3885,1
3886,3
3887,2
3888,4
3889,4
3890,1
3891,7
3892,2
3893,3
3894,2
3895,3
3896,1
3897,3
3898,2
3899,1
3900,3
3901,12
3902,2
3903,7
3904,6
3905,4
3906,2
3907,5
3908,8
3909,10
3910,7
3911,3
3912,3
3913,1
3914,1
3915,1
3916,1
3917,2
3918,1
3919,1
3920,1
3921,2
3922,11
3923,2
3924,1
3925,9
3926,19
3927,6
3928,6
3929,9
3930,11
3931,5
3932,14
3933,2
3934,14
3935,1
3936,1
3937,6
3938,4
3939,4
3940,7
3941,1
3942,9
3943,2
3944,7
3945,3
3946,2
3947,1
3948,6
3949,8
3950,4
3951,4
3952,2
3953,3
3954,11
3955,10
3956,15
3957,2
3958,2
3959,15
3960,17
3961,3
3962,4
3963,17
3964,8
3965,7
3966,1
3967,1
3968,5
3969,1
3970,3
3971,1
3972,19
3973,1
3974,12
3975,7
3976,3
3977,7
3978,2
3979,3
3980,4
3981,1
3982,14
3983,3
3984,3
3985,10
3986,2
3987,3
3988,1
3989,13
3990,14
3991,2
3992,7
3993,5
3994,4
3995,2
3996,1
3997,1
3998,11
3999,12
4000,2
4001,7
4002,8
4003,1
4004,1
4005,2
4006,2
4007,1
4008,1
4009,9
4010,1
4011,4
4012,1
4013,1
4014,4
4015,4
4016,7
4017,3
4018,2
4019,10
4020,1
4021,3
4022,3
4023,8
4024,9
4025,3
4026,8
4027,3
4028,1
4029,2
4030,1
4031,13
4032,2
4033,8
4034,12
4035,1
4036,2
4037,13
4038,1
4039,2
4040,3
4041,3
4042,3
4043,4
4044,2
4045,10
4046,2
4047,8
4048,5
4049,2
4050,2
4051,5
4052,1
4053,4
4054,15
4055,6
4056,5
4057,12
4058,1
4059,11
4060,4
4061,2
4062,3
4063,1
4064,1
4065,4
4066,5
4067,1
4068,7
4069,2
4070,6
4071,1
4072,1
4073,1
4074,3
4075,19
4076,1
4077,9
4078,2
4079,5
4080,4
4081,1
4082,6
4083,3
4084,5
4085,4
4086,11
4087,7
4088,1
4089,1
4090,5
4091,1
4092,3
4093,2
4094,4
4095,15
4096,3
4097,5
4098,3
4099,1
4100,3
4101,8
4102,2
4103,16
4104,9
4105,2
4106,2
4107,3
4108,6
4109,1
4110,11
4111,9
4112,10
4113,4
4114,1
4115,1
4116,10
4117,7
4118,3
4119,11
4120,3
4121,1
4122,12
4123,2
4124,5
4125,16
4126,11
4127,5
4128,1
4129,8
4130,1
4131,4
4132,1
4133,1
4134,3
4135,1
4136,1
4137,1
4138,2
4139,11
4140,2
4141,3
4142,3
4143,4
4144,3
4145,4
4146,7
4147,7
4148,11
4149,4
4150,16
4151,2
4152,4
4153,8
4154,8
4155,1
4156,1
4157,5
4158,9
4159,2
4160,2
4161,14
4162,1
4163,3
4164,1
4165,12
4166,3
4167,1
4168,9
4169,8
4170,7
4171,1
4172,6
4173,3
4174,3
4175,1
4176,3
4177,2
4178,4
4179,19
4180,4
4181,2
4182,2
4183,3
4184,1
4185,5
4186,3
4187,2
4188,1
4189,4
4190,4
4191,1
4192,6
4193,4
4194,5
4195,6
4196,4
4197,35
4198,3
4199,1
4200,1
4201,12
4202,7
4203,2
4204,3
4205,8
4206,1
4207,1
4208,13
4209,23
4210,12
4211,4
4212,3
4213,8
4214,12
4215,3
4216,4
4217,8
4218,13
4219,3
4220,4
4221,6
4222,13
4223,1
4224,9
4225,14
4226,1
4227,15
4228,6
4229,2
4230,5
4231,2
4232,1
4233,1
4234,5
4235,2
4236,1
4237,1
4238,2
4239,1
4240,20
4241,7
4242,4
4243,3
4244,10
4245,6
4246,3
4247,2
4248,1
4249,1
4250,7
4251,2
4252,2
4253,18
4254,4
4255,6
4256,1
4257,5
4258,14
4259,1
4260,1
4261,14
4262,4
4263,2
4264,2
4265,7
4266,3
4267,4
4268,5
4269,4
4270,1
4271,1
4272,3
4273,6
4274,3
4275,3
4276,1
4277,3
4278,5
4279,1
4280,1
4281,1
4282,3
4283,2
4284,4
4285,1
4286,1
4287,2
4288,7
4289,4
4290,1
4291,4
4292,5
4293,5
4294,6
4295,2
4296,2
4297,3
4298,2
4299,3
4300,1
4301,5
4302,3
4303,1
4304,2
4305,3
4306,2
4307,3
4308,2
4309,4
4310,2
4311,1
4312,2
4313,2
4314,2
4315,1
4316,1
4317,2
4318,6
4319,1
4320,3
4321,1
4322,1
4323,2
4324,5
4325,3
4326,5
4327,2
4328,1
4329,4
4330,2
4331,4
4332,1
4333,2
4334,1
4335,3
4336,4
4337,1
4338,1
4339,2
4340,4
4341,3
4342,5
4343,1
4344,1
4345,2
4346,2
4347,2
4348,2
4349,13
4350,3
4351,3
4352,7
4353,1
4354,1
4355,2
4356,3
4357,2
4358,2
4359,2
4360,2
4361,5
4362,6
4363,2
4364,1
4365,5
4366,5
4367,5
4368,2
4369,2
4370,1
4371,1
4372,12
4373,1
4374,4
4375,1
4376,4
4377,2
4378,1
4379,3
4380,7
4381,5
4382,2
4383,8
4384,5
4385,3
4386,10
4387,2
4388,5
4389,1
4390,7
4391,1
4392,3
4393,1
4394,5
4395,2
4396,2
4397,5
4398,4
4399,2
4400,1
4401,1
4402,1
4403,6
4404,4
4405,2
4406,1
4407,9
4408,1
4409,2
4410,7
4411,3
4412,1
4413,1
4414,3
4415,2
4416,4
4417,1
4418,1
4419,1
4420,6
4421,4
4422,7
4423,3
4424,1
4425,12
4426,2
4427,1
4428,5
4429,2
4430,6
4431,7
4432,2
4433,3
4434,4
4435,1
4436,2
4437,2
4438,1
4439,11
4440,2
4441,1
4442,5
4443,3
4444,4
4445,1
4446,2
4447,4
4448,10
4449,4
4450,5
4451,7
4452,2
4453,2
4454,5
4455,4
4456,7
4457,1
4458,3
4459,3
4460,1
4461,8
4462,2
4463,3
4464,2
4465,3
4466,10
4467,3
4468,3
4469,2
4470,3
4471,7
4472,3
4473,3
4474,1
4475,1
4476,3
4477,5
4478,5
4479,6
4480,1
4481,8
4482,2
4483,1
4484,3
4485,10
4486,9
4487,2
4488,2
4489,9
4490,7
4491,4
4492,1
4493,1
4494,1
4495,4
4496,5
4497,4
4498,1
4499,7
4500,2
4501,1
4502,2
4503,5
4504,6
4505,3
4506,3
4507,6
4508,6
4509,1
4510,1
4511,1
4512,5
4513,1
4514,1
4515,4
4516,4
4517,4
4518,7
4519,10
4520,5
4521,4
4522,4
4523,8
4524,3
4525,2
4526,2
4527,1
4528,2
4529,1
4530,3
4531,2
4532,9
4533,3
4534,3
4535,3
4536,2
4537,2
4538,1
4539,5
4540,2
4541,1
4542,2
4543,4
4544,1
4545,1
4546,1
4547,1
4548,2
4549,2
4550,7
4551,3
4552,3
4553,12
4554,1
4555,4
4556,1
4557,1
4558,1
4559,1
4560,3
4561,7
4562,5
4563,1
4564,2
4565,1
4566,1
4567,3
4568,3
4569,1
4570,6
4571,1
4572,1
4573,2
4574,6
4575,1
4576,3
4577,1
4578,2
4579,7
4580,1
4581,3
4582,3
4583,4
4584,1
4585,1
4586,2
4587,2
4588,10
4589,4
4590,1
4591,5
4592,2
4593,5
4594,8
4595,1
4596,3
4597,4
4598,7
4599,1
4600,4
4601,6
4602,8
4603,1
4604,1
4605,2
4606,6
4607,1
4608,2
4609,4
4610,3
4611,5
4612,4
4613,2
4614,2
4615,6
4616,4
4617,6
4618,2
4619,3
4620,11
4621,14
4622,19
4623,4
4624,11
4625,12
4626,2
4627,7
4628,15
4629,2
4630,6
4631,3
4632,6
4633,4
4634,8
4635,13
4636,1
4637,1
4638,2
4639,2
4640,21
4641,6
4642,1
4643,30
4644,1
4645,3
4646,9
4647,31
4648,29
4649,8
4650,35
4651,2
4652,1
4653,18
4654,6
4655,4
4656,3
4657,16
4658,8
4659,14
4660,35
4661,3
4662,9
4663,3
4664,9
4665,17
4666,18
4667,15
4668,1
4669,10
4670,8
4671,3
4672,16
4673,2
4674,11
4675,6
4676,5
4677,4
4678,2
4679,1
4680,21
4681,10
4682,15
4683,9
4684,15
4685,12
4686,2
4687,38
4688,15
4689,6
4690,8
4691,7
4692,11
4693,4
4694,18
4695,6
4696,13
4697,5
4698,2
4699,15
4700,2
4701,13
4702,39
4703,11
4704,7
4705,3
4706,18
4707,3
4708,6
4709,7
4710,4
4711,7
4712,9
4713,5
4714,4
4715,9
4716,5
4717,3
4718,8
4719,7
4720,1
4721,1
4722,1
4723,1
4724,4
4725,1
4726,3
4727,1
4728,1
4729,15
4730,20
4731,14
4732,4
4733,4
4734,8
4735,5
4736,6
4737,11
4738,3
4739,2
4740,2
4741,4
4742,8
4743,2
4744,5
4745,1
4746,11
4747,11
4748,2
4749,2
4750,4
4751,1
4752,7
4753,2
4754,5
4755,1
4756,2
4757,3
4758,3
4759,10
4760,1
4761,2
4762,5
4763,5
4764,7
4765,12
4766,1
4767,6
4768,14
4769,8
4770,1
4771,15
4772,10
4773,2
4774,4
4775,8
4776,5
4777,1
4778,3
4779,10
4780,1
4781,1
4782,13
4783,5
4784,3
4785,1
4786,4
4787,8
4788,6
4789,7
4790,4
4791,2
4792,6
4793,6
4794,22
4795,9
4796,14
4797,1
4798,10
4799,26
4800,5
4801,6
4802,5
4803,25
4804,26
4805,9
4806,45
4807,9
4808,2
4809,4
4810,3
4811,10
4812,9
4813,16
4814,5
4815,11
4816,2
4817,1
4818,4
4819,4
4820,7
4821,5
4822,1
4823,15
4824,1
4825,2
4826,18
4827,5
4828,20
4829,22
4830,46
4831,1
4832,3
4833,5
4834,19
4835,2
4836,1
4837,11
4838,8
4839,3
4840,4
4841,10
4842,18
4843,2
4844,6
4845,13
4846,2
4847,1
4848,15
4849,4
4850,10
4851,19
4852,16
4853,12
4854,4
4855,13
4856,4
4857,1
4858,6
4859,2
4860,2
4861,4
4862,10
4863,8
4864,11
4865,1
4866,4
4867,13
4868,28
4869,6
4870,13
4871,11
4872,3
4873,24
4874,4
4875,7
4876,2
4877,17
4878,1
4879,1
4880,3
4881,1
4882,1
4883,9
4884,11
4885,9
4886,13
4887,12
4888,5
4889,6
4890,48
4891,2
4892,2
4893,11
4894,1
4895,3
4896,1
4897,2
4898,2
4899,2
4900,2
4901,1
4902,10
4903,3
4904,19
4905,6
4906,6
4907,5
4908,2
4909,1
4910,5
4911,4
4912,1
4913,3
4914,8
4915,1
4916,3
4917,5
4918,1
4919,7
4920,2
4921,2
4922,3
4923,2
4924,3
4925,2
4926,1
4927,1
4928,3
4929,4
4930,3
4931,3
4932,1
4933,2
4934,3
4935,2
4936,8
4937,1
4938,2
4939,1
4940,2
4941,1
4942,1
4943,1
4944,1
4945,1
4946,2
4947,1
4948,1
4949,3
4950,9
4951,1
4952,2
4953,3
4954,3
4955,2
4956,4
4957,2
4958,4
4959,2
4960,3
4961,3
4962,3
4963,1
4964,1
4965,2
4966,7
4967,2
4968,1
4969,3
4970,4
4971,1
4972,3
4973,1
4974,1
4975,5
4976,5
4977,3
4978,1
4979,5
4980,2
4981,2
4982,3
4983,4
4984,1
4985,1
4986,4
4987,1
4988,6
4989,1
4990,4
4991,1
4992,4
4993,1
4994,2
4995,3
4996,5
4997,2
4998,2
4999,1
5000,5
5001,2
5002,3
5003,3
5004,2
5005,7
5006,7
5007,1
5008,1
5009,6
5010,2
5011,3
5012,4
5013,1
5014,5
5015,4
5016,1
5017,1
5018,5
5019,1
5020,1
5021,1
5022,4
5023,1
5024,1
5025,1
5026,1
5027,1
5028,2
5029,1
5030,2
5031,1
5032,1
5033,2
5034,1
5035,5
5036,3
5037,2
5038,4
5039,1
5040,2
5041,5
5042,8
5043,1
5044,1
5045,3
5046,3
5047,1
5048,6
5049,1
5050,2
5051,2
5052,6
5053,1
5054,2
5055,6
5056,2
5057,2
5058,6
5059,2
5060,8
5061,4
5062,1
5063,2
5064,4
5065,1
5066,1
5067,3
5068,2
5069,7
5070,8
5071,4
5072,1
5073,1
5074,5
5075,3
5076,1
5077,6
5078,5
5079,1
5080,2
5081,3
5082,2
5083,1
5084,2
5085,5
5086,3
5087,8
5088,6
5089,4
5090,5
5091,8
5092,1
5093,4
5094,6
5095,1
5096,6
5097,5
5098,3
5099,1
5100,4
5101,1
5102,2
5103,2
5104,1
5105,1
5106,2
5107,2
5108,1
5109,1
5110,1
5111,2
5112,5
5113,1
5114,1
5115,1
5116,1
5117,1
5118,2
5119,1
5120,2
5121,1
5122,4
5123,4
5124,4
5125,3
5126,3
5127,1
5128,2
5129,2
5130,2
5131,1
5132,11
5133,1
5134,2
5135,2
5136,1
5137,4
5138,2
5139,1
5140,1
5141,2
5142,4
5143,8
5144,3
5145,2
5146,3
5147,1
5148,6
5149,3
5150,4
5151,3
5152,2
5153,5
5154,3
5155,1
5156,1
5157,2
5158,3
5159,2
5160,3
5161,3
5162,1
5163,2
5164,5
5165,5
5166,2
5167,4
5168,6
5169,1
5170,5
5171,4
5172,11
5173,2
5174,1
5175,2
5176,5
5177,3
5178,2
5179,3
5180,2
5181,4
5182,7
5183,1
5184,3
5185,4
5186,8
5187,1
5188,1
5189,1
5190,1
5191,1
5192,2
5193,2
5194,2
5195,1
5196,2
5197,2
5198,7
5199,2
5200,3
5201,1
5202,6
5203,2
5204,2
5205,1
5206,6
5207,3
5208,1
5209,1
5210,1
5211,3
5212,1
5213,3
5214,1
5215,1
5216,1
5217,4
5218,1
5219,7
5220,2
5221,2
5222,1
5223,4
5224,1
5225,1
5226,3
5227,4
5228,1
5229,6
5230,1
5231,7
5232,4
5233,1
5234,3
5235,2
5236,2
5237,10
5238,2
5239,2
5240,2
5241,4
5242,5
5243,4
5244,2
5245,4
5246,2
5247,6
5248,1
5249,4
5250,1
5251,1
5252,3
5253,3
5254,4
5255,2
5256,1
5257,1
5258,8
5259,1
5260,4
5261,1
5262,3
5263,1
5264,2
5265,9
5266,2
5267,1
5268,1
5269,1
5270,3
5271,13
5272,5
5273,11
5274,6
5275,3
5276,1
5277,2
5278,7
5279,4
5280,3
5281,7
5282,7
5283,4
5284,1
5285,6
5286,2
5287,5
5288,2
5289,2
5290,2
5291,3
5292,1
5293,2
5294,3
5295,5
5296,3
5297,6
5298,4
5299,3
5300,3
5301,3
5302,2
5303,1
5304,2
5305,3
5306,8
5307,2
5308,3
5309,1
5310,1
5311,4
5312,6
5313,1
5314,4
5315,1
5316,5
5317,1
5318,1
5319,9
5320,3
5321,1
5322,2
5323,3
5324,5
5325,2
5326,2
5327,7
5328,2
5329,1
5330,2
5331,4
5332,1
5333,4
5334,3
5335,10
5336,2
5337,1
5338,5
5339,4
5340,1
5341,5
5342,2
5343,1
5344,7
5345,2
5346,3
5347,1
5348,3
5349,5
5350,1
5351,1
5352,1
5353,1
5354,1
5355,2
5356,6
5357,2
5358,4
5359,4
5360,2
5361,2
5362,3
5363,3
5364,4
5365,4
5366,9
5367,1
5368,2
5369,7
5370,2
5371,4
5372,1
5373,1
5374,11
5375,3
5376,3
5377,5
5378,2
5379,2
5380,5
5381,5
5382,4
5383,1
5384,3
5385,1
5386,1
5387,1
5388,1
5389,1
5390,6
5391,4
5392,2
5393,2
5394,2
5395,2
5396,2
5397,1
5398,2
5399,2
5400,7
5401,2
5402,1
5403,2
5404,4
5405,2
5406,3
5407,1
5408,1
5409,1
5410,5
5411,5
5412,4
5413,3
5414,4
5415,1
5416,1
5417,3
5418,4
5419,3
5420,3
5421,4
5422,1
5423,3
5424,3
5425,1
5426,1
5427,2
5428,4
5429,7
5430,2
5431,1
5432,1
5433,1
5434,1
5435,3
5436,2
5437,3
5438,1
5439,4
5440,2
5441,10
5442,1
5443,2
5444,4
5445,4
5446,4
5447,1
5448,14
5449,5
5450,5
5451,1
5452,2
5453,2
5454,1
5455,2
5456,5
5457,2
5458,1
5459,3
5460,3
5461,6
5462,5
5463,13
5464,4
5465,1
5466,2
5467,2
5468,1
5469,13
5470,2
5471,5
5472,2
5473,6
5474,6
5475,3
5476,3
5477,11
5478,5
5479,3
5480,1
5481,1
5482,3
5483,2
5484,1
5485,2
5486,3
5487,1
5488,2
5489,2
5490,1
5491,1
5492,1
5493,1
5494,3
5495,2
5496,1
5497,6
5498,2
5499,2
5500,4
5501,5
5502,3
5503,1
5504,4
5505,1
5506,4
5507,3
5508,1
5509,5
5510,4
5511,3
5512,1
5513,5
5514,5
5515,3
5516,1
5517,1
5518,8
5519,1
5520,6
5521,2
5522,1
5523,4
5524,2
5525,5
5526,8
5527,4
5528,8
5529,1
5530,1
5531,2
5532,2
5533,3
5534,3
5535,5
5536,1
5537,2
5538,4
5539,3
5540,1
5541,1
5542,1
5543,4
5544,3
5545,6
5546,1
5547,4
5548,1
5549,2
5550,2
5551,2
5552,2
5553,2
5554,5
5555,11
5556,4
5557,1
5558,4
5559,1
5560,1
5561,4
5562,2
5563,2
5564,2
5565,2
5566,3
5567,2
5568,1
5569,2
5570,2
5571,8
5572,1
5573,2
5574,1
5575,3
5576,1
5577,2
5578,7
5579,1
5580,2
5581,2
5582,7
5583,2
5584,5
5585,5
5586,1
5587,4
5588,14
5589,1
5590,3
5591,5
5592,2
5593,4
5594,1
5595,5
5596,5
5597,4
5598,1
5599,1
5600,2
5601,4
5602,2
5603,2
5604,4
5605,1
5606,7
5607,2
5608,3
5609,1
5610,1
5611,2
5612,1
5613,7
5614,4
5615,1
5616,5
5617,3
5618,4
5619,4
5620,13
5621,20
5622,2
5623,4
5624,3
5625,3
5626,5
5627,1
5628,5
5629,3
5630,4
5631,2
5632,8
5633,4
5634,11
5635,6
5636,12
5637,2
5638,2
5639,6
5640,8
5641,3
5642,5
5643,1
5644,9
5645,1
5646,6
5647,9
5648,2
5649,6
5650,10
5651,1
5652,2
5653,4
5654,1
5655,12
5656,1
5657,13
5658,3
5659,16
5660,2
5661,11
5662,6
5663,4
5664,2
5665,15
5666,11
5667,15
5668,1
5669,12
5670,4
5671,14
5672,3
5673,1
5674,5
5675,9
5676,5
5677,5
5678,4
5679,1
5680,10
5681,3
5682,3
5683,9
5684,1
5685,4
5686,2
5687,4
5688,4
5689,8
5690,2
5691,3
5692,3
5693,13
5694,9
5695,4
5696,7
5697,14
5698,1
5699,5
5700,2
5701,1
5702,2
5703,3
5704,1
5705,21
5706,11
5707,3
5708,6
5709,13
5710,9
5711,2
5712,8
5713,16
5714,1
5715,4
5716,7
5717,5
5718,2
5719,3
5720,5
5721,10
5722,17
5723,7
5724,21
5725,5
5726,2
5727,1
5728,5
5729,15
5730,17
5731,5
5732,6
5733,2
5734,19
5735,3
5736,14
5737,8
5738,12
5739,5
5740,3
5741,10
5742,8
5743,8
5744,28
5745,14
5746,15
5747,16
5748,4
5749,3
5750,5
5751,4
5752,2
5753,8
5754,6
5755,12
5756,5
5757,12
5758,20
5759,36
5760,27
5761,7
5762,27
5763,6
5764,9
5765,1
5766,2
5767,4
5768,2
5769,6
5770,2
5771,16
5772,9
5773,2
5774,5
5775,3
5776,2
5777,1
5778,7
5779,31
5780,10
5781,1
5782,6
5783,1
5784,7
5785,14
5786,5
5787,5
5788,4
5789,4
5790,10
5791,7
5792,2
5793,3
5794,1
5795,2
5796,5
5797,9
5798,1
5799,1
5800,7
5801,1
5802,1
5803,6
5804,7
5805,1
5806,4
5807,6
5808,5
5809,3
5810,3
5811,1
5812,7
5813,4
5814,3
5815,2
5816,8
5817,2
5818,1
5819,1
5820,4
5821,1
5822,1
5823,1
5824,1
5825,5
5826,2
5827,5
5828,4
5829,6
5830,3
5831,8
5832,2
5833,1
5834,2
5835,1
5836,2
5837,2
5838,3
5839,1
5840,5
5841,5
5842,1
5843,2
5844,2
5845,3
5846,1
5847,2
5848,1
5849,1
5850,3
5851,7
5852,1
5853,3
5854,2
5855,3
5856,2
5857,6
5858,5
5859,4
5860,1
5861,7
5862,5
5863,4
5864,3
5865,3
5866,1
5867,12
5868,5
5869,4
5870,2
5871,6
5872,1
5873,5
5874,3
5875,4
5876,5
5877,5
5878,6
5879,4
5880,1
5881,1
5882,4
5883,1
5884,2
5885,1
5886,1
5887,5
5888,4
5889,5
5890,2
5891,2
5892,1
5893,1
5894,5
5895,4
5896,2
5897,1
5898,1
5899,3
5900,1
5901,1
5902,1
5903,1
5904,3
5905,5
5906,1
5907,2
5908,4
5909,1
5910,2
5911,1
5912,4
5913,7
5914,2
5915,2
5916,3
5917,2
5918,2
5919,3
5920,1
5921,3
5922,5
5923,1
5924,3
5925,2
5926,3
5927,2
5928,1
5929,4
5930,7
5931,6
5932,2
5933,5
5934,1
5935,1
5936,2
5937,1
5938,1
5939,2
5940,3
5941,1
5942,2
5943,2
5944,1
5945,5
5946,1
5947,2
5948,1
5949,2
5950,2
5951,2
5952,1
5953,1
5954,1
5955,3
5956,1
5957,3
5958,1
5959,2
5960,3
5961,3
5962,2
5963,1
5964,5
5965,4
5966,2
5967,3
5968,1
5969,2
5970,2
5971,7
5972,4
5973,1
5974,2
5975,1
5976,2
5977,1
5978,2
5979,3
5980,3
5981,9
5982,9
5983,3
5984,2
5985,8
5986,2
5987,6
5988,10
5989,13
5990,5
5991,3
5992,6
5993,2
5994,2
5995,1
5996,7
5997,2
5998,1
5999,1
6000,5
6001,10
6002,1
6003,1
6004,1
6005,2
6006,3
6007,1
6008,3
6009,6
6010,1
6011,3
6012,1
6013,3
6014,1
6015,9
6016,1
6017,1
6018,2
6019,1
6020,7
6021,11
6022,3
6023,3
6024,4
6025,3
6026,3
6027,2
6028,1
6029,4
6030,3
6031,2
6032,5
6033,1
6034,7
6035,1
6036,2
6037,1
6038,3
6039,3
6040,1
6041,6
6042,2
6043,4
6044,1
6045,2
6046,2
6047,1
6048,1
6049,2
6050,2
6051,4
6052,2
6053,3
6054,3
6055,2
6056,3
6057,6
6058,1
6059,3
6060,1
6061,1
6062,4
6063,2
6064,3
6065,2
6066,4
6067,3
6068,6
6069,5
6070,2
6071,7
6072,2
6073,8
6074,3
6075,5
6076,2
6077,3
6078,4
6079,1
6080,4
6081,15
6082,8
6083,1
6084,1
6085,5
6086,3
6087,5
6088,7
6089,1
6090,11
6091,3
6092,3
6093,3
6094,7
6095,1
6096,9
6097,1
6098,5
6099,4
6100,6
6101,8
6102,5
6103,1
6104,6
6105,3
6106,2
6107,5
6108,13
6109,2
6110,5
6111,5
6112,5
6113,2
6114,10
6115,1
6116,2
6117,2
6118,10
6119,5
6120,1
6121,14
6122,11
6123,4
6124,5
6125,2
6126,2
6127,1
6128,2
6129,1
6130,1
6131,8
6132,2
6133,2
6134,3
6135,3
6136,4
6137,4
6138,11
6139,7
6140,6
6141,6
6142,1
6143,3
6144,3
6145,9
6146,3
6147,1
6148,2
6149,6
6150,7
6151,1
6152,2
6153,3
6154,2
6155,2
6156,2
6157,3
6158,1
6159,1
6160,5
6161,3
6162,1
6163,2
6164,1
6165,14
6166,1
6167,2
6168,2
6169,3
6170,2
6171,3
6172,2
6173,2
6174,2
6175,3
6176,3
6177,1
6178,1
6179,1
6180,2
6181,1
6182,2
6183,2
6184,1
6185,3
6186,1
6187,2
6188,2
6189,2
6190,3
6191,3
6192,2
6193,2
6194,2
6195,2
6196,1
6197,4
6198,1
6199,2
6200,3
6201,1
6202,2
6203,2
6204,1
6205,1
6206,3
6207,2
6208,1
6209,2
6210,1
6211,3
6212,1
6213,1
6214,3
6215,1
6216,2
6217,2
6218,1
6219,1
6220,3
6221,1
6222,2
6223,3
6224,2
6225,2
6226,2
6227,1
6228,1
6229,3
6230,4
6231,1
6232,1
6233,3
6234,3
6235,1
6236,2
6237,1
6238,1
6239,1
6240,1
6241,4
6242,1
6243,2
6244,1
6245,2
6246,2
6247,5
6248,1
6249,2
6250,2
6251,7
6252,4
6253,2
6254,4
6255,3
6256,4
6257,3
6258,1
6259,1
6260,5
6261,1
6262,2
6263,1
6264,1
6265,5
6266,4
6267,1
6268,2
6269,13
6270,4
6271,1
6272,2
6273,2
6274,1
6275,1
6276,1
6277,2
6278,1
6279,1
6280,3
6281,1
6282,2
6283,1
6284,1
6285,2
6286,1
6287,1
6288,3
6289,1
6290,1
6291,1
6292,1
6293,1
6294,1
6295,1
6296,1
6297,1
6298,1
6299,2
6300,1
6301,1
6302,1
6303,2
6304,2
6305,7
6306,7
6307,2
6308,1
6309,2
6310,2
6311,9
6312,2
6313,4
6314,1
6315,5
6316,2
6317,2
6318,1
6319,2
6320,2
6321,7
6322,9
6323,4
6324,1
6325,2
6326,2
6327,3
6328,1
6329,11
6330,1
6331,2
6332,4
6333,1
6334,3
6335,3
6336,2
6337,4
6338,1
6339,2
6340,2
6341,2
6342,3
6343,1
6344,1
6345,1
6346,2
6347,1
6348,2
6349,1
6350,3
6351,3
6352,6
6353,7
6354,3
6355,1
6356,1
6357,1
6358,6
6359,1
6360,2
6361,9
6362,2
6363,5
6364,2
6365,2
6366,1
6367,2
6368,6
6369,1
6370,2
6371,1
6372,1
6373,4
6374,2
6375,3
6376,4
6377,2
6378,1
6379,1
6380,1
6381,1
6382,1
6383,7
6384,6
6385,2
6386,1
6387,1
6388,3
6389,1
6390,6
6391,5
6392,1
6393,5
6394,3
6395,1
6396,3
6397,5
6398,10
6399,7
6400,6
6401,9
6402,3
6403,1
6404,9
6405,5
6406,2
6407,5
6408,3
6409,2
6410,4
6411,5
6412,1
6413,1
6414,4
6415,2
6416,1
6417,6
6418,2
6419,1
6420,3
6421,9
6422,3
6423,13
6424,3
6425,7
6426,1
6427,3
6428,3
6429,2
6430,7
6431,1
6432,1
6433,1
6434,4
6435,1
6436,1
6437,5
6438,1
6439,1
6440,2
6441,4
6442,2
6443,1
6444,1
6445,6
6446,8
6447,3
6448,4
6449,1
6450,3
6451,2
6452,1
6453,3
6454,3
6455,2
6456,9
6457,4
6458,2
6459,4
6460,7
6461,9
6462,3
6463,1
6464,2
6465,2
6466,2
6467,1
6468,1
6469,2
6470,1
6471,4
6472,1
6473,2
6474,1
6475,1
6476,3
6477,3
6478,2
6479,1
6480,1
6481,1
6482,1
6483,3
6484,3
6485,1
6486,2
6487,1
6488,1
6489,1
6490,1
6491,2
6492,1
6493,1
6494,3
6495,1
6496,1
6497,10
6498,6
6499,3
6500,1
6501,1
6502,2
6503,5
6504,4
6505,5
6506,15
6507,2
6508,10
6509,4
6510,2
6511,3
6512,5
6513,2
6514,5
6515,1
6516,3
6517,1
6518,1
6519,3
6520,3
6521,1
6522,1
6523,3
6524,3
6525,1
6526,2
6527,1
6528,1
6529,2
6530,3
6531,7
6532,3
6533,1
6534,1
6535,2
6536,2
6537,1
6538,3
6539,2
6540,2
6541,1
6542,1
6543,2
6544,1
6545,1
6546,5
6547,2
6548,4
6549,1
6550,12
6551,5
6552,3
6553,2
6554,2
6555,1
6556,3
6557,1
6558,4
6559,2
6560,2
6561,2
6562,1
6563,3
6564,2
6565,2
6566,1
6567,3
6568,2
6569,5
6570,1
6571,3
6572,1
6573,2
6574,1
6575,2
6576,1
6577,1
6578,5
6579,1
6580,2
6581,1
6582,3
6583,1
6584,2
6585,1
6586,1
6587,4
6588,2
6589,1
6590,1
6591,2
6592,1
6593,1
6594,2
6595,3
6596,1
6597,3
6598,1
6599,1
6600,1
6601,3
6602,7
6603,1
6604,7
6605,3
6606,4
6607,7
6608,3
6609,6
6610,2
6611,2
6612,7
6613,5
6614,4
6615,2
6616,4
6617,1
6618,3
6619,4
6620,4
6621,7
6622,6
6623,2
6624,1
6625,1
6626,3
6627,1
6628,2
6629,1
6630,11
6631,4
6632,1
6633,9
6634,2
6635,2
6636,1
6637,8
6638,3
6639,6
6640,3
6641,2
6642,5
6643,3
6644,1
6645,1
6646,10
6647,1
6648,1
6649,8
6650,2
6651,5
6652,6
6653,8
6654,1
6655,1
6656,1
6657,3
6658,1
6659,5
6660,1
6661,3
6662,3
6663,5
6664,6
6665,4
6666,4
6667,2
6668,14
6669,2
6670,5
6671,3
6672,1
6673,2
6674,3
6675,1
6676,2
6677,5
6678,10
6679,1
6680,1
6681,1
6682,8
6683,1
6684,1
6685,2
6686,2
6687,1
6688,3
6689,1
6690,4
6691,4
6692,3
6693,2
6694,1
6695,1
6696,2
6697,2
6698,2
6699,2
6700,2
6701,1
6702,2
6703,1
6704,3
6705,2
6706,2
6707,1
6708,1
6709,1
6710,1
6711,4
6712,2
6713,5
6714,2
6715,1
6716,1
6717,1
6718,1
6719,3
6720,1
6721,2
6722,3
6723,3
6724,1
6725,1
6726,1
6727,1
6728,7
6729,1
6730,1
6731,1
6732,2
6733,1
6734,2
6735,3
6736,1
6737,1
6738,2
6739,1
6740,1
6741,1
6742,2
6743,1
6744,3
6745,1
6746,1
6747,3
6748,3
6749,6
6750,2
6751,2
6752,4
6753,3
6754,3
6755,3
6756,2
6757,3
6758,2
6759,1
6760,1
6761,3
6762,5
6763,3
6764,4
6765,1
6766,1
6767,2
6768,2
6769,4
6770,2
6771,2
6772,2
6773,1
6774,1
6775,3
6776,5
6777,1
6778,2
6779,3
6780,1
6781,1
6782,1
6783,2
6784,2
6785,1
6786,3
6787,2
6788,3
6789,3
6790,2
6791,2
6792,1
6793,1
6794,3
6795,2
6796,2
6797,2
6798,1
6799,1
6800,1
6801,3
6802,1
6803,1
6804,1
6805,2
6806,1
6807,3
6808,3
6809,2
6810,3
6811,2
6812,2
6813,3
6814,2
6815,1
6816,4
6817,3
6818,1
6819,2
6820,1
6821,4
6822,2
6823,1
6824,1
6825,3
6826,1
6827,1
6828,1
6829,1
6830,8
6831,1
6832,2
6833,1
6834,1
6835,4
6836,1
6837,3
6838,2
6839,1
6840,1
6841,1
6842,4
6843,4
6844,1
6845,1
6846,7
6847,3
6848,3
6849,3
6850,2
6851,3
6852,3
6853,4
6854,3
6855,3
6856,1
6857,1
6858,1
6859,2
6860,1
6861,1
6862,1
6863,1
6864,2
6865,1
6866,2
6867,3
6868,3
6869,7
6870,1
6871,1
6872,3
6873,1
6874,1
6875,1
6876,1
6877,1
6878,4
6879,2
6880,1
6881,1
6882,5
6883,2
6884,2
6885,6
6886,3
6887,8
6888,1
6889,1
6890,4
6891,2
6892,3
6893,1
6894,1
6895,8
6896,1
6897,5
6898,1
6899,1
6900,1
6901,2
6902,5
6903,1
6904,1
6905,6
6906,1
6907,2
6908,1
6909,1
6910,1
6911,2
6912,2
6913,5
6914,6
6915,1
6916,1
6917,2
6918,2
6919,2
6920,1
6921,1
6922,2
6923,5
6924,2
6925,2
6926,3
6927,4
6928,1
6929,1
6930,5
6931,4
6932,1
6933,1
6934,1
6935,1
6936,1
6937,3
6938,2
6939,6
6940,1
6941,1
6942,4
6943,1
6944,4
6945,1
6946,2
6947,4
6948,1
6949,1
6950,3
6951,1
6952,1
6953,1
6954,2
6955,1
6956,1
6957,2
6958,3
6959,7
6960,1
6961,3
6962,8
6963,2
6964,4
6965,4
6966,3
6967,5
6968,1
6969,3
6970,1
6971,1
6972,1
6973,1
6974,1
6975,2
6976,9
6977,3
6978,1
6979,4
6980,5
6981,1
6982,1
6983,2
6984,1
6985,1
6986,1
6987,1
6988,4
6989,4
6990,5
6991,2
6992,1
6993,1
6994,1
6995,3
6996,1
6997,5
6998,4
6999,3
7000,1
7001,1
7002,2
7003,6
7004,2
7005,1
7006,3
7007,3
7008,4
7009,1
7010,1
7011,2
7012,1
7013,2
7014,2
7015,1
7016,2
7017,1
7018,3
7019,1
7020,1
7021,3
7022,4
7023,1
7024,3
7025,1
7026,4
7027,1
7028,2
7029,6
7030,1
7031,5
7032,3
7033,1
7034,1
7035,1
7036,4
7037,2
7038,2
7039,7
7040,2
7041,2
7042,1
7043,1
7044,1
7045,1
7046,5
7047,2
7048,2
7049,3
7050,4
7051,3
7052,1
7053,1
7054,3
7055,1
7056,4
7057,1
7058,2
7059,2
7060,6
7061,1
7062,2
7063,4
7064,2
7065,7
7066,1
7067,2
7068,1
7069,1
7070,1
7071,4
7072,1
7073,3
7074,2
7075,1
7076,1
7077,1
7078,1
7079,2
7080,8
7081,2
7082,2
7083,1
7084,2
7085,1
7086,1
7087,2
7088,7
7089,1
7090,1
7091,3
7092,3
7093,4
7094,2
7095,4
7096,1
7097,4
7098,1
7099,2
7100,1
7101,7
7102,1
7103,1
7104,6
7105,1
7106,1
7107,1
7108,2
7109,7
7110,1
7111,3
7112,1
7113,2
7114,3
7115,3
7116,1
7117,1
7118,3
7119,1
7120,2
7121,1
7122,4
7123,5
7124,1
7125,2
7126,1
7127,1
7128,1
7129,1
7130,1
7131,4
7132,5
7133,4
7134,7
7135,2
7136,3
7137,5
7138,4
7139,3
7140,5
7141,3
7142,1
7143,1
7144,1
7145,7
7146,3
7147,7
7148,2
7149,3
7150,5
7151,6
7152,4
7153,1
7154,2
7155,6
7156,2
7157,1
7158,1
7159,1
7160,4
7161,3
7162,3
7163,3
7164,5
7165,4
7166,2
7167,1
7168,10
7169,1
7170,1
7171,5
7172,2
7173,10
7174,11
7175,7
7176,1
7177,7
7178,19
7179,1
7180,4
7181,5
7182,3
7183,1
7184,5
7185,1
7186,2
7187,1
7188,1
7189,5
7190,5
7191,3
7192,9
7193,2
7194,13
7195,6
7196,3
7197,1
7198,2
7199,10
7200,2
7201,2
7202,1
7203,3
7204,1
7205,3
7206,1
7207,1
7208,1
7209,14
7210,10
7211,6
7212,6
7213,10
7214,6
7215,2
7216,8
7217,3
7218,1
7219,1
7220,13
7221,1
7222,4
7223,1
7224,2
7225,2
7226,1
7227,2
7228,1
7229,8
7230,5
7231,4
7232,2
7233,2
7234,2
7235,7
7236,1
7237,8
7238,1
7239,3
7240,1
7241,2
7242,1
7243,1
7244,1
7245,4
7246,1
7247,2
7248,7
7249,6
7250,1
7251,2
7252,6
7253,3
7254,1
7255,2
7256,8
7257,1
7258,5
7259,4
7260,2
7261,4
7262,4
7263,4
7264,1
7265,4
7266,4
7267,7
7268,4
7269,1
7270,2
7271,1
7272,1
7273,5
7274,7
7275,1
7276,1
7277,1
7278,1
7279,1
7280,2
7281,9
7282,11
7283,3
7284,2
7285,3
7286,1
7287,5
7288,1
7289,3
7290,1
7291,3
7292,4
7293,3
7294,2
7295,1
7296,1
7297,2
7298,1
7299,2
7300,1
7301,3
7302,2
7303,2
7304,3
7305,2
7306,1
7307,2
7308,1
7309,5
7310,3
7311,2
7312,3
7313,1
7314,6
7315,4
7316,1
7317,5
7318,3
7319,1
7320,8
7321,4
7322,1
7323,2
7324,2
7325,1
7326,1
7327,3
7328,1
7329,2
7330,5
7331,4
7332,1
7333,3
7334,4
7335,2
7336,4
7337,1
7338,3
7339,1
7340,1
7341,1
7342,1
7343,2
7344,2
7345,2
7346,3
7347,4
7348,1
7349,4
7350,5
7351,1
7352,2
7353,2
7354,3
7355,1
7356,4
7357,4
7358,1
7359,5
7360,1
7361,3
7362,2
7363,3
7364,3
7365,4
7366,2
7367,2
7368,5
7369,2
7370,1
7371,2
7372,12
7373,5
7374,4
7375,5
7376,4
7377,2
7378,1
7379,4
7380,1
7381,2
7382,3
7383,2
7384,2
7385,1
7386,3
7387,2
7388,1
7389,1
7390,1
7391,3
7392,2
7393,3
7394,1
7395,1
7396,3
7397,1
7398,3
7399,7
7400,6
7401,3
7402,4
7403,2
7404,1
7405,1
7406,2
7407,2
7408,2
7409,1
7410,2
7411,1
7412,1
7413,8
7414,2
7415,1
7416,1
7417,3
7418,2
7419,2
7420,3
7421,2
7422,2
7423,1
7424,3
7425,1
7426,1
7427,8
7428,1
7429,4
7430,2
7431,2
7432,1
7433,1
7434,1
7435,1
7436,1
7437,1
7438,1
7439,2
7440,2
7441,2
7442,3
7443,2
7444,1
7445,2
7446,2
7447,1
7448,3
7449,1
7450,2
7451,2
7452,1
7453,3
7454,2
7455,1
7456,1
7457,6
7458,2
7459,1
7460,4
7461,1
7462,5
7463,4
7464,1
7465,1
7466,1
7467,1
7468,2
7469,3
7470,1
7471,1
7472,6
7473,2
7474,2
7475,1
7476,1
7477,3
7478,2
7479,4
7480,3
7481,1
7482,3
7483,3
7484,1
7485,2
7486,1
7487,3
7488,2
7489,3
7490,1
7491,4
7492,3
7493,2
7494,1
7495,2
7496,1
7497,7
7498,1
7499,2
7500,3
7501,1
7502,1
7503,1
7504,1
7505,4
7506,7
7507,2
7508,3
7509,1
7510,5
7511,2
7512,2
7513,12
7514,4
7515,3
7516,2
7517,2
7518,5
7519,4
7520,3
7521,6
7522,2
7523,1
7524,2
7525,2
7526,1
7527,7
7528,2
7529,5
7530,4
7531,10
7532,5
7533,6
7534,1
7535,6
7536,1
7537,4
7538,7
7539,9
7540,16
7541,3
7542,2
7543,13
7544,8
7545,4
7546,4
7547,11
7548,10
7549,3
7550,13
7551,17
7552,2
7553,4
7554,10
7555,4
7556,3
7557,1
7558,1
7559,8
7560,1
7561,2
7562,1
7563,2
7564,9
7565,4
7566,1
7567,4
7568,3
7569,3
7570,1
7571,6
7572,8
7573,1
7574,6
7575,4
7576,8
7577,2
7578,1
7579,11
7580,3
7581,2
7582,8
7583,2
7584,11
7585,2
7586,5
7587,14
7588,6
7589,2
7590,12
7591,1
7592,1
7593,4
7594,2
7595,3
7596,8
7597,3
7598,3
7599,2
7600,1
7601,2
7602,2
7603,5
7604,1
7605,2
7606,3
7607,1
7608,1
7609,3
7610,2
7611,3
7612,5
7613,5
7614,3
7615,1
7616,5
7617,7
7618,6
7619,3
7620,2
7621,3
7622,4
7623,1
7624,1
7625,3
7626,3
7627,1
7628,4
7629,1
7630,1
7631,4
7632,1
7633,1
7634,5
7635,1
7636,7
7637,5
7638,2
7639,1
7640,1
7641,2
7642,5
7643,1
7644,1
7645,4
7646,1
7647,1
7648,2
7649,2
7650,2
7651,3
7652,1
7653,1
7654,2
7655,2
7656,4
7657,1
7658,1
7659,2
7660,1
7661,3
7662,1
7663,4
7664,1
7665,4
7666,1
7667,2
7668,1
7669,2
7670,1
7671,2
7672,1
7673,2
7674,1
7675,3
7676,1
7677,7
7678,1
7679,2
7680,3
7681,2
7682,2
7683,1
7684,4
7685,1
7686,1
7687,1
7688,1
7689,6
7690,1
7691,1
7692,1
7693,3
7694,1
7695,3
7696,1
7697,2
7698,3
7699,2
7700,1
7701,2
7702,3
7703,2
7704,1
7705,1
7706,1
7707,3
7708,4
7709,1
7710,3
7711,3
7712,1
7713,1
7714,4
7715,1
7716,1
7717,2
7718,1
7719,3
7720,2
7721,1
7722,3
7723,1
7724,3
7725,2
7726,1
7727,1
7728,1
7729,1
7730,1
7731,1
7732,2
7733,4
7734,3
7735,1
7736,1
7737,1
7738,4
7739,3
7740,3
7741,1
7742,1
7743,2
7744,4
7745,6
7746,2
7747,1
7748,2
7749,3
7750,1
7751,5
7752,5
7753,2
7754,2
7755,4
7756,2
7757,7
7758,1
7759,4
7760,4
7761,1
7762,9
7763,6
7764,3
7765,1
7766,4
7767,1
7768,3
7769,2
7770,2
7771,1
7772,1
7773,1
7774,1
7775,2
7776,4
7777,5
7778,4
7779,2
7780,5
7781,1
7782,1
7783,3
7784,1
7785,1
7786,3
7787,6
7788,1
7789,4
7790,1
7791,2
7792,2
7793,1
7794,1
7795,2
7796,1
7797,4
7798,6
7799,5
7800,2
7801,2
7802,1
7803,2
7804,1
7805,1
7806,1
7807,1
7808,1
7809,2
7810,1
7811,2
7812,1
7813,1
7814,1
7815,1
7816,1
7817,2
7818,1
7819,4
7820,2
7821,1
7822,1
7823,1
7824,2
7825,3
7826,3
7827,2
7828,1
7829,2
7830,1
7831,2
7832,5
7833,6
7834,2
7835,1
7836,1
7837,3
7838,2
7839,7
7840,1
7841,1
7842,2
7843,1
7844,2
7845,6
7846,3
7847,5
7848,1
7849,5
7850,1
7851,7
7852,2
7853,1
7854,4
7855,3
7856,3
7857,4
7858,4
7859,1
7860,2
7861,3
7862,1
7863,1
7864,1
7865,1
7866,1
7867,1
7868,3
7869,3
7870,2
7871,3
7872,2
7873,1
7874,1
7875,1
7876,1
7877,2
7878,1
7879,2
7880,2
7881,1
7882,1
7883,3
7884,1
7885,1
7886,1
7887,2
7888,1
7889,1
7890,2
7891,3
7892,2
7893,3
7894,1
7895,1
7896,4
7897,6
7898,1
7899,2
7900,4
7901,6
7902,3
7903,1
7904,1
7905,2
7906,2
7907,1
7908,5
7909,3
7910,4
7911,2
7912,1
7913,1
7914,2
7915,2
7916,3
7917,3
7918,1
7919,2
7920,2
7921,3
7922,2
7923,2
7924,1
7925,4
7926,3
7927,7
7928,1
7929,1
7930,1
7931,3
7932,6
7933,2
7934,7
7935,3
7936,1
7937,1
7938,2
7939,1
7940,4
7941,4
7942,2
7943,4
7944,1
7945,2
7946,7
7947,5
7948,4
7949,1
7950,1
7951,2
7952,1
7953,3
7954,2
7955,2
7956,2
7957,2
7958,2
7959,1
7960,3
7961,1
7962,1
7963,3
7964,2
7965,1
7966,4
7967,2
7968,1
7969,1
7970,2
7971,2
7972,2
7973,1
7974,1
7975,1
7976,3
7977,1
7978,1
7979,1
7980,1
7981,2
7982,1
7983,2
7984,1
7985,2
7986,2
7987,2
7988,2
7989,2
7990,2
7991,3
7992,1
7993,1
7994,1
7995,1
7996,2
7997,1
7998,1
7999,2
8000,1
8001,2
8002,1
8003,1
8004,4
8005,2
8006,2
8007,3
8008,2
8009,4
8010,1
8011,7
8012,2
8013,4
8014,3
8015,3
8016,3
8017,2
8018,2
8019,3
8020,4
8021,1
8022,5
8023,2
8024,3
8025,2
8026,5
8027,3
8028,1
8029,3
8030,4
8031,4
8032,3
8033,2
8034,4
8035,4
8036,1
8037,4
8038,3
8039,2
8040,6
8041,1
8042,2
8043,4
8044,5
8045,2
8046,3
8047,1
8048,1
8049,5
8050,1
8051,6
8052,1
8053,1
8054,1
8055,5
8056,2
8057,1
8058,1
8059,1
8060,2
8061,2
8062,1
8063,4
8064,2
8065,2
8066,1
8067,1
8068,1
8069,1
8070,5
8071,1
8072,3
8073,2
8074,1
8075,2
8076,1
8077,3
8078,4
8079,6
8080,3
8081,7
8082,1
8083,3
8084,1
8085,1
8086,7
8087,2
8088,1
8089,4
8090,1
8091,2
8092,10
8093,1
8094,8
8095,1
8096,5
8097,5
8098,1
8099,12
8100,2
8101,1
8102,7
8103,3
8104,7
8105,1
8106,1
8107,3
8108,1
8109,3
8110,2
8111,3
8112,1
8113,8
8114,2
8115,2
8116,5
8117,3
8118,1
8119,6
8120,3
8121,8
8122,1
8123,9
8124,2
8125,1
8126,1
8127,3
8128,6
8129,1
8130,1
8131,3
8132,3
8133,6
8134,6
8135,7
8136,3
8137,4
8138,2
8139,1
8140,4
8141,8
8142,3
8143,1
8144,1
8145,3
8146,1
8147,1
8148,3
8149,4
8150,3
8151,2
8152,1
8153,1
8154,4
8155,1
8156,2
8157,5
8158,6
8159,1
8160,2
8161,2
8162,3
8163,2
8164,7
8165,2
8166,2
8167,1
8168,1
8169,5
8170,1
8171,3
8172,1
8173,2
8174,2
8175,3
8176,1
8177,4
8178,2
8179,1
8180,1
8181,1
8182,5
8183,1
8184,1
8185,3
8186,4
8187,5
8188,3
8189,1
8190,2
8191,5
8192,2
8193,3
8194,2
8195,3
8196,1
8197,1
8198,1
8199,8
8200,5
8201,3
8202,10
8203,3
8204,5
8205,1
8206,1
8207,4
8208,11
8209,2
8210,2
8211,2
8212,1
8213,7
8214,1
8215,6
8216,1
8217,7
8218,1
8219,5
8220,1
8221,4
8222,1
8223,1
8224,1
8225,1
8226,3
8227,4
8228,1
8229,4
8230,4
8231,1
8232,2
8233,2
8234,1
8235,1
8236,2
8237,1
8238,4
8239,1
8240,3
8241,3
8242,7
8243,1
8244,3
8245,4
8246,2
8247,2
8248,2
8249,1
8250,1
8251,2
8252,2
8253,2
8254,1
8255,3
8256,3
8257,2
8258,1
8259,1
8260,1
8261,3
8262,1
8263,5
8264,2
8265,1
8266,2
8267,1
8268,5
8269,7
8270,3
8271,2
8272,5
8273,6
8274,3
8275,1
8276,2
8277,2
8278,2
8279,8
8280,1
8281,1
8282,3
8283,2
8284,2
8285,2
8286,3
8287,1
8288,2
8289,1
8290,2
8291,1
8292,2
8293,2
8294,1
8295,1
8296,6
8297,1
8298,4
8299,1
8300,1
8301,3
8302,3
8303,1
8304,1
8305,1
8306,1
8307,1
8308,3
8309,1
8310,1
8311,3
8312,3
8313,2
8314,2
8315,1
8316,5
8317,3
8318,2
8319,6
8320,6
8321,1
8322,1
8323,2
8324,7
8325,1
8326,3
8327,2
8328,1
8329,1
8330,3
8331,3
8332,3
8333,1
8334,6
8335,2
8336,1
8337,1
8338,6
8339,4
8340,2
8341,1
8342,8
8343,3
8344,4
8345,1
8346,6
8347,2
8348,3
8349,2
8350,3
8351,4
8352,4
8353,1
8354,1
8355,9
8356,9
8357,1
8358,2
8359,3
8360,2
8361,3
8362,2
8363,2
8364,1
8365,4
8366,1
8367,6
8368,1
8369,14
8370,3
8371,1
8372,14
8373,4
8374,3
8375,2
8376,1
8377,2
8378,6
8379,5
8380,3
8381,2
8382,2
8383,5
8384,3
8385,5
8386,1
8387,7
8388,1
8389,3
8390,4
8391,2
8392,1
8393,1
8394,2
8395,7
8396,1
8397,4
8398,3
8399,2
8400,2
8401,3
8402,3
8403,4
8404,3
8405,3
8406,1
8407,1
8408,2
8409,1
8410,3
8411,2
8412,3
8413,2
8414,3
8415,5
8416,1
8417,1
8418,7
8419,3
8420,2
8421,10
8422,2
8423,2
8424,3
8425,2
8426,1
8427,1
8428,2
8429,1
8430,3
8431,3
8432,1
8433,2
8434,5
8435,1
8436,2
8437,3
8438,2
8439,1
8440,7
8441,1
8442,1
8443,1
8444,2
8445,7
8446,1
8447,1
8448,1
8449,4
8450,3
8451,2
8452,2
8453,3
8454,3
8455,1
8456,3
8457,1
8458,1
8459,3
8460,1
8461,1
8462,6
8463,4
8464,3
8465,2
8466,4
8467,1
8468,4
8469,1
8470,6
8471,5
8472,1
8473,1
8474,1
8475,4
8476,2
8477,1
8478,2
8479,1
8480,1
8481,4
8482,7
8483,4
8484,7
8485,2
8486,4
8487,2
8488,1
8489,1
8490,2
8491,1
8492,2
8493,1
8494,3
8495,2
8496,2
8497,4
8498,3
8499,1
8500,5
8501,1
8502,1
8503,2
8504,3
8505,1
8506,1
8507,1
8508,1
8509,2
8510,2
8511,1
8512,2
8513,4
8514,1
8515,1
8516,2
8517,2
8518,6
8519,1
8520,1
8521,3
8522,2
8523,2
8524,1
8525,1
8526,2
8527,3
8528,3
8529,1
8530,4
8531,2
8532,1
8533,2
8534,5
8535,2
8536,4
8537,8
8538,2
8539,3
8540,1
8541,1
8542,1
8543,2
8544,2
8545,1
8546,1
8547,2
8548,1
8549,1
8550,1
8551,3
8552,1
8553,2
8554,1
8555,3
8556,1
8557,1
8558,1
8559,3
8560,1
8561,4
8562,1
8563,4
8564,1
8565,2
8566,1
8567,3
8568,1
8569,2
8570,1
8571,2
8572,1
8573,2
8574,1
8575,1
8576,1
8577,2
8578,1
8579,2
8580,1
8581,2
8582,1
8583,1
8584,1
8585,1
8586,2
8587,1
8588,1
8589,1
8590,1
8591,1
8592,1
8593,1
8594,2
8595,2
8596,1
8597,3
8598,1
8599,2
8600,2
8601,1
8602,1
8603,1
8604,2
8605,3
8606,3
8607,1
8608,1
8609,1
8610,1
8611,1
8612,1
8613,2
8614,2
8615,2
8616,3
8617,1
8618,1
8619,4
8620,1
8621,1
8622,1
8623,1
8624,5
8625,2
8626,2
8627,1
8628,4
8629,2
8630,1
8631,2
8632,2
8633,2
8634,1
8635,3
8636,3
8637,2
8638,3
8639,9
8640,4
8641,3
8642,1
8643,1
8644,1
8645,2
8646,6
8647,1
8648,1
8649,2
8650,1
8651,1
8652,3
8653,2
8654,2
8655,1
8656,2
8657,1
8658,2
8659,3
8660,4
8661,2
8662,3
8663,2
8664,1
8665,2
8666,3
8667,1
8668,5
8669,3
8670,1
8671,1
8672,8
8673,3
8674,5
8675,5
8676,3
8677,1
8678,2
8679,8
8680,1
8681,1
8682,5
8683,1
8684,3
8685,8
8686,1
8687,2
8688,4
8689,3
8690,1
8691,8
8692,1
8693,1
8694,1
8695,2
8696,4
8697,2
8698,1
8699,2
8700,10
8701,2
8702,1
8703,8
8704,2
8705,2
8706,1
8707,3
8708,5
8709,3
8710,7
8711,9
8712,2
8713,3
8714,8
8715,4
8716,4
8717,4
8718,2
8719,4
8720,1
8721,2
8722,5
8723,7
8724,4
8725,14
8726,2
8727,1
8728,9
8729,2
8730,2
8731,1
8732,1
8733,10
8734,3
8735,10
8736,3
8737,10
8738,1
8739,2
8740,1
8741,1
8742,2
8743,3
8744,6
8745,10
8746,1
8747,1
8748,8
8749,3
8750,1
8751,10
8752,9
8753,8
8754,2
8755,2
8756,4
8757,2
8758,1
8759,1
8760,1
8761,4
8762,1
8763,4
8764,5
8765,3
8766,2
8767,1
8768,7
8769,2
8770,13
8771,5
8772,6
8773,1
8774,3
8775,1
8776,6
8777,1
8778,7
8779,2
8780,3
8781,12
8782,1
8783,2
8784,8
8785,2
8786,4
8787,4
8788,3
8789,1
8790,6
8791,2
8792,4
8793,1
8794,2
8795,3
8796,1
8797,4
8798,3
8799,1
8800,1
8801,5
8802,2
8803,3
8804,2
8805,1
8806,5
8807,3
8808,2
8809,4
8810,1
8811,1
8812,1
8813,1
8814,2
8815,2
8816,1
8817,1
8818,3
8819,7
8820,4
8821,1
8822,2
8823,5
8824,3
8825,2
8826,1
8827,4
8828,3
8829,3
8830,3
8831,2
8832,6
8833,1
8834,1
8835,3
8836,1
8837,6
8838,8
8839,5
8840,3
8841,4
8842,2
8843,10
8844,3
8845,4
8846,3
8847,2
8848,2
8849,3
8850,2
8851,2
8852,6
8853,1
8854,4
8855,1
8856,4
8857,1
8858,2
8859,4
8860,2
8861,2
8862,8
8863,2
8864,1
8865,1
8866,3
8867,2
8868,1
8869,5
8870,1
8871,3
8872,1
8873,3
8874,4
8875,5
8876,4
8877,7
8878,1
8879,5
8880,1
8881,4
8882,5
8883,3
8884,1
8885,6
8886,2
8887,2
8888,1
8889,3
8890,3
8891,1
8892,1
8893,2
8894,2
8895,4
8896,5
8897,5
8898,2
8899,1
8900,1
8901,2
8902,2
8903,5
8904,6
8905,2
8906,2
8907,3
8908,4
8909,1
8910,6
8911,5
8912,1
8913,1
8914,10
8915,3
8916,1
8917,4
8918,1
8919,2
8920,6
8921,7
8922,3
8923,3
8924,2
8925,3
8926,2
8927,3
8928,7
8929,1
8930,2
8931,5
8932,3
8933,5
8934,2
8935,4
8936,3
8937,5
8938,2
8939,3
8940,3
8941,13
8942,1
8943,6
8944,1
8945,1
8946,1
8947,2
8948,2
8949,1
8950,4
8951,2
8952,3
8953,2
8954,2
8955,3
8956,2
8957,3
8958,1
8959,4
8960,9
8961,1
8962,2
8963,2
8964,3
8965,3
8966,1
8967,2
8968,8
8969,6
8970,1
8971,1
8972,3
8973,1
8974,2
8975,2
8976,1
8977,2
8978,3
8979,4
8980,6
8981,7
8982,2
8983,1
8984,2
8985,1
8986,3
8987,11
8988,1
8989,1
8990,3
8991,4
8992,1
8993,3
8994,3
8995,12
8996,8
8997,1
8998,6
8999,1
9000,2
9001,1
9002,1
9003,2
9004,1
9005,3
9006,2
9007,1
9008,3
9009,8
9010,2
9011,9
9012,5
9013,4
9014,2
9015,3
9016,1
9017,5
9018,1
9019,1
9020,2
9021,1
9022,3
9023,6
9024,1
9025,1
9026,4
9027,2
9028,5
9029,13
9030,1
9031,3
9032,4
9033,5
9034,3
9035,1
9036,4
9037,1
9038,1
9039,1
9040,1
9041,3
9042,2
9043,1
9044,7
9045,3
9046,4
9047,1
9048,1
9049,3
9050,5
9051,1
9052,3
9053,4
9054,7
9055,2
9056,5
9057,1
9058,2
9059,4
9060,1
9061,7
9062,2
9063,1
9064,2
9065,3
9066,3
9067,6
9068,1
9069,3
9070,9
9071,1
9072,9
9073,2
9074,1
9075,1
9076,1
9077,5
9078,2
9079,2
9080,3
9081,3
9082,1
9083,2
9084,5
9085,1
9086,1
9087,1
9088,2
9089,1
9090,5
9091,2
9092,3
9093,3
9094,5
9095,3
9096,1
9097,4
9098,2
9099,2
9100,3
9101,3
9102,2
9103,2
9104,1
9105,2
9106,4
9107,4
9108,2
9109,6
9110,4
9111,7
9112,1
9113,8
9114,1
9115,4
9116,1
9117,3
9118,6
9119,1
9120,6
9121,15
9122,16
9123,1
9124,5
9125,1
9126,2
9127,1
9128,2
9129,2
9130,3
9131,6
9132,3
9133,5
9134,6
9135,5
9136,8
9137,3
9138,2
9139,11
9140,3
9141,4
9142,1
9143,2
9144,7
9145,6
9146,3
9147,6
9148,4
9149,1
9150,11
9151,7
9152,11
9153,6
9154,2
9155,4
9156,7
9157,5
9158,4
9159,3
9160,2
9161,13
9162,4
9163,2
9164,2
9165,4
9166,5
9167,6
9168,6
9169,11
9170,9
9171,6
9172,1
9173,2
9174,1
9175,1
9176,3
9177,5
9178,2
9179,3
9180,4
9181,5
9182,1
9183,9
9184,1
9185,2
9186,2
9187,8
9188,10
9189,3
9190,1
9191,6
9192,1
9193,5
9194,1
9195,9
9196,11
9197,1
9198,2
9199,12
9200,3
9201,2
9202,8
9203,2
9204,8
9205,4
9206,15
9207,1
9208,3
9209,21
9210,11
9211,1
9212,2
9213,1
9214,33
9215,8
9216,6
9217,3
9218,14
9219,1
9220,2
9221,7
9222,11
9223,1
9224,5
9225,2
9226,6
9227,14
9228,5
9229,1
9230,10
9231,8
9232,9
9233,1
9234,1
9235,15
9236,8
9237,7
9238,6
9239,7
9240,1
9241,2
9242,4
9243,10
9244,16
9245,4
9246,1
9247,7
9248,10
9249,11
9250,2
9251,20
9252,2
9253,10
9254,10
9255,2
9256,13
9257,2
9258,30
9259,19
9260,18
9261,20
9262,1
9263,20
9264,14
9265,1
9266,4
9267,5
9268,12
9269,16
9270,5
9271,1
9272,7
9273,1
9274,4
9275,6
9276,7
9277,4
9278,4
9279,4
9280,5
9281,11
9282,6
9283,6
9284,7
9285,7
9286,17
9287,15
9288,22
9289,15
9290,9
9291,16
9292,7
9293,8
9294,3
9295,1
9296,7
9297,4
9298,19
9299,19
9300,19
9301,2
9302,1
9303,2
9304,5
9305,7
9306,3
9307,10
9308,1
9309,3
9310,2
9311,15
9312,1
9313,6
9314,12
9315,13
9316,7
9317,1
9318,16
9319,6
9320,32
9321,10
9322,3
9323,23
9324,2
9325,10
9326,6
9327,8
9328,5
9329,35
9330,2
9331,14
9332,13
9333,1
9334,16
9335,5
9336,3
9337,6
9338,15
9339,8
9340,5
9341,1
9342,1
9343,11
9344,14
9345,1
9346,2
9347,7
9348,8
9349,22
9350,2
9351,2
9352,17
9353,6
9354,23
9355,9
9356,13
9357,10
9358,9
9359,2
9360,1
9361,6
9362,2
9363,6
9364,17
9365,1
9366,3
9367,13
9368,16
9369,15
9370,2
9371,6
9372,8
9373,8
9374,2
9375,1
9376,2
9377,10
9378,3
9379,1
9380,24
9381,20
9382,5
9383,5
9384,1
9385,15
9386,2
9387,10
9388,1
9389,4
9390,3
9391,13
9392,1
9393,25
9394,15
9395,3
9396,1
9397,6
9398,20
9399,23
9400,1
9401,8
9402,6
9403,7
9404,2
9405,20
9406,1
9407,14
9408,3
9409,10
9410,21
9411,39
9412,17
9413,17
9414,9
9415,6
9416,3
9417,7
9418,9
9419,5
9420,21
9421,14
9422,4
9423,24
9424,29
9425,4
9426,4
9427,8
9428,13
9429,4
9430,10
9431,1
9432,16
9433,27
9434,22
9435,53
9436,23
9437,26
9438,2
9439,5
9440,3
9441,24
9442,22
9443,6
9444,10
9445,3
9446,23
9447,12
9448,27
9449,24
9450,18
9451,9
9452,4
9453,17
9454,3
9455,5
9456,16
9457,24
9458,10
9459,9
9460,28
9461,33
9462,1
9463,17
9464,17
9465,6
9466,8
9467,18
9468,25
9469,13
9470,4
9471,16
9472,57
9473,23
9474,12
9475,32
9476,13
9477,23
9478,20
9479,54
9480,11
9481,3
9482,1
9483,2
9484,4
9485,29
9486,35
9487,3
9488,44
9489,1
9490,2
9491,16
9492,9
9493,7
9494,2
9495,9
9496,33
9497,2
9498,5
9499,15
9500,2
9501,7
9502,3
9503,23
9504,21
9505,3
9506,13
9507,4
9508,8
9509,11
9510,5
9511,5
9512,5
9513,3
9514,23
9515,11
9516,15
9517,19
9518,8
9519,19
9520,14
9521,2
9522,1
9523,15
9524,4
9525,1
9526,5
9527,9
9528,3
9529,12
9530,8
9531,1
9532,1
9533,25
9534,16
9535,8
9536,11
9537,13
9538,8
9539,2
9540,12
9541,1
9542,3
9543,5
9544,21
9545,13
9546,4
9547,5
9548,2
9549,2
9550,18
9551,6
9552,32
9553,4
9554,2
9555,4
9556,2
9557,19
9558,9
9559,16
9560,13
9561,2
9562,4
9563,5
9564,12
9565,5
9566,7
9567,12
9568,11
9569,3
9570,2
9571,2
9572,8
9573,2
9574,11
9575,3
9576,4
9577,13
9578,2
9579,7
9580,5
9581,7
9582,4
9583,2
9584,10
9585,2
9586,4
9587,3
9588,3
9589,6
9590,4
9591,3
9592,2
9593,8
9594,2
9595,1
9596,10
9597,1
9598,9
9599,4
9600,5
9601,5
9602,8
9603,1
9604,3
9605,3
9606,2
9607,2
9608,1
9609,1
9610,3
9611,1
9612,5
9613,3
9614,6
9615,6
9616,2
9617,6
9618,1
9619,4
9620,2
9621,5
9622,2
9623,4
9624,2
9625,2
9626,2
9627,6
9628,1
9629,4
9630,1
9631,8
9632,3
9633,3
9634,2
9635,7
9636,2
9637,3
9638,1
9639,2
9640,3
9641,7
9642,5
9643,10
9644,10
9645,1
9646,8
9647,5
9648,3
9649,4
9650,5
9651,5
9652,2
9653,1
9654,2
9655,1
9656,4
9657,3
9658,2
9659,1
9660,1
9661,1
9662,4
9663,3
9664,1
9665,3
9666,7
9667,1
9668,3
9669,6
9670,2
9671,1
9672,6
9673,4
9674,4
9675,5
9676,4
9677,2
9678,5
9679,2
9680,1
9681,1
9682,3
9683,3
9684,2
9685,9
9686,1
9687,2
9688,5
9689,1
9690,6
9691,1
9692,2
9693,2
9694,2
9695,4
9696,2
9697,5
9698,3
9699,2
9700,1
9701,1
9702,6
9703,6
9704,3
9705,6
9706,1
9707,1
9708,2
9709,3
9710,5
9711,2
9712,5
9713,1
9714,3
9715,7
9716,1
9717,2
9718,5
9719,2
9720,4
9721,3
9722,3
9723,2
9724,1
9725,4
9726,1
9727,1
9728,5
9729,3
9730,8
9731,7
9732,1
9733,1
9734,2
9735,1
9736,1
9737,8
9738,4
9739,3
9740,2
9741,1
9742,4
9743,1
9744,2
9745,1
9746,3
9747,1
9748,5
9749,1
9750,2
9751,1
9752,3
9753,2
9754,6
9755,2
9756,2
9757,8
9758,1
9759,4
9760,2
9761,8
9762,9
9763,1
9764,2
9765,7
9766,2
9767,7
9768,5
9769,2
9770,2
9771,8
9772,5
9773,5
9774,4
9775,4
9776,1
9777,1
9778,3
9779,4
9780,2
9781,2
9782,1
9783,3
9784,1
9785,1
9786,6
9787,4
9788,1
9789,1
9790,3
9791,1
9792,2
9793,4
9794,2
9795,8
9796,6
9797,1
9798,2
9799,3
9800,1
9801,1
9802,3
9803,1
9804,5
9805,1
9806,3
9807,1
9808,1
9809,3
9810,1
9811,1
9812,2
9813,1
9814,1
9815,1
9816,3
9817,2
9818,2
9819,1
9820,1
9821,1
9822,5
9823,2
9824,1
9825,1
9826,1
9827,1
9828,2
9829,1
9830,2
9831,3
9832,7
9833,2
9834,2
9835,2
9836,5
9837,2
9838,4
9839,2
9840,3
9841,6
9842,9
9843,5
9844,6
9845,3
9846,3
9847,1
9848,1
9849,9
9850,3
9851,2
9852,3
9853,1
9854,7
9855,1
9856,1
9857,1
9858,6
9859,1
9860,4
9861,2
9862,1
9863,1
9864,2
9865,2
9866,3
9867,5
9868,11
9869,1
9870,1
9871,1
9872,1
9873,5
9874,2
9875,4
9876,6
9877,7
9878,2
9879,2
9880,1
9881,2
9882,2
9883,4
9884,5
9885,3
9886,1
9887,3
9888,3
9889,8
9890,5
9891,1
9892,5
9893,5
9894,3
9895,3
9896,6
9897,1
9898,1
9899,2
9900,7
9901,1
9902,1
9903,1
9904,7
9905,1
9906,1
9907,5
9908,2
9909,2
9910,2
9911,2
9912,2
9913,2
9914,5
9915,1
9916,5
9917,2
9918,6
9919,3
9920,5
9921,2
9922,4
9923,4
9924,3
9925,3
9926,2
9927,3
9928,1
9929,3
9930,2
9931,1
9932,4
9933,4
9934,2
9935,2
9936,6
9937,5
9938,2
9939,3
9940,2
9941,2
9942,4
9943,9
9944,9
9945,3
9946,3
9947,3
9948,3
9949,5
9950,4
9951,1
9952,2
9953,1
9954,5
9955,8
9956,4
9957,1
9958,5
9959,1
9960,3
9961,1
9962,3
9963,5
9964,6
9965,3
9966,1
9967,5
9968,3
9969,14
9970,1
9971,1
9972,2
9973,7
9974,2
9975,8
9976,4
9977,3
9978,8
9979,6
9980,3
9981,2
9982,3
9983,1
9984,7
9985,7
9986,2
9987,4
9988,10
9989,5
9990,4
9991,2
9992,15
9993,6
9994,5
9995,3
9996,10
9997,5
9998,1
9999,1
10000,3
10001,1
10002,1
10003,2
10004,5
10005,9
10006,2
10007,2
10008,2
10009,2
10010,3
10011,5
10012,5
10013,2
10014,3
10015,2
10016,3
10017,5
10018,6
10019,5
10020,3
10021,2
10022,1
10023,4
10024,6
10025,1
10026,1
10027,3
10028,2
10029,4
10030,6
10031,2
10032,5
10033,1
10034,2
10035,2
10036,6
10037,6
10038,9
10039,5
10040,4
10041,2
10042,2
10043,1
10044,7
10045,2
10046,9
10047,1
10048,1
10049,1
10050,3
10051,9
10052,3
10053,1
10054,15
10055,1
10056,7
10057,5
10058,7
10059,3
10060,1
10061,5
10062,4
10063,1
10064,3
10065,6
10066,11
10067,3
10068,2
10069,2
10070,2
10071,4
10072,2
10073,3
10074,1
10075,1
10076,3
10077,2
10078,3
10079,3
10080,2
10081,1
10082,3
10083,4
10084,9
10085,3
10086,6
10087,6
10088,4
10089,1
10090,2
10091,1
10092,20
10093,1
10094,1
10095,3
10096,1
10097,1
10098,3
10099,6
10100,1
10101,12
10102,7
10103,3
10104,1
10105,5
10106,11
10107,9
10108,5
10109,6
10110,2
10111,2
10112,6
10113,3
10114,3
10115,3
10116,1
10117,6
10118,1
10119,2
10120,1
10121,4
10122,2
10123,4
10124,1
10125,6
10126,3
10127,3
10128,4
10129,14
10130,4
10131,5
10132,4
10133,3
10134,1
10135,5
10136,5
10137,3
10138,3
10139,2
10140,12
10141,3
10142,4
10143,1
10144,2
10145,1
10146,3
10147,3
10148,18
10149,2
10150,4
10151,7
10152,1
10153,1
10154,6
10155,2
10156,1
10157,19
10158,6
10159,5
10160,7
10161,2
10162,9
10163,2
10164,1
10165,1
10166,2
10167,6
10168,2
10169,4
10170,9
10171,5
10172,2
10173,1
10174,8
10175,2
10176,1
10177,5
10178,13
10179,14
10180,7
10181,1
10182,1
10183,2
10184,3
10185,6
10186,10
10187,1
10188,7
10189,2
10190,1
10191,3
10192,4
10193,2
10194,2
10195,12
10196,1
10197,1
10198,8
10199,6
10200,12
10201,1
10202,7
10203,3
10204,3
10205,5
10206,10
10207,1
10208,2
10209,6
10210,10
10211,6
10212,4
10213,1
10214,2
10215,4
10216,1
10217,2
10218,1
10219,3
10220,2
10221,2
10222,2
10223,5
10224,1
10225,1
10226,4
10227,4
10228,4
10229,1
10230,1
10231,7
10232,2
10233,1
10234,4
10235,1
10236,7
10237,3
10238,1
10239,1
10240,6
10241,2
10242,5
10243,8
10244,1
10245,1
10246,7
10247,2
10248,2
10249,1
10250,9
10251,2
10252,9
10253,3
10254,3
10255,1
10256,1
10257,3
10258,6
10259,3
10260,4
10261,4
10262,1
10263,9
10264,1
10265,1
10266,2
10267,1
10268,12
10269,1
10270,2
10271,1
10272,11
10273,7
10274,5
10275,5
10276,3
10277,1
10278,1
10279,6
10280,2
10281,3
10282,5
10283,4
10284,3
10285,1
10286,4
10287,6
10288,1
10289,3
10290,4
10291,5
10292,4
10293,5
10294,6
10295,4
10296,9
10297,4
10298,1
10299,1
10300,5
10301,9
10302,4
10303,6
10304,1
10305,14
10306,3
10307,4
10308,9
10309,2
10310,14
10311,4
10312,5
10313,4
10314,3
10315,2
10316,6
10317,3
10318,3
10319,4
10320,10
10321,1
10322,3
10323,6
10324,3
10325,1
10326,4
10327,6
10328,4
10329,9
10330,5
10331,2
10332,7
10333,6
10334,2
10335,1
10336,3
10337,1
10338,10
10339,12
10340,1
10341,11
10342,3
10343,11
10344,12
10345,10
10346,9
10347,19
10348,2
10349,4
10350,3
10351,7
10352,4
10353,1
10354,11
10355,3
10356,1
10357,1
10358,8
10359,5
10360,2
10361,13
10362,6
10363,6
10364,6
10365,7
10366,2
10367,5
10368,4
10369,6
10370,3
10371,8
10372,6
10373,8
10374,1
10375,7
10376,2
10377,10
10378,12
10379,11
10380,1
10381,11
10382,2
10383,11
10384,10
10385,18
10386,4
10387,18
10388,5
10389,19
10390,5
10391,12
10392,2
10393,7
10394,7
10395,3
10396,2
10397,4
10398,7
10399,7
10400,1
10401,12
10402,12
10403,12
10404,4
10405,2
10406,5
10407,3
10408,12
10409,11
10410,4
10411,12
10412,9
10413,4
10414,10
10415,14
10416,1
10417,7
10418,8
10419,2
10420,20
10421,5
10422,13
10423,19
10424,20
10425,2
10426,10
10427,3
10428,2
10429,4
10430,2
10431,3
10432,4
10433,2
10434,11
10435,3
10436,3
10437,9
10438,2
10439,7
10440,13
10441,5
10442,18
10443,18
10444,1
10445,5
10446,21
10447,1
10448,25
10449,4
10450,9
10451,5
10452,7
10453,4
10454,2
10455,16
10456,20
10457,7
10458,9
10459,13
10460,5
10461,41
10462,3
10463,14
10464,8
10465,26
10466,1
10467,9
10468,8
10469,2
10470,4
10471,20
10472,7
10473,43
10474,2
10475,18
10476,37
10477,22
10478,16
10479,1
10480,9
10481,11
10482,16
10483,6
10484,3
10485,2
10486,2
10487,2
10488,3
10489,7
10490,19
10491,55
10492,14
10493,33
10494,17
10495,4
10496,2
10497,31
10498,13
10499,6
10500,4
10501,7
10502,71
10503,11
10504,15
10505,5
10506,41
10507,24
10508,11
10509,4
10510,19
10511,2
10512,13
10513,20
10514,13
10515,13
10516,26
10517,12
10518,21
10519,52
10520,25
10521,6
10522,2
10523,19
10524,22
10525,17
10526,1
10527,20
10528,29
10529,49
10530,14
10531,10
10532,13
10533,12
10534,22
10535,28
10536,24
10537,1
10538,48
10539,14
10540,6
10541,18
10542,42
10543,3
10544,22
10545,1
10546,23
10547,41
10548,16
10549,1
10550,44
10551,6
10552,25
10553,9
10554,31
10555,12
10556,9
10557,7
10558,1
10559,38
10560,20
10561,30
10562,11
10563,9
10564,6
10565,9
10566,41
10567,23
10568,20
10569,29
10570,11
10571,6
10572,5
10573,7
10574,12
10575,6
10576,20
10577,14
10578,1
10579,21
10580,13
10581,10
10582,1
10583,6
10584,8
10585,4
10586,26
10587,14
10588,8
10589,1
10590,20
10591,3
10592,4
10593,1
10594,4
10595,2
10596,1
10597,4
10598,3
10599,8
10600,3
10601,23
10602,4
10603,6
10604,11
10605,8
10606,7
10607,4
10608,2
10609,25
10610,6
10611,2
10612,12
10613,1
10614,7
10615,16
10616,1
10617,3
10618,5
10619,2
10620,5
10621,9
10622,4
10623,26
10624,6
10625,17
10626,11
10627,24
10628,8
10629,2
10630,23
10631,1
10632,6
10633,6
10634,12
10635,14
10636,17
10637,1
10638,8
10639,9
10640,4
10641,15
10642,4
10643,1
10644,5
10645,4
10646,6
10647,16
10648,18
10649,5
10650,1
10651,1
10652,11
10653,9
10654,1
10655,4
10656,2
10657,8
10658,19
10659,4
10660,12
10661,2
10662,2
10663,16
10664,3
10665,2
10666,7
10667,1
10668,2
10669,2
10670,10
10671,2
10672,10
10673,5
10674,4
10675,4
10676,5
10677,3
10678,7
10679,6
10680,4
10681,1
10682,1
10683,1
10684,1
10685,5
10686,2
10687,1
10688,1
10689,3
10690,1
10691,2
10692,2
10693,2
10694,1
10695,1
10696,1
10697,1
10698,1
10699,2
10700,3
10701,2
10702,1
10703,1
10704,2
10705,1
10706,1
10707,1
10708,1
10709,1
10710,1
10711,6
10712,1
10713,1
10714,1
10715,4
10716,6
10717,7
10718,2
10719,1
10720,1
10721,2
10722,4
10723,2
10724,1
10725,2
10726,3
10727,2
10728,1
10729,1
10730,3
10731,4
10732,2
10733,1
10734,1
10735,5
10736,7
10737,2
10738,6
10739,1
10740,7
10741,1
10742,1
10743,1
10744,1
10745,1
10746,2
10747,6
10748,3
10749,1
10750,1
10751,1
10752,1
10753,1
10754,1
10755,1
10756,2
10757,2
10758,4
10759,1
10760,3
10761,2
10762,1
10763,2
10764,2
10765,3
10766,2
10767,4
10768,6
10769,1
10770,2
10771,1
10772,1
10773,2
10774,1
10775,1
10776,1
10777,1
10778,1
10779,1
10780,1
10781,1
10782,1
10783,1
10784,2
10785,1
10786,4
10787,1
10788,1
10789,1
10790,1
10791,3
10792,5
10793,1
10794,1
10795,5
10796,3
10797,1
10798,1
10799,2
10800,1
