1,4
2,1
3,6
4,3
5,2
6,2
7,4
8,1
9,1
10,2
11,4
12,6
13,9
14,2
15,2
16,3
17,1
18,4
19,3
20,3
21,3
22,3
23,3
24,10
25,1
26,3
27,4
28,2
29,6
30,1
31,2
32,4
33,6
34,3
35,10
36,4
37,3
38,1
39,5
40,4
41,12
42,3
43,13
44,5
45,7
46,1
47,6
48,4
49,10
50,1
51,1
52,5
53,1
54,5
55,9
56,4
57,8
58,2
59,1
60,3
61,5
62,2
63,2
64,3
65,10
66,10
67,10
68,5
69,4
70,4
71,5
72,5
73,2
74,6
75,1
76,2
77,5
78,2
79,2
80,10
81,1
82,3
83,3
84,4
85,9
86,1
87,3
88,3
89,5
90,1
91,2
92,1
93,8
94,12
95,12
96,6
97,4
98,15
99,1
100,1
101,5
102,9
103,6
104,6
105,2
106,2
107,6
108,3
109,11
110,5
111,7
112,3
113,4
114,8
115,10
116,2
117,1
118,8
119,1
120,1
121,11
122,1
123,8
124,6
125,1
126,5
127,3
128,2
129,4
130,7
131,4
132,7
133,5
134,8
135,2
136,8
137,6
138,3
139,5
140,13
141,1
142,6
143,3
144,2
145,2
146,3
147,9
148,7
149,6
150,9
151,3
152,5
153,1
154,2
155,4
156,2
157,4
158,1
159,1
160,1
161,1
162,4
163,4
164,10
165,1
166,4
167,6
168,1
169,1
170,1
171,2
172,4
173,6
174,3
175,1
176,1
177,3
178,4
179,3
180,4
181,3
182,4
183,1
184,12
185,1
186,1
187,3
188,2
189,4
190,10
191,2
192,1
193,1
194,6
195,1
196,18
197,6
198,7
199,1
200,6
201,3
202,5
203,1
204,10
205,3
206,2
207,3
208,6
209,2
210,9
211,4
212,3
213,10
214,6
215,15
216,3
217,1
218,10
219,4
220,2
221,2
222,2
223,3
224,1
225,1
226,5
227,1
228,2
229,6
230,17
231,2
232,1
233,2
234,4
235,6
236,2
237,4
238,8
239,1
240,2
241,2
242,3
243,1
244,5
245,4
246,9
247,2
248,4
249,1
250,5
251,3
252,1
253,10
254,1
255,5
256,4
257,5
258,2
259,5
260,6
261,11
262,1
263,5
264,10
265,4
266,5
267,3
268,8
269,6
270,8
271,1
272,2
273,5
274,1
275,1
276,2
277,9
278,4
279,2
280,3
281,3
282,12
283,1
284,10
285,4
286,3
287,2
288,7
289,3
290,1
291,1
292,17
293,1
294,5
295,1
296,5
297,2
298,4
299,4
300,1
301,4
302,1
303,3
304,11
305,3
306,3
307,2
308,4
309,1
310,2
311,7
312,6
313,12
314,3
315,2
316,10
317,1
318,5
319,1
320,6
321,1
322,1
323,5
324,2
325,2
326,3
327,2
328,3
329,3
330,1
331,1
332,2
333,11
334,10
335,2
336,11
337,10
338,7
339,1
340,2
341,2
342,3
343,8
344,4
345,1
346,3
347,4
348,1
349,1
350,2
351,3
352,3
353,4
354,3
355,2
356,11
357,3
358,3
359,1
360,17
361,1
362,14
363,7
364,2
365,2
366,2
367,3
368,1
369,6
370,4
371,7
372,1
373,2
374,6
375,2
376,6
377,7
378,10
379,4
380,3
381,7
382,1
383,5
384,3
385,3
386,2
387,1
388,2
389,10
390,7
391,1
392,2
393,6
394,1
395,1
396,2
397,1
398,1
399,2
400,2
401,4
402,4
403,1
404,14
405,9
406,3
407,1
408,9
409,1
410,8
411,11
412,6
413,4
414,1
415,5
416,3
417,2
418,7
419,1
420,3
421,11
422,1
423,6
424,4
425,12
426,3
427,11
428,2
429,8
430,1
431,6
432,8
433,7
434,5
435,1
436,4
437,7
438,1
439,1
440,1
441,2
442,4
443,1
444,2
445,4
446,4
447,2
448,2
449,10
450,8
451,1
452,3
453,1
454,3
455,8
456,2
457,11
458,5
459,10
460,4
461,3
462,1
463,1
464,5
465,1
466,3
467,3
468,2
469,2
470,5
471,6
472,3
473,3
474,1
475,3
476,2
477,3
478,8
479,5
480,4
481,4
482,9
483,6
484,10
485,4
486,1
487,3
488,2
489,3
490,1
491,7
492,5
493,2
494,2
495,8
496,3
497,3
498,6
499,7
500,4
501,1
502,7
503,4
504,2
505,1
506,1
507,3
508,9
509,8
510,14
511,2
512,9
513,3
514,2
515,5
516,3
517,1
518,2
519,4
520,1
521,7
522,3
523,2
524,7
525,6
526,6
527,9
528,3
529,3
530,2
531,4
532,3
533,1
534,2
535,5
536,4
537,10
538,2
539,1
540,12
541,4
542,1
543,1
544,2
545,6
546,2
547,3
548,1
549,9
550,1
551,1
552,8
553,2
554,5
555,1
556,9
557,2
558,4
559,4
560,3
561,8
562,5
563,4
564,2
565,2
566,4
567,1
568,6
569,4
570,2
571,3
572,4
573,8
574,3
575,1
576,3
577,3
578,2
579,1
580,2
581,1
582,6
583,2
584,1
585,3
586,4
587,2
588,1
589,6
590,5
591,2
592,1
593,8
594,2
595,6
596,3
597,2
598,3
599,5
600,1
601,2
602,1
603,3
604,1
605,2
606,3
607,1
608,2
609,7
610,3
611,4
612,9
613,4
614,6
615,1
616,2
617,6
618,1
619,2
620,1
621,4
622,2
623,3
624,1
625,1
626,1
627,2
628,1
629,4
630,1
631,7
632,12
633,8
634,1
635,3
636,3
637,11
638,3
639,9
640,18
641,4
642,1
643,3
644,5
645,1
646,6
647,2
648,2
649,7
650,6
651,1
652,10
653,9
654,12
655,3
656,9
657,4
658,8
659,6
660,6
661,8
662,5
663,2
664,15
665,5
666,18
667,5
668,3
669,9
670,11
671,6
672,43
673,7
674,12
675,7
676,1
677,4
678,8
679,7
680,12
681,10
682,1
683,5
684,14
685,9
686,5
687,1
688,2
689,3
690,3
691,23
692,11
693,3
694,13
695,2
696,9
697,1
698,2
699,10
700,9
701,3
702,1
703,1
704,7
705,21
706,27
707,1
708,12
709,11
710,1
711,3
712,3
713,3
714,12
715,6
716,4
717,2
718,15
719,10
720,6
721,4
722,3
723,3
724,2
725,3
726,4
727,2
728,5
729,5
730,3
731,8
732,5
733,1
734,2
735,6
736,3
737,1
738,6
739,1
740,2
741,1
742,1
743,4
744,2
745,5
746,1
747,4
748,2
749,7
750,3
751,4
752,1
753,3
754,1
755,1
756,1
757,5
758,4
759,6
760,3
761,1
762,3
763,9
764,3
765,2
766,1
767,5
768,1
769,1
770,7
771,3
772,1
773,1
774,9
775,3
776,3
777,6
778,3
779,1
780,2
781,1
782,9
783,5
784,5
785,2
786,2
787,1
788,3
789,4
790,2
791,3
792,4
793,2
794,3
795,4
796,3
797,3
798,2
799,1
800,1
801,2
802,1
803,3
804,7
805,4
806,2
807,4
808,1
809,4
810,2
811,1
812,3
813,1
814,1
815,6
816,3
817,3
818,2
819,2
820,4
821,11
822,21
823,1
824,2
825,1
826,4
827,7
828,2
829,2
830,5
831,9
832,8
833,16
834,4
835,5
836,16
837,12
838,3
839,2
840,2
841,2
842,3
843,7
844,5
845,4
846,3
847,11
848,1
849,3
850,3
851,3
852,2
853,2
854,1
855,3
856,1
857,1
858,6
859,1
860,2
861,5
862,1
863,5
864,2
865,10
866,3
867,5
868,5
869,11
870,7
871,7
872,8
873,2
874,9
875,1
876,5
877,5
878,6
879,4
880,4
881,1
882,1
883,13
884,3
885,6
886,1
887,1
888,3
889,4
890,2
891,10
892,2
893,3
894,6
895,5
896,6
897,9
898,2
899,5
900,3
901,1
902,5
903,4
904,3
905,4
906,3
907,2
908,4
909,4
910,1
911,8
912,1
913,6
914,3
915,8
916,8
917,1
918,3
919,2
920,1
921,7
922,2
923,5
924,7
925,6
926,5
927,5
928,3
929,2
930,4
931,4
932,1
933,5
934,11
935,4
936,11
937,6
938,2
939,1
940,10
941,6
942,1
943,10
944,8
945,7
946,1
947,8
948,2
949,4
950,4
951,4
952,5
953,1
954,18
955,2
956,8
957,3
958,8
959,3
960,5
961,2
962,3
963,3
964,4
965,4
966,1
967,2
968,4
969,3
970,4
971,6
972,4
973,1
974,6
975,3
976,4
977,5
978,8
979,13
980,4
981,1
982,8
983,1
984,2
985,14
986,1
987,2
988,6
989,8
990,2
991,1
992,4
993,2
994,7
995,3
996,2
997,7
998,5
999,9
1000,5
1001,5
1002,1
1003,9
1004,7
1005,4
1006,1
1007,2
1008,2
1009,4
1010,2
1011,6
1012,1
1013,1
1014,17
1015,2
1016,12
1017,3
1018,13
1019,1
1020,4
1021,13
1022,3
1023,24
1024,14
1025,2
1026,7
1027,25
1028,2
1029,5
1030,8
1031,7
1032,1
1033,12
1034,9
1035,3
1036,1
1037,12
1038,2
1039,1
1040,8
1041,26
1042,18
1043,6
1044,19
1045,16
1046,4
1047,2
1048,7
1049,5
1050,1
1051,8
1052,3
1053,1
1054,1
1055,1
1056,9
1057,12
1058,8
1059,12
1060,7
1061,22
1062,1
1063,2
1064,7
1065,18
1066,6
1067,2
1068,4
1069,5
1070,7
1071,1
1072,2
1073,6
1074,9
1075,13
1076,17
1077,2
1078,7
1079,20
1080,12
1081,13
1082,3
1083,2
1084,3
1085,3
1086,1
1087,5
1088,3
1089,4
1090,8
1091,18
1092,6
1093,2
1094,2
1095,4
1096,27
1097,16
1098,9
1099,2
1100,1
1101,2
1102,6
1103,1
1104,22
1105,1
1106,29
1107,10
1108,2
1109,3
1110,4
1111,10
1112,8
1113,10
1114,14
1115,3
1116,16
1117,8
1118,6
1119,3
1120,4
1121,7
1122,6
1123,2
1124,29
1125,3
1126,12
1127,21
1128,1
1129,2
1130,9
1131,4
1132,5
1133,20
1134,1
1135,5
1136,3
1137,1
1138,10
1139,5
1140,22
1141,15
1142,15
1143,10
1144,3
1145,8
1146,21
1147,24
1148,10
1149,1
1150,6
1151,1
1152,12
1153,4
1154,19
1155,6
1156,9
1157,6
1158,16
1159,9
1160,15
1161,8
1162,8
1163,10
1164,1
1165,1
1166,10
1167,2
1168,1
1169,2
1170,8
1171,18
1172,18
1173,2
1174,6
1175,7
1176,18
1177,6
1178,7
1179,19
1180,2
1181,7
1182,22
1183,20
1184,10
1185,1
1186,9
1187,2
1188,5
1189,6
1190,4
1191,6
1192,2
1193,2
1194,2
1195,22
1196,13
1197,17
1198,13
1199,17
1200,2
1201,7
1202,4
1203,24
1204,4
1205,3
1206,6
1207,1
1208,3
1209,9
1210,10
1211,22
1212,2
1213,8
1214,11
1215,13
1216,1
1217,4
1218,21
1219,2
1220,22
1221,4
1222,15
1223,5
1224,8
1225,14
1226,6
1227,2
1228,4
1229,2
1230,1
1231,2
1232,10
1233,35
1234,1
1235,6
1236,2
1237,12
1238,12
1239,5
1240,5
1241,2
1242,4
1243,8
1244,4
1245,3
1246,11
1247,23
1248,1
1249,7
1250,16
1251,4
1252,2
1253,5
1254,12
1255,3
1256,23
1257,8
1258,21
1259,5
1260,6
1261,1
1262,2
1263,13
1264,4
1265,3
1266,2
1267,5
1268,7
1269,1
1270,6
1271,9
1272,1
1273,7
1274,1
1275,17
1276,15
1277,1
1278,6
1279,2
1280,4
1281,4
1282,14
1283,7
1284,6
1285,1
1286,3
1287,6
1288,3
1289,4
1290,2
1291,2
1292,6
1293,1
1294,1
1295,3
1296,1
1297,3
1298,2
1299,2
1300,4
1301,4
1302,1
1303,2
1304,1
1305,2
1306,7
1307,7
1308,12
1309,2
1310,6
1311,1
1312,2
1313,7
1314,3
1315,3
1316,1
1317,1
1318,1
1319,1
1320,2
1321,1
1322,5
1323,4
1324,6
1325,3
1326,9
1327,3
1328,4
1329,1
1330,2
1331,2
1332,4
1333,9
1334,1
1335,4
1336,9
1337,1
1338,1
1339,15
1340,3
1341,3
1342,4
1343,2
1344,3
1345,1
1346,3
1347,3
1348,13
1349,1
1350,4
1351,3
1352,8
1353,7
1354,9
1355,5
1356,2
1357,1
1358,10
1359,1
1360,3
1361,4
1362,5
1363,1
1364,6
1365,9
1366,4
1367,9
1368,4
1369,4
1370,2
1371,10
1372,1
1373,1
1374,1
1375,2
1376,1
1377,7
1378,1
1379,2
1380,9
1381,5
1382,1
1383,1
1384,1
1385,3
1386,1
1387,3
1388,1
1389,1
1390,3
1391,1
1392,3
1393,2
1394,5
1395,2
1396,3
1397,7
1398,2
1399,2
1400,7
1401,6
1402,2
1403,3
1404,13
1405,1
1406,16
1407,1
1408,11
1409,1
1410,4
1411,2
1412,2
1413,5
1414,1
1415,1
1416,4
1417,2
1418,3
1419,2
1420,4
1421,1
1422,7
1423,3
1424,2
1425,1
1426,1
1427,2
1428,4
1429,4
1430,2
1431,4
1432,1
1433,1
1434,1
1435,3
1436,8
1437,4
1438,6
1439,4
1440,12
1441,5
1442,12
1443,3
1444,4
1445,2
1446,1
1447,2
1448,1
1449,3
1450,2
1451,1
1452,5
1453,3
1454,2
1455,3
1456,6
1457,3
1458,8
1459,7
1460,3
1461,1
1462,2
1463,1
1464,2
1465,5
1466,5
1467,3
1468,8
1469,2
1470,2
1471,4
1472,1
1473,1
1474,3
1475,5
1476,2
1477,6
1478,1
1479,5
1480,2
1481,2
1482,2
1483,2
1484,8
1485,2
1486,1
1487,11
1488,11
1489,1
1490,12
1491,10
1492,6
1493,2
1494,3
1495,10
1496,1
1497,6
1498,2
1499,2
1500,2
1501,12
1502,8
1503,8
1504,7
1505,1
1506,6
1507,7
1508,2
1509,2
1510,10
1511,3
1512,1
1513,4
1514,4
1515,6
1516,5
1517,2
1518,1
1519,12
1520,1
1521,1
1522,4
1523,3
1524,4
1525,7
1526,13
1527,2
1528,6
1529,2
1530,6
1531,12
1532,1
1533,4
1534,5
1535,3
1536,5
1537,1
1538,1
1539,1
1540,4
1541,2
1542,4
1543,1
1544,4
1545,4
1546,5
1547,1
1548,3
1549,1
1550,1
1551,1
1552,2
1553,4
1554,2
1555,1
1556,4
1557,4
1558,1
1559,10
1560,3
1561,1
1562,5
1563,8
1564,7
1565,3
1566,8
1567,4
1568,13
1569,2
1570,1
1571,1
1572,1
1573,2
1574,6
1575,1
1576,1
1577,1
1578,9
1579,8
1580,1
1581,7
1582,5
1583,2
1584,1
1585,1
1586,1
1587,3
1588,3
1589,7
1590,7
1591,6
1592,2
1593,3
1594,14
1595,13
1596,3
1597,5
1598,2
1599,6
1600,1
1601,1
1602,8
1603,1
1604,6
1605,2
1606,1
1607,1
1608,2
1609,1
1610,6
1611,2
1612,4
1613,2
1614,1
1615,5
1616,7
1617,3
1618,1
1619,3
1620,4
1621,8
1622,11
1623,5
1624,1
1625,8
1626,3
1627,12
1628,4
1629,19
1630,1
1631,3
1632,1
1633,6
1634,3
1635,1
1636,10
1637,2
1638,2
1639,2
1640,3
1641,3
1642,16
1643,10
1644,3
1645,3
1646,2
1647,3
1648,16
1649,5
1650,1
1651,8
1652,13
1653,5
1654,7
1655,9
1656,9
1657,5
1658,12
1659,7
1660,11
1661,1
1662,3
1663,3
1664,1
1665,7
1666,4
1667,5
1668,1
1669,3
1670,9
1671,1
1672,2
1673,3
1674,3
1675,3
1676,11
1677,2
1678,14
1679,4
1680,8
1681,2
1682,1
1683,1
1684,3
1685,9
1686,2
1687,3
1688,2
1689,4
1690,17
1691,6
1692,1
1693,7
1694,3
1695,7
1696,8
1697,6
1698,2
1699,1
1700,9
1701,1
1702,6
1703,15
1704,18
1705,2
1706,16
1707,12
1708,6
1709,13
1710,3
1711,8
1712,5
1713,8
1714,5
1715,10
1716,2
1717,22
1718,1
1719,4
1720,19
1721,5
1722,3
1723,29
1724,19
1725,21
1726,13
1727,5
1728,4
1729,5
1730,1
1731,1
1732,9
1733,8
1734,8
1735,15
1736,1
1737,2
1738,5
1739,26
1740,5
1741,6
1742,4
1743,20
1744,3
1745,5
1746,14
1747,2
1748,12
1749,3
1750,30
1751,6
1752,7
1753,6
1754,10
1755,14
1756,1
1757,1
1758,14
1759,3
1760,4
1761,7
1762,2
1763,2
1764,4
1765,11
1766,4
1767,6
1768,19
1769,45
1770,1
1771,2
1772,5
1773,4
1774,6
1775,4
1776,3
1777,13
1778,1
1779,2
1780,2
1781,7
1782,2
1783,2
1784,36
1785,1
1786,6
1787,3
1788,6
1789,10
1790,3
1791,1
1792,8
1793,7
1794,1
1795,5
1796,16
1797,9
1798,2
1799,21
1800,9
1801,6
1802,16
1803,4
1804,1
1805,13
1806,1
1807,1
1808,2
1809,5
1810,3
1811,11
1812,5
1813,39
1814,20
1815,15
1816,13
1817,1
1818,10
1819,4
1820,3
1821,25
1822,16
1823,3
1824,3
1825,6
1826,15
1827,3
1828,10
1829,2
1830,5
1831,22
1832,3
1833,6
1834,11
1835,10
1836,2
1837,2
1838,3
1839,1
1840,4
1841,15
1842,9
1843,22
1844,4
1845,1
1846,13
1847,3
1848,11
1849,10
1850,36
1851,13
1852,8
1853,9
1854,7
1855,6
1856,17
1857,6
1858,26
1859,3
1860,3
1861,2
1862,2
1863,15
1864,7
1865,7
1866,2
1867,6
1868,6
1869,2
1870,17
1871,23
1872,4
1873,1
1874,6
1875,16
1876,3
1877,28
1878,4
1879,5
1880,12
1881,10
1882,2
1883,7
1884,9
1885,1
1886,11
1887,26
1888,5
1889,19
1890,4
1891,3
1892,17
1893,17
1894,5
1895,1
1896,10
1897,2
1898,5
1899,2
1900,3
1901,3
1902,5
1903,5
1904,2
1905,6
1906,1
1907,1
1908,14
1909,1
1910,2
1911,9
1912,10
1913,7
1914,11
1915,5
1916,1
1917,5
1918,1
1919,1
1920,4
1921,8
1922,7
1923,6
1924,7
1925,11
1926,1
1927,2
1928,1
1929,3
1930,8
1931,1
1932,2
1933,1
1934,10
1935,1
1936,1
1937,2
1938,17
1939,3
1940,6
1941,2
1942,2
1943,4
1944,2
1945,1
1946,12
1947,5
1948,1
1949,2
1950,6
1951,1
1952,6
1953,4
1954,5
1955,6
1956,14
1957,2
1958,3
1959,3
1960,2
1961,2
1962,1
1963,4
1964,3
1965,8
1966,1
1967,7
1968,1
1969,3
1970,6
1971,1
1972,14
1973,9
1974,1
1975,2
1976,1
1977,9
1978,1
1979,1
1980,8
1981,7
1982,3
1983,2
1984,4
1985,1
1986,2
1987,1
1988,2
1989,5
1990,1
1991,3
1992,4
1993,11
1994,5
1995,12
1996,12
1997,2
1998,3
1999,10
2000,9
2001,10
2002,5
2003,3
2004,5
2005,5
2006,3
2007,7
2008,2
2009,3
2010,1
2011,6
2012,6
2013,3
2014,5
2015,4
2016,2
2017,1
2018,1
2019,12
2020,2
2021,1
2022,2
2023,1
2024,1
2025,1
2026,1
2027,1
2028,8
2029,3
2030,3
2031,4
2032,7
2033,2
2034,3
2035,3
2036,7
2037,9
2038,3
2039,5
2040,2
2041,1
2042,10
2043,14
2044,6
2045,3
2046,3
2047,12
2048,10
2049,2
2050,7
2051,3
2052,14
2053,3
2054,5
2055,3
2056,3
2057,2
2058,2
2059,4
2060,4
2061,3
2062,5
2063,5
2064,3
2065,4
2066,5
2067,5
2068,1
2069,5
2070,3
2071,2
2072,5
2073,2
2074,5
2075,2
2076,7
2077,3
2078,7
2079,5
2080,9
2081,5
2082,11
2083,5
2084,1
2085,2
2086,1
2087,1
2088,11
2089,4
2090,5
2091,3
2092,2
2093,4
2094,9
2095,3
2096,13
2097,1
2098,1
2099,2
2100,6
2101,1
2102,6
2103,1
2104,2
2105,12
2106,12
2107,5
2108,4
2109,11
2110,4
2111,1
2112,3
2113,1
2114,4
2115,1
2116,10
2117,2
2118,3
2119,10
2120,2
2121,7
2122,3
2123,2
2124,1
2125,1
2126,1
2127,7
2128,1
2129,5
2130,5
2131,4
2132,2
2133,2
2134,18
2135,5
2136,1
2137,4
2138,4
2139,3
2140,1
2141,7
2142,1
2143,1
2144,6
2145,7
2146,6
2147,2
2148,5
2149,4
2150,3
2151,4
2152,3
2153,3
2154,7
2155,1
2156,4
2157,5
2158,2
2159,6
2160,3
2161,1
2162,2
2163,1
2164,9
2165,5
2166,1
2167,1
2168,6
2169,2
2170,28
2171,1
2172,7
2173,1
2174,1
2175,4
2176,1
2177,5
2178,1
2179,12
2180,9
2181,1
2182,5
2183,1
2184,3
2185,1
2186,2
2187,6
2188,17
2189,9
2190,6
2191,3
2192,6
2193,12
2194,3
2195,1
2196,2
2197,5
2198,8
2199,3
2200,3
2201,3
2202,1
2203,4
2204,2
2205,14
2206,1
2207,15
2208,13
2209,23
2210,3
2211,2
2212,3
2213,2
2214,3
2215,12
2216,9
2217,2
2218,31
2219,10
2220,6
2221,10
2222,6
2223,6
2224,2
2225,5
2226,2
2227,3
2228,2
2229,3
2230,7
2231,3
2232,4
2233,27
2234,2
2235,6
2236,15
2237,7
2238,6
2239,16
2240,7
2241,18
2242,12
2243,16
2244,1
2245,13
2246,1
2247,6
2248,2
2249,16
2250,2
2251,17
2252,17
2253,7
2254,1
2255,5
2256,3
2257,10
2258,23
2259,23
2260,11
2261,7
2262,7
2263,23
2264,2
2265,8
2266,2
2267,4
2268,1
2269,2
2270,5
2271,7
2272,3
2273,28
2274,7
2275,2
2276,1
2277,3
2278,19
2279,13
2280,16
2281,1
2282,9
2283,12
2284,4
2285,7
2286,12
2287,9
2288,2
2289,22
2290,6
2291,3
2292,18
2293,18
2294,2
2295,3
2296,7
2297,6
2298,1
2299,2
2300,4
2301,10
2302,9
2303,3
2304,15
2305,1
2306,7
2307,12
2308,3
2309,4
2310,6
2311,7
2312,22
2313,16
2314,9
2315,11
2316,12
2317,6
2318,14
2319,10
2320,6
2321,3
2322,2
2323,28
2324,6
2325,3
2326,1
2327,7
2328,10
2329,1
2330,5
2331,8
2332,16
2333,4
2334,8
2335,1
2336,6
2337,2
2338,6
2339,3
2340,2
2341,1
2342,16
2343,4
2344,3
2345,1
2346,1
2347,11
2348,1
2349,25
2350,16
2351,7
2352,10
2353,3
2354,9
2355,1
2356,27
2357,34
2358,8
2359,19
2360,9
2361,2
2362,15
2363,1
2364,5
2365,2
2366,12
2367,9
2368,6
2369,9
2370,34
2371,7
2372,1
2373,4
2374,21
2375,6
2376,2
2377,16
2378,31
2379,3
2380,10
2381,5
2382,12
2383,16
2384,21
2385,53
2386,23
2387,6
2388,11
2389,1
2390,23
2391,13
2392,17
2393,2
2394,18
2395,6
2396,8
2397,34
2398,20
2399,14
2400,25
2401,32
2402,15
2403,40
2404,10
2405,36
2406,72
2407,7
2408,11
2409,2
2410,32
2411,16
2412,6
2413,47
2414,21
2415,4
2416,16
2417,12
2418,3
2419,6
2420,1
2421,22
2422,7
2423,14
2424,3
2425,6
2426,24
2427,3
2428,21
2429,12
2430,6
2431,37
2432,28
2433,12
2434,1
2435,1
2436,32
2437,10
2438,42
2439,3
2440,65
2441,45
2442,3
2443,16
2444,7
2445,2
2446,5
2447,4
2448,1
2449,18
2450,1
2451,8
2452,7
2453,2
2454,36
2455,6
2456,16
2457,5
2458,10
2459,15
2460,17
2461,7
2462,7
2463,28
2464,1
2465,16
2466,1
2467,19
2468,61
2469,7
2470,1
2471,10
2472,4
2473,10
2474,8
2475,1
2476,33
2477,1
2478,29
2479,17
2480,53
2481,37
2482,18
2483,10
2484,32
2485,39
2486,2
2487,7
2488,9
2489,35
2490,2
2491,4
2492,9
2493,13
2494,10
2495,7
2496,10
2497,26
2498,2
2499,17
2500,4
2501,10
2502,7
2503,7
2504,5
2505,16
2506,12
2507,15
2508,12
2509,23
2510,12
2511,8
2512,13
2513,35
2514,1
2515,46
2516,10
2517,35
2518,8
2519,3
2520,8
2521,12
2522,20
2523,75
2524,5
2525,5
2526,19
2527,46
2528,7
2529,9
2530,7
2531,19
2532,24
2533,17
2534,6
2535,2
2536,1
2537,7
2538,17
2539,2
2540,1
2541,17
2542,72
2543,8
2544,13
2545,17
2546,27
2547,19
2548,4
2549,29
2550,9
2551,1
2552,2
2553,27
2554,3
2555,8
2556,10
2557,30
2558,18
2559,16
2560,11
2561,60
2562,67
2563,19
2564,25
2565,9
2566,28
2567,19
2568,32
2569,21
2570,32
2571,22
2572,14
2573,7
2574,9
2575,12
2576,35
2577,19
2578,12
2579,32
2580,3
2581,27
2582,35
2583,29
2584,36
2585,61
2586,29
2587,10
2588,25
2589,2
2590,1
2591,7
2592,29
2593,19
2594,19
2595,6
2596,67
2597,23
2598,24
2599,6
2600,26
2601,1
2602,1
2603,1
2604,37
2605,43
2606,24
2607,33
2608,4
2609,19
2610,10
2611,57
2612,26
2613,41
2614,1
2615,1
2616,3
2617,30
2618,16
2619,5
2620,8
2621,1
2622,2
2623,4
2624,71
2625,30
2626,13
2627,4
2628,3
2629,9
2630,19
2631,4
2632,21
2633,1
2634,17
2635,10
2636,63
2637,24
2638,4
2639,4
2640,6
2641,3
2642,1
2643,7
2644,10
2645,30
2646,11
2647,9
2648,11
2649,10
2650,30
2651,2
2652,21
2653,4
2654,9
2655,1
2656,4
2657,5
2658,15
2659,28
2660,8
2661,18
2662,1
2663,25
2664,19
2665,9
2666,63
2667,4
2668,28
2669,66
2670,52
2671,17
2672,6
2673,10
2674,10
2675,12
2676,30
2677,1
2678,22
2679,2
2680,11
2681,5
2682,13
2683,5
2684,7
2685,20
2686,5
2687,26
2688,15
2689,1
2690,8
2691,13
2692,21
2693,11
2694,20
2695,1
2696,2
2697,1
2698,3
2699,3
2700,18
2701,30
2702,11
2703,4
2704,19
2705,3
2706,6
2707,8
2708,2
2709,10
2710,5
2711,8
2712,2
2713,9
2714,16
2715,2
2716,15
2717,12
2718,2
2719,4
2720,23
2721,17
2722,4
2723,20
2724,34
2725,6
2726,53
2727,2
2728,17
2729,24
2730,13
2731,9
2732,11
2733,18
2734,13
2735,61
2736,32
2737,50
2738,9
2739,26
2740,3
2741,33
2742,8
2743,7
2744,11
2745,4
2746,1
2747,26
2748,3
2749,11
2750,14
2751,26
2752,3
2753,5
2754,4
2755,10
2756,1
2757,33
2758,10
2759,6
2760,10
2761,4
2762,32
2763,7
2764,17
2765,13
2766,28
2767,5
2768,14
2769,7
2770,5
2771,3
2772,5
2773,11
2774,1
2775,1
2776,16
2777,2
2778,5
2779,32
2780,16
2781,46
2782,2
2783,7
2784,20
2785,1
2786,6
2787,5
2788,10
2789,12
2790,3
2791,15
2792,2
2793,4
2794,2
2795,16
2796,2
2797,5
2798,4
2799,5
2800,6
2801,8
2802,10
2803,4
2804,21
2805,11
2806,2
2807,21
2808,8
2809,23
2810,12
2811,8
2812,8
2813,18
2814,13
2815,34
2816,2
2817,5
2818,5
2819,5
2820,2
2821,9
2822,12
2823,6
2824,3
2825,3
2826,4
2827,14
2828,5
2829,3
2830,19
2831,6
2832,2
2833,3
2834,7
2835,24
2836,2
2837,5
2838,4
2839,12
2840,2
2841,2
2842,13
2843,9
2844,14
2845,5
2846,9
2847,4
2848,20
2849,13
2850,4
2851,11
2852,1
2853,1
2854,1
2855,2
2856,21
2857,2
2858,3
2859,1
2860,13
2861,30
2862,11
2863,3
2864,6
2865,18
2866,9
2867,14
2868,25
2869,1
2870,1
2871,20
2872,40
2873,5
2874,6
2875,8
2876,17
2877,11
2878,1
2879,4
2880,20
2881,6
2882,27
2883,3
2884,19
2885,5
2886,1
2887,3
2888,14
2889,9
2890,2
2891,17
2892,11
2893,3
2894,16
2895,17
2896,1
2897,5
2898,10
2899,6
2900,3
2901,8
2902,7
2903,8
2904,2
2905,2
2906,12
2907,4
2908,2
2909,16
2910,9
2911,2
2912,3
2913,6
2914,11
2915,1
2916,2
2917,5
2918,2
2919,6
2920,4
2921,16
2922,5
2923,10
2924,4
2925,5
2926,8
2927,8
2928,11
2929,4
2930,1
2931,2
2932,7
2933,3
2934,7
2935,4
2936,16
2937,5
2938,14
2939,3
2940,10
2941,6
2942,3
2943,3
2944,9
2945,21
2946,22
2947,2
2948,16
2949,3
2950,8
2951,2
2952,7
2953,6
2954,7
2955,7
2956,1
2957,2
2958,4
2959,1
2960,7
2961,4
2962,7
2963,11
2964,2
2965,2
2966,4
2967,6
2968,7
2969,1
2970,4
2971,4
2972,1
2973,4
2974,2
2975,18
2976,18
2977,11
2978,16
2979,26
2980,7
2981,4
2982,2
2983,6
2984,19
2985,8
2986,1
2987,4
2988,1
2989,2
2990,3
2991,6
2992,1
2993,5
2994,4
2995,4
2996,2
2997,6
2998,4
2999,1
3000,15
3001,7
3002,8
3003,5
3004,8
3005,1
3006,17
3007,12
3008,6
3009,5
3010,9
3011,3
3012,7
3013,4
3014,1
3015,3
3016,4
3017,3
3018,9
3019,2
3020,35
3021,6
3022,15
3023,12
3024,8
3025,2
3026,7
3027,11
3028,5
3029,25
3030,16
3031,2
3032,2
3033,4
3034,1
3035,14
3036,5
3037,12
3038,4
3039,13
3040,15
3041,2
3042,7
3043,4
3044,7
3045,4
3046,3
3047,10
3048,1
3049,4
3050,7
3051,2
3052,1
3053,7
3054,1
3055,9
3056,3
3057,2
3058,3
3059,7
3060,11
3061,3
3062,13
3063,4
3064,9
3065,2
3066,12
3067,13
3068,8
3069,2
3070,5
3071,14
3072,5
3073,15
3074,10
3075,3
3076,4
3077,5
3078,6
3079,13
3080,10
3081,4
3082,22
3083,14
3084,1
3085,4
3086,7
3087,11
3088,1
3089,6
3090,2
3091,10
3092,4
3093,13
3094,3
3095,7
3096,1
3097,4
3098,21
3099,7
3100,29
3101,3
3102,2
3103,7
3104,16
3105,16
3106,18
3107,3
3108,19
3109,4
3110,3
3111,7
3112,3
3113,2
3114,2
3115,26
3116,23
3117,45
3118,8
3119,25
3120,41
3121,5
3122,5
3123,17
3124,7
3125,4
3126,25
3127,8
3128,17
3129,17
3130,2
3131,6
3132,2
3133,9
3134,2
3135,1
3136,12
3137,4
3138,7
3139,5
3140,1
3141,4
3142,6
3143,12
3144,4
3145,3
3146,23
3147,3
3148,9
3149,7
3150,5
3151,6
3152,2
3153,12
3154,2
3155,12
3156,6
3157,3
3158,3
3159,8
3160,23
3161,16
3162,19
3163,1
3164,14
3165,21
3166,3
3167,13
3168,33
3169,5
3170,7
3171,10
3172,10
3173,4
3174,20
3175,1
3176,16
3177,10
3178,17
3179,12
3180,1
3181,1
3182,27
3183,3
3184,9
3185,1
3186,2
3187,24
3188,6
3189,8
3190,6
3191,10
3192,9
3193,4
3194,14
3195,6
3196,27
3197,17
3198,1
3199,11
3200,7
3201,2
3202,6
3203,18
3204,4
3205,36
3206,7
3207,11
3208,17
3209,7
3210,1
3211,6
3212,7
3213,3
3214,3
3215,1
3216,6
3217,11
3218,1
3219,6
3220,30
3221,3
3222,1
3223,2
3224,19
3225,12
3226,27
3227,5
3228,13
3229,5
3230,7
3231,5
3232,5
3233,15
3234,18
3235,3
3236,3
3237,3
3238,8
3239,5
3240,7
3241,2
3242,3
3243,10
3244,3
3245,1
3246,6
3247,1
3248,4
3249,9
3250,4
3251,14
3252,3
3253,2
3254,14
3255,8
3256,3
3257,1
3258,7
3259,25
3260,8
3261,8
3262,5
3263,2
3264,12
3265,2
3266,2
3267,1
3268,1
3269,2
3270,15
3271,1
3272,1
3273,4
3274,5
3275,1
3276,9
3277,1
3278,5
3279,2
3280,1
3281,6
3282,6
3283,1
3284,1
3285,12
3286,2
3287,1
3288,2
3289,1
3290,5
3291,1
3292,2
3293,10
3294,3
3295,2
3296,1
3297,2
3298,7
3299,1
3300,1
3301,1
3302,1
3303,4
3304,5
3305,4
3306,7
3307,1
3308,3
3309,1
3310,8
3311,12
3312,5
3313,1
3314,3
3315,5
3316,4
3317,9
3318,3
3319,7
3320,1
3321,1
3322,8
3323,3
3324,3
3325,2
3326,9
3327,1
3328,2
3329,2
3330,1
3331,4
3332,6
3333,3
3334,1
3335,4
3336,2
3337,6
3338,9
3339,1
3340,12
3341,3
3342,4
3343,3
3344,1
3345,8
3346,1
3347,9
3348,2
3349,5
3350,3
3351,1
3352,1
3353,13
3354,1
3355,4
3356,1
3357,1
3358,7
3359,6
3360,7
3361,11
3362,2
3363,2
3364,9
3365,14
3366,2
3367,4
3368,2
3369,1
3370,5
3371,3
3372,2
3373,8
3374,4
3375,15
3376,15
3377,10
3378,9
3379,3
3380,6
3381,6
3382,4
3383,8
3384,7
3385,5
3386,5
3387,3
3388,2
3389,12
3390,4
3391,3
3392,1
3393,14
3394,3
3395,1
3396,4
3397,11
3398,1
3399,4
3400,10
3401,12
3402,15
3403,5
3404,4
3405,10
3406,5
3407,2
3408,3
3409,7
3410,14
3411,3
3412,19
3413,18
3414,2
3415,14
3416,7
3417,5
3418,8
3419,5
3420,5
3421,1
3422,3
3423,2
3424,3
3425,1
3426,3
3427,2
3428,1
3429,4
3430,2
3431,7
3432,1
3433,4
3434,6
3435,3
3436,1
3437,3
3438,3
3439,2
3440,8
3441,2
3442,1
3443,3
3444,3
3445,6
3446,1
3447,1
3448,1
3449,5
3450,14
3451,4
3452,9
3453,4
3454,4
3455,9
3456,2
3457,1
3458,5
3459,1
3460,2
3461,3
3462,4
3463,3
3464,2
3465,3
3466,1
3467,2
3468,4
3469,2
3470,2
3471,7
3472,3
3473,6
3474,9
3475,12
3476,2
3477,2
3478,1
3479,2
3480,2
3481,8
3482,5
3483,2
3484,6
3485,2
3486,3
3487,6
3488,2
3489,5
3490,2
3491,2
3492,2
3493,1
3494,10
3495,3
3496,2
3497,3
3498,1
3499,2
3500,1
3501,3
3502,11
3503,12
3504,1
3505,2
3506,6
3507,1
3508,2
3509,3
3510,1
3511,3
3512,7
3513,4
3514,1
3515,7
3516,2
3517,7
3518,4
3519,9
3520,4
3521,1
3522,5
3523,4
3524,3
3525,6
3526,1
3527,2
3528,3
3529,1
3530,4
3531,10
3532,5
3533,8
3534,1
3535,5
3536,1
3537,1
3538,9
3539,6
3540,10
3541,3
3542,3
3543,2
3544,1
3545,2
3546,4
3547,4
3548,2
3549,2
3550,8
3551,3
3552,5
3553,3
3554,3
3555,1
3556,2
3557,3
3558,2
3559,5
3560,3
3561,3
3562,1
3563,3
3564,1
3565,8
3566,2
3567,10
3568,4
3569,3
3570,2
3571,2
3572,6
3573,2
3574,3
3575,4
3576,1
3577,2
3578,1
3579,4
3580,1
3581,1
3582,3
3583,1
3584,2
3585,1
3586,2
3587,1
3588,3
3589,2
3590,1
3591,1
3592,1
3593,2
3594,2
3595,1
3596,1
3597,4
3598,3
3599,3
3600,7
3601,1
3602,4
3603,6
3604,4
3605,2
3606,1
3607,2
3608,2
3609,2
3610,5
3611,3
3612,3
3613,4
3614,1
3615,1
3616,1
3617,2
3618,1
3619,4
3620,1
3621,6
3622,6
3623,5
3624,2
3625,1
3626,1
3627,2
3628,7
3629,2
3630,4
3631,1
3632,3
3633,2
3634,1
3635,7
3636,3
3637,1
3638,2
3639,5
3640,1
3641,1
3642,1
3643,3
3644,4
3645,4
3646,2
3647,2
3648,4
3649,5
3650,7
3651,7
3652,7
3653,1
3654,3
3655,4
3656,2
3657,2
3658,3
3659,4
3660,1
3661,3
3662,1
3663,5
3664,11
3665,1
3666,2
3667,1
3668,1
3669,1
3670,1
3671,2
3672,2
3673,1
3674,1
3675,3
3676,2
3677,2
3678,1
3679,2
3680,3
3681,6
3682,2
3683,1
3684,1
3685,2
3686,2
3687,1
3688,8
3689,2
3690,3
3691,1
3692,2
3693,8
3694,4
3695,1
3696,1
3697,3
3698,1
3699,8
3700,2
3701,4
3702,4
3703,3
3704,3
3705,4
3706,4
3707,8
3708,4
3709,4
3710,1
3711,1
3712,2
3713,3
3714,2
3715,9
3716,9
3717,1
3718,1
3719,7
3720,1
3721,3
3722,9
3723,1
3724,3
3725,2
3726,2
3727,5
3728,13
3729,2
3730,3
3731,1
3732,1
3733,4
3734,15
3735,1
3736,11
3737,4
3738,2
3739,5
3740,3
3741,1
3742,3
3743,1
3744,1
3745,1
3746,3
3747,4
3748,3
3749,7
3750,7
3751,2
3752,4
3753,3
3754,2
3755,1
3756,1
3757,5
3758,10
3759,2
3760,2
3761,1
3762,1
3763,5
3764,1
3765,2
3766,1
3767,1
3768,2
3769,1
3770,1
3771,6
3772,6
3773,2
3774,8
3775,10
3776,2
3777,7
3778,1
3779,1
3780,3
3781,2
3782,1
3783,5
3784,4
3785,3
3786,2
3787,3
3788,1
3789,4
3790,4
3791,2
3792,2
3793,5
3794,1
3795,1
3796,3
3797,1
3798,1
3799,1
3800,2
3801,3
3802,2
3803,3
3804,4
3805,2
3806,2
3807,1
3808,2
3809,1
3810,1
3811,2
3812,5
3813,2
3814,2
3815,1
3816,8
3817,3
3818,3
3819,1
3820,1
3821,6
3822,3
3823,4
3824,3
3825,1
3826,5
3827,5
3828,2
3829,1
3830,3
3831,1
3832,2
3833,2
3834,1
3835,1
3836,4
3837,2
3838,1
3839,1
3840,1
3841,9
3842,2
3843,3
3844,2
3845,3
3846,1
3847,10
3848,1
3849,3
3850,1
3851,14
3852,4
3853,4
3854,2
3855,1
3856,5
3857,1
3858,6
3859,2
3860,1
3861,5
3862,10
3863,1
3864,2
3865,1
3866,1
3867,1
3868,5
3869,5
3870,2
3871,2
3872,2
3873,3
3874,2
3875,1
3876,5
3877,2
3878,2
3879,1
3880,3
3881,3
3882,1
3883,1
3884,2
3885,4
3886,1
3887,1
3888,4
3889,6
3890,3
3891,1
3892,1
3893,3
3894,1
3895,2
3896,5
3897,2
3898,1
3899,5
3900,4
3901,5
3902,13
3903,19
3904,8
3905,8
3906,6
3907,2
3908,6
3909,10
3910,10
3911,3
3912,10
3913,6
3914,3
3915,4
3916,6
3917,2
3918,6
3919,6
3920,3
3921,6
3922,1
3923,2
3924,2
3925,11
3926,10
3927,1
3928,5
3929,3
3930,14
3931,11
3932,16
3933,4
3934,13
3935,2
3936,3
3937,14
3938,4
3939,2
3940,6
3941,13
3942,14
3943,7
3944,14
3945,7
3946,4
3947,7
3948,19
3949,10
3950,5
3951,4
3952,21
3953,11
3954,2
3955,6
3956,6
3957,3
3958,13
3959,3
3960,3
3961,5
3962,9
3963,1
3964,4
3965,4
3966,2
3967,4
3968,2
3969,12
3970,1
3971,1
3972,3
3973,5
3974,9
3975,1
3976,7
3977,2
3978,12
3979,2
3980,12
3981,9
3982,1
3983,1
3984,2
3985,1
3986,2
3987,14
3988,2
3989,8
3990,15
3991,5
3992,4
3993,8
3994,1
3995,1
3996,3
3997,3
3998,3
3999,7
4000,3
4001,6
4002,10
4003,9
4004,3
4005,4
4006,3
4007,3
4008,5
4009,4
4010,1
4011,4
4012,1
4013,3
4014,4
4015,4
4016,6
4017,1
4018,8
4019,4
4020,2
4021,6
4022,6
4023,3
4024,2
4025,1
4026,1
4027,4
4028,12
4029,2
4030,4
4031,7
4032,3
4033,10
4034,11
4035,12
4036,19
4037,3
4038,21
4039,1
4040,18
4041,5
4042,6
4043,9
4044,2
4045,10
4046,13
4047,8
4048,1
4049,8
4050,6
4051,5
4052,3
4053,9
4054,3
4055,2
4056,4
4057,2
4058,2
4059,1
4060,8
4061,1
4062,1
4063,4
4064,4
4065,1
4066,5
4067,3
4068,19
4069,1
4070,6
4071,2
4072,2
4073,2
4074,10
4075,2
4076,1
4077,3
4078,1
4079,7
4080,4
4081,3
4082,5
4083,1
4084,9
4085,3
4086,6
4087,1
4088,1
4089,11
4090,7
4091,1
4092,4
4093,1
4094,10
4095,6
4096,8
4097,1
4098,7
4099,4
4100,2
4101,2
4102,7
4103,2
4104,3
4105,1
4106,1
4107,2
4108,5
4109,14
4110,1
4111,2
4112,2
4113,1
4114,9
4115,1
4116,5
4117,1
4118,8
4119,2
4120,1
4121,2
4122,2
4123,7
4124,2
4125,8
4126,11
4127,8
4128,2
4129,4
4130,9
4131,2
4132,1
4133,5
4134,2
4135,4
4136,7
4137,1
4138,7
4139,1
4140,11
4141,1
4142,2
4143,10
4144,6
4145,2
4146,1
4147,6
4148,6
4149,10
4150,2
4151,6
4152,1
4153,1
4154,4
4155,2
4156,3
4157,7
4158,6
4159,14
4160,2
4161,3
4162,4
4163,1
4164,4
4165,4
4166,3
4167,4
4168,1
4169,1
4170,3
4171,16
4172,4
4173,4
4174,5
4175,15
4176,5
4177,5
4178,1
4179,20
4180,6
4181,22
4182,8
4183,18
4184,6
4185,1
4186,3
4187,9
4188,7
4189,5
4190,14
4191,1
4192,2
4193,1
4194,2
4195,2
4196,2
4197,8
4198,8
4199,5
4200,3
4201,14
4202,4
4203,2
4204,8
4205,4
4206,10
4207,1
4208,18
4209,1
4210,17
4211,1
4212,5
4213,2
4214,18
4215,9
4216,3
4217,19
4218,6
4219,14
4220,10
4221,12
4222,1
4223,13
4224,1
4225,5
4226,2
4227,1
4228,11
4229,12
4230,8
4231,9
4232,9
4233,1
4234,8
4235,15
4236,1
4237,6
4238,6
4239,7
4240,2
4241,5
4242,7
4243,3
4244,1
4245,17
4246,5
4247,2
4248,13
4249,4
4250,14
4251,2
4252,4
4253,6
4254,18
4255,1
4256,15
4257,1
4258,2
4259,9
4260,6
4261,3
4262,2
4263,1
4264,2
4265,4
4266,3
4267,3
4268,2
4269,3
4270,2
4271,11
4272,2
4273,1
4274,1
4275,2
4276,1
4277,1
4278,5
4279,2
4280,8
4281,1
4282,6
4283,1
4284,2
4285,6
4286,1
4287,2
4288,1
4289,8
4290,2
4291,4
4292,5
4293,5
4294,5
4295,1
4296,8
4297,8
4298,4
4299,1
4300,8
4301,2
4302,6
4303,3
4304,3
4305,1
4306,3
4307,1
4308,3
4309,7
4310,1
4311,2
4312,2
4313,2
4314,1
4315,1
4316,7
4317,2
4318,1
4319,2
4320,2
4321,1
4322,2
4323,2
4324,3
4325,7
4326,7
4327,1
4328,4
4329,2
4330,2
4331,2
4332,1
4333,1
4334,1
4335,1
4336,1
4337,2
4338,5
4339,1
4340,3
4341,1
4342,4
4343,1
4344,6
4345,6
4346,2
4347,3
4348,1
4349,1
4350,2
4351,1
4352,5
4353,1
4354,4
4355,1
4356,6
4357,11
4358,1
4359,3
4360,1
4361,5
4362,1
4363,1
4364,2
4365,1
4366,1
4367,6
4368,2
4369,2
4370,8
4371,7
4372,3
4373,14
4374,7
4375,2
4376,7
4377,3
4378,3
4379,17
4380,1
4381,1
4382,3
4383,3
4384,4
4385,3
4386,2
4387,2
4388,2
4389,1
4390,4
4391,2
4392,2
4393,2
4394,8
4395,6
4396,7
4397,1
4398,7
4399,1
4400,5
4401,1
4402,1
4403,1
4404,1
4405,3
4406,1
4407,4
4408,1
4409,1
4410,4
4411,3
4412,1
4413,2
4414,7
4415,1
4416,10
4417,1
4418,2
4419,6
4420,4
4421,1
4422,1
4423,2
4424,1
4425,1
4426,5
4427,3
4428,1
4429,2
4430,5
4431,2
4432,2
4433,4
4434,1
4435,1
4436,7
4437,2
4438,4
4439,2
4440,1
4441,2
4442,1
4443,2
4444,4
4445,8
4446,3
4447,1
4448,1
4449,1
4450,6
4451,2
4452,6
4453,2
4454,2
4455,5
4456,3
4457,1
4458,1
4459,1
4460,2
4461,1
4462,1
4463,1
4464,6
4465,3
4466,1
4467,3
4468,1
4469,1
4470,9
4471,1
4472,1
4473,1
4474,2
4475,10
4476,2
4477,3
4478,4
4479,5
4480,3
4481,4
4482,2
4483,1
4484,3
4485,2
4486,1
4487,3
4488,2
4489,1
4490,2
4491,2
4492,4
4493,4
4494,5
4495,1
4496,18
4497,3
4498,6
4499,1
4500,4
4501,2
4502,4
4503,8
4504,5
4505,4
4506,4
4507,1
4508,1
4509,1
4510,4
4511,3
4512,1
4513,7
4514,6
4515,5
4516,2
4517,4
4518,3
4519,6
4520,2
4521,9
4522,5
4523,2
4524,2
4525,1
4526,2
4527,1
4528,1
4529,1
4530,1
4531,7
4532,4
4533,1
4534,1
4535,1
4536,1
4537,2
4538,2
4539,5
4540,2
4541,1
4542,4
4543,7
4544,1
4545,3
4546,3
4547,3
4548,6
4549,2
4550,1
4551,8
4552,2
4553,1
4554,7
4555,1
4556,8
4557,2
4558,2
4559,7
4560,4
4561,2
4562,5
4563,2
4564,3
4565,1
4566,1
4567,3
4568,1
4569,1
4570,1
4571,3
4572,1
4573,5
4574,2
4575,5
4576,4
4577,6
4578,1
4579,1
4580,1
4581,4
4582,1
4583,2
4584,5
4585,2
4586,6
4587,1
4588,2
4589,3
4590,6
4591,4
4592,13
4593,1
4594,1
4595,7
4596,4
4597,1
4598,4
4599,11
4600,2
4601,1
4602,1
4603,12
4604,6
4605,1
4606,2
4607,10
4608,4
4609,1
4610,8
4611,1
4612,3
4613,2
4614,1
4615,10
4616,1
4617,2
4618,1
4619,7
4620,7
4621,6
4622,14
4623,8
4624,3
4625,6
4626,4
4627,28
4628,1
4629,13
4630,13
4631,12
4632,5
4633,7
4634,1
4635,9
4636,4
4637,1
4638,4
4639,9
4640,8
4641,11
4642,9
4643,6
4644,3
4645,9
4646,2
4647,1
4648,9
4649,8
4650,10
4651,32
4652,2
4653,1
4654,4
4655,4
4656,1
4657,5
4658,13
4659,3
4660,7
4661,3
4662,20
4663,6
4664,19
4665,8
4666,5
4667,7
4668,21
4669,3
4670,13
4671,8
4672,5
4673,6
4674,14
4675,6
4676,8
4677,9
4678,16
4679,2
4680,2
4681,1
4682,3
4683,3
4684,7
4685,1
4686,2
4687,1
4688,4
4689,8
4690,1
4691,22
4692,1
4693,8
4694,30
4695,1
4696,15
4697,11
4698,3
4699,9
4700,5
4701,22
4702,6
4703,1
4704,2
4705,10
4706,9
4707,4
4708,7
4709,16
4710,6
4711,2
4712,6
4713,1
4714,1
4715,1
4716,5
4717,8
4718,3
4719,14
4720,8
4721,1
4722,1
4723,18
4724,23
4725,2
4726,7
4727,12
4728,6
4729,4
4730,6
4731,2
4732,1
4733,4
4734,4
4735,1
4736,2
4737,3
4738,16
4739,3
4740,1
4741,25
4742,5
4743,3
4744,3
4745,1
4746,8
4747,2
4748,4
4749,4
4750,5
4751,7
4752,3
4753,7
4754,2
4755,3
4756,2
4757,10
4758,1
4759,1
4760,6
4761,11
4762,15
4763,1
4764,7
4765,3
4766,4
4767,16
4768,3
4769,5
4770,9
4771,7
4772,11
4773,14
4774,10
4775,4
4776,5
4777,6
4778,10
4779,3
4780,8
4781,1
4782,12
4783,2
4784,2
4785,2
4786,3
4787,11
4788,1
4789,6
4790,4
4791,7
4792,1
4793,11
4794,3
4795,11
4796,7
4797,7
4798,13
4799,4
4800,4
4801,11
4802,1
4803,3
4804,2
4805,1
4806,1
4807,2
4808,24
4809,2
4810,19
4811,14
4812,25
4813,2
4814,7
4815,4
4816,10
4817,11
4818,15
4819,31
4820,15
4821,21
4822,2
4823,5
4824,13
4825,5
4826,6
4827,3
4828,3
4829,13
4830,2
4831,1
4832,1
4833,1
4834,21
4835,21
4836,24
4837,8
4838,11
4839,9
4840,3
4841,2
4842,10
4843,32
4844,1
4845,4
4846,1
4847,1
4848,8
4849,16
4850,22
4851,3
4852,10
4853,2
4854,9
4855,12
4856,8
4857,7
4858,18
4859,3
4860,5
4861,14
4862,4
4863,10
4864,8
4865,3
4866,4
4867,5
4868,5
4869,1
4870,8
4871,2
4872,2
4873,23
4874,7
4875,2
4876,23
4877,2
4878,8
4879,1
4880,3
4881,4
4882,7
4883,6
4884,7
4885,15
4886,11
4887,1
4888,16
4889,5
4890,2
4891,2
4892,3
4893,1
4894,3
4895,2
4896,3
4897,1
4898,1
4899,1
4900,6
4901,1
4902,3
4903,5
4904,1
4905,3
4906,1
4907,8
4908,2
4909,1
4910,1
4911,1
4912,3
4913,2
4914,2
4915,3
4916,1
4917,4
4918,15
4919,2
4920,2
4921,3
4922,2
4923,1
4924,1
4925,2
4926,2
4927,2
4928,5
4929,4
4930,1
4931,2
4932,3
4933,13
4934,1
4935,2
4936,1
4937,6
4938,4
4939,3
4940,8
4941,7
4942,2
4943,1
4944,1
4945,5
4946,5
4947,1
4948,3
4949,1
4950,4
4951,1
4952,5
4953,7
4954,3
4955,1
4956,2
4957,2
4958,3
4959,4
4960,2
4961,1
4962,3
4963,1
4964,1
4965,11
4966,1
4967,9
4968,3
4969,4
4970,2
4971,5
4972,1
4973,1
4974,1
4975,2
4976,2
4977,4
4978,7
4979,3
4980,17
4981,1
4982,6
4983,2
4984,5
4985,4
4986,7
4987,2
4988,9
4989,7
4990,3
4991,10
4992,1
4993,2
4994,1
4995,3
4996,1
4997,4
4998,2
4999,1
5000,2
5001,3
5002,2
5003,1
5004,2
5005,2
5006,1
5007,1
5008,5
5009,2
5010,7
5011,3
5012,1
5013,6
5014,1
5015,1
5016,2
5017,1
5018,3
5019,7
5020,3
5021,3
5022,1
5023,1
5024,1
5025,3
5026,1
5027,2
5028,4
5029,1
5030,2
5031,1
5032,1
5033,2
5034,3
5035,2
5036,3
5037,1
5038,1
5039,2
5040,2
5041,3
5042,2
5043,1
5044,3
5045,3
5046,5
5047,1
5048,7
5049,1
5050,2
5051,5
5052,7
5053,6
5054,1
5055,2
5056,5
5057,2
5058,6
5059,3
5060,2
5061,1
5062,6
5063,2
5064,2
5065,5
5066,2
5067,1
5068,1
5069,2
5070,1
5071,1
5072,2
5073,5
5074,13
5075,4
5076,3
5077,3
5078,1
5079,3
5080,1
5081,1
5082,4
5083,10
5084,18
5085,2
5086,2
5087,2
5088,11
5089,2
5090,1
5091,1
5092,1
5093,4
5094,5
5095,2
5096,1
5097,3
5098,2
5099,5
5100,1
5101,1
5102,1
5103,4
5104,1
5105,3
5106,1
5107,6
5108,2
5109,3
5110,4
5111,3
5112,8
5113,3
5114,1
5115,1
5116,7
5117,1
5118,2
5119,2
5120,2
5121,2
5122,2
5123,1
5124,3
5125,1
5126,1
5127,2
5128,1
5129,1
5130,1
5131,1
5132,1
5133,3
5134,6
5135,1
5136,2
5137,3
5138,4
5139,1
5140,6
5141,8
5142,1
5143,1
5144,3
5145,2
5146,8
5147,3
5148,10
5149,9
5150,3
5151,7
5152,2
5153,3
5154,5
5155,1
5156,1
5157,5
5158,6
5159,1
5160,2
5161,2
5162,2
5163,1
5164,3
5165,3
5166,6
5167,9
5168,1
5169,1
5170,3
5171,2
5172,6
5173,3
5174,7
5175,4
5176,1
5177,2
5178,5
5179,1
5180,6
5181,2
5182,1
5183,4
5184,1
5185,5
5186,1
5187,8
5188,9
5189,2
5190,4
5191,2
5192,1
5193,1
5194,5
5195,3
5196,1
5197,2
5198,4
5199,1
5200,3
5201,1
5202,2
5203,1
5204,1
5205,1
5206,1
5207,2
5208,5
5209,1
5210,1
5211,2
5212,1
5213,3
5214,3
5215,1
5216,3
5217,1
5218,2
5219,2
5220,3
5221,3
5222,5
5223,2
5224,2
5225,1
5226,1
5227,6
5228,1
5229,4
5230,1
5231,2
5232,4
5233,1
5234,1
5235,1
5236,2
5237,1
5238,3
5239,4
5240,3
5241,4
5242,5
5243,6
5244,3
5245,3
5246,4
5247,1
5248,1
5249,4
5250,4
5251,4
5252,4
5253,1
5254,1
5255,3
5256,6
5257,1
5258,1
5259,1
5260,5
5261,3
5262,5
5263,4
5264,5
5265,3
5266,9
5267,7
5268,2
5269,2
5270,1
5271,3
5272,3
5273,2
5274,1
5275,3
5276,2
5277,5
5278,4
5279,3
5280,3
5281,7
5282,3
5283,2
5284,4
5285,1
5286,2
5287,3
5288,4
5289,2
5290,1
5291,5
5292,3
5293,2
5294,7
5295,1
5296,3
5297,2
5298,3
5299,1
5300,5
5301,6
5302,3
5303,8
5304,3
5305,5
5306,1
5307,2
5308,3
5309,5
5310,1
5311,2
5312,3
5313,1
5314,1
5315,4
5316,5
5317,2
5318,2
5319,1
5320,3
5321,3
5322,4
5323,1
5324,1
5325,4
5326,2
5327,1
5328,1
5329,3
5330,7
5331,1
5332,1
5333,2
5334,4
5335,9
5336,1
5337,2
5338,8
5339,1
5340,1
5341,2
5342,1
5343,1
5344,5
5345,2
5346,3
5347,8
5348,3
5349,7
5350,5
5351,7
5352,7
5353,1
5354,4
5355,2
5356,1
5357,6
5358,6
5359,5
5360,2
5361,4
5362,9
5363,2
5364,3
5365,4
5366,1
5367,6
5368,8
5369,1
5370,2
5371,1
5372,3
5373,2
5374,2
5375,4
5376,1
5377,3
5378,2
5379,2
5380,7
5381,2
5382,4
5383,2
5384,4
5385,4
5386,1
5387,3
5388,2
5389,1
5390,7
5391,2
5392,3
5393,9
5394,2
5395,3
5396,1
5397,1
5398,4
5399,1
5400,4
5401,8
5402,3
5403,1
5404,1
5405,2
5406,2
5407,3
5408,5
5409,2
5410,1
5411,1
5412,2
5413,1
5414,2
5415,2
5416,1
5417,1
5418,4
5419,7
5420,1
5421,2
5422,4
5423,8
5424,1
5425,1
5426,1
5427,2
5428,4
5429,2
5430,2
5431,4
5432,1
5433,3
5434,1
5435,2
5436,4
5437,4
5438,2
5439,2
5440,8
5441,1
5442,1
5443,8
5444,1
5445,2
5446,1
5447,1
5448,1
5449,2
5450,2
5451,2
5452,3
5453,3
5454,1
5455,6
5456,4
5457,3
5458,1
5459,3
5460,1
5461,6
5462,1
5463,2
5464,6
5465,3
5466,3
5467,7
5468,6
5469,5
5470,5
5471,4
5472,4
5473,8
5474,1
5475,3
5476,1
5477,1
5478,7
5479,5
5480,4
5481,1
5482,1
5483,2
5484,3
5485,3
5486,3
5487,6
5488,1
5489,5
5490,4
5491,7
5492,5
5493,2
5494,2
5495,2
5496,2
5497,1
5498,2
5499,4
5500,1
5501,3
5502,1
5503,7
5504,6
5505,1
5506,1
5507,1
5508,1
5509,1
5510,2
5511,2
5512,1
5513,5
5514,3
5515,8
5516,4
5517,5
5518,1
5519,5
5520,2
5521,2
5522,1
5523,4
5524,9
5525,3
5526,1
5527,4
5528,2
5529,1
5530,1
5531,3
5532,1
5533,1
5534,2
5535,6
5536,5
5537,3
5538,2
5539,10
5540,9
5541,2
5542,2
5543,3
5544,10
5545,3
5546,2
5547,3
5548,16
5549,1
5550,4
5551,4
5552,4
5553,3
5554,2
5555,3
5556,3
5557,2
5558,6
5559,1
5560,1
5561,8
5562,2
5563,2
5564,1
5565,6
5566,3
5567,1
5568,1
5569,4
5570,1
5571,2
5572,5
5573,1
5574,3
5575,1
5576,8
5577,1
5578,2
5579,4
5580,2
5581,3
5582,1
5583,3
5584,1
5585,4
5586,1
5587,6
5588,1
5589,4
5590,2
5591,2
5592,2
5593,2
5594,7
5595,1
5596,1
5597,2
5598,1
5599,1
5600,3
5601,1
5602,6
5603,2
5604,2
5605,6
5606,2
5607,1
5608,1
5609,3
5610,4
5611,4
5612,2
5613,9
5614,1
5615,18
5616,1
5617,2
5618,4
5619,2
5620,4
5621,2
5622,10
5623,1
5624,4
5625,9
5626,2
5627,15
5628,2
5629,7
5630,6
5631,6
5632,7
5633,3
5634,5
5635,6
5636,21
5637,12
5638,1
5639,1
5640,2
5641,2
5642,3
5643,4
5644,4
5645,5
5646,4
5647,1
5648,13
5649,6
5650,4
5651,1
5652,13
5653,4
5654,3
5655,7
5656,5
5657,10
5658,8
5659,4
5660,1
5661,9
5662,11
5663,11
5664,14
5665,8
5666,5
5667,1
5668,5
5669,3
5670,8
5671,1
5672,1
5673,14
5674,6
5675,12
5676,15
5677,10
5678,27
5679,6
5680,6
5681,4
5682,4
5683,15
5684,1
5685,8
5686,1
5687,9
5688,3
5689,2
5690,2
5691,1
5692,3
5693,1
5694,2
5695,19
5696,4
5697,10
5698,7
5699,3
5700,3
5701,11
5702,15
5703,16
5704,1
5705,20
5706,1
5707,20
5708,5
5709,8
5710,3
5711,6
5712,22
5713,28
5714,18
5715,5
5716,17
5717,9
5718,4
5719,11
5720,33
5721,2
5722,1
5723,9
5724,3
5725,5
5726,19
5727,7
5728,15
5729,4
5730,1
5731,5
5732,3
5733,4
5734,14
5735,21
5736,6
5737,12
5738,1
5739,1
5740,43
5741,4
5742,33
5743,2
5744,21
5745,14
5746,4
5747,7
5748,8
5749,3
5750,12
5751,6
5752,7
5753,6
5754,19
5755,1
5756,4
5757,9
5758,1
5759,8
5760,24
5761,12
5762,1
5763,16
5764,24
5765,3
5766,7
5767,1
5768,19
5769,32
5770,1
5771,9
5772,32
5773,2
5774,5
5775,8
5776,8
5777,14
5778,9
5779,2
5780,4
5781,22
5782,17
5783,7
5784,1
5785,5
5786,1
5787,11
5788,8
5789,1
5790,7
5791,1
5792,7
5793,1
5794,3
5795,1
5796,1
5797,1
5798,1
5799,4
5800,1
5801,3
5802,2
5803,4
5804,1
5805,7
5806,2
5807,6
5808,9
5809,1
5810,1
5811,1
5812,2
5813,2
5814,2
5815,6
5816,1
5817,3
5818,1
5819,2
5820,1
5821,1
5822,4
5823,1
5824,3
5825,5
5826,2
5827,3
5828,2
5829,7
5830,1
5831,2
5832,3
5833,2
5834,2
5835,2
5836,3
5837,3
5838,3
5839,1
5840,2
5841,8
5842,1
5843,9
5844,9
5845,1
5846,3
5847,13
5848,1
5849,12
5850,1
5851,2
5852,6
5853,2
5854,3
5855,6
5856,12
5857,1
5858,2
5859,4
5860,1
5861,2
5862,3
5863,4
5864,2
5865,6
5866,3
5867,5
5868,1
5869,3
5870,2
5871,5
5872,1
5873,4
5874,7
5875,1
5876,1
5877,1
5878,2
5879,1
5880,1
5881,2
5882,2
5883,2
5884,3
5885,3
5886,2
5887,1
5888,3
5889,1
5890,4
5891,2
5892,2
5893,6
5894,2
5895,1
5896,3
5897,1
5898,1
5899,2
5900,7
5901,1
5902,1
5903,3
5904,1
5905,2
5906,1
5907,4
5908,5
5909,2
5910,1
5911,1
5912,1
5913,5
5914,1
5915,2
5916,1
5917,1
5918,2
5919,1
5920,2
5921,2
5922,6
5923,3
5924,2
5925,3
5926,1
5927,3
5928,1
5929,3
5930,4
5931,5
5932,2
5933,2
5934,3
5935,1
5936,9
5937,1
5938,2
5939,6
5940,3
5941,1
5942,1
5943,3
5944,3
5945,2
5946,2
5947,1
5948,2
5949,2
5950,5
5951,1
5952,3
5953,1
5954,3
5955,2
5956,1
5957,1
5958,3
5959,1
5960,3
5961,1
5962,4
5963,2
5964,2
5965,2
5966,1
5967,1
5968,1
5969,2
5970,1
5971,2
5972,4
5973,1
5974,3
5975,2
5976,1
5977,1
5978,3
5979,1
5980,7
5981,1
5982,1
5983,4
5984,3
5985,1
5986,1
5987,6
5988,1
5989,1
5990,1
5991,3
5992,5
5993,2
5994,1
5995,1
5996,8
5997,4
5998,8
5999,3
6000,1
6001,3
6002,1
6003,2
6004,1
6005,1
6006,2
6007,1
6008,1
6009,3
6010,8
6011,3
6012,1
6013,5
6014,6
6015,1
6016,1
6017,6
6018,6
6019,6
6020,1
6021,9
6022,8
6023,8
6024,1
6025,1
6026,1
6027,1
6028,3
6029,1
6030,1
6031,4
6032,3
6033,1
6034,1
6035,1
6036,1
6037,1
6038,2
6039,6
6040,2
6041,1
6042,4
6043,2
6044,6
6045,2
6046,2
6047,1
6048,1
6049,3
6050,2
6051,3
6052,3
6053,1
6054,2
6055,1
6056,1
6057,6
6058,1
6059,2
6060,2
6061,10
6062,3
6063,2
6064,4
6065,1
6066,11
6067,1
6068,8
6069,2
6070,2
6071,11
6072,1
6073,7
6074,2
6075,16
6076,8
6077,2
6078,3
6079,1
6080,2
6081,1
6082,4
6083,6
6084,4
6085,7
6086,1
6087,7
6088,2
6089,4
6090,6
6091,1
6092,1
6093,1
6094,2
6095,1
6096,1
6097,13
6098,4
6099,4
6100,1
6101,6
6102,7
6103,2
6104,1
6105,2
6106,4
6107,3
6108,10
6109,4
6110,7
6111,7
6112,1
6113,9
6114,4
6115,5
6116,5
6117,5
6118,3
6119,1
6120,4
6121,11
6122,9
6123,5
6124,5
6125,18
6126,1
6127,7
6128,2
6129,9
6130,2
6131,6
6132,1
6133,4
6134,4
6135,13
6136,7
6137,1
6138,7
6139,8
6140,1
6141,4
6142,4
6143,1
6144,3
6145,2
6146,9
6147,5
6148,1
6149,4
6150,2
6151,1
6152,2
6153,1
6154,4
6155,10
6156,1
6157,3
6158,2
6159,1
6160,1
6161,7
6162,1
6163,2
6164,1
6165,1
6166,1
6167,2
6168,1
6169,5
6170,4
6171,5
6172,2
6173,2
6174,3
6175,1
6176,1
6177,1
6178,2
6179,3
6180,3
6181,2
6182,1
6183,2
6184,2
6185,1
6186,1
6187,1
6188,1
6189,2
6190,3
6191,2
6192,2
6193,2
6194,2
6195,1
6196,2
6197,1
6198,1
6199,4
6200,2
6201,4
6202,1
6203,1
6204,1
6205,1
6206,2
6207,5
6208,1
6209,1
6210,1
6211,2
6212,3
6213,1
6214,2
6215,1
6216,2
6217,3
6218,3
6219,1
6220,1
6221,6
6222,1
6223,2
6224,2
6225,2
6226,1
6227,1
6228,1
6229,1
6230,1
6231,1
6232,1
6233,1
6234,1
6235,3
6236,1
6237,1
6238,2
6239,4
6240,5
6241,1
6242,7
6243,2
6244,3
6245,5
6246,14
6247,1
6248,6
6249,2
6250,2
6251,4
6252,3
6253,1
6254,2
6255,1
6256,11
6257,3
6258,1
6259,8
6260,4
6261,2
6262,2
6263,9
6264,2
6265,3
6266,1
6267,5
6268,2
6269,1
6270,1
6271,2
6272,4
6273,2
6274,6
6275,1
6276,3
6277,1
6278,2
6279,2
6280,4
6281,1
6282,1
6283,5
6284,2
6285,2
6286,2
6287,4
6288,1
6289,1
6290,2
6291,1
6292,1
6293,1
6294,1
6295,2
6296,1
6297,4
6298,1
6299,1
6300,3
6301,1
6302,2
6303,3
6304,2
6305,2
6306,4
6307,3
6308,7
6309,2
6310,2
6311,4
6312,6
6313,2
6314,1
6315,1
6316,2
6317,1
6318,1
6319,5
6320,2
6321,1
6322,3
6323,6
6324,1
6325,9
6326,5
6327,2
6328,5
6329,4
6330,3
6331,1
6332,1
6333,6
6334,1
6335,3
6336,3
6337,6
6338,1
6339,2
6340,2
6341,1
6342,3
6343,1
6344,1
6345,1
6346,1
6347,3
6348,1
6349,6
6350,4
6351,1
6352,1
6353,6
6354,1
6355,1
6356,3
6357,3
6358,2
6359,1
6360,5
6361,3
6362,2
6363,2
6364,7
6365,7
6366,1
6367,2
6368,2
6369,5
6370,3
6371,5
6372,2
6373,11
6374,1
6375,5
6376,3
6377,5
6378,1
6379,7
6380,1
6381,2
6382,5
6383,3
6384,1
6385,5
6386,6
6387,1
6388,9
6389,2
6390,2
6391,4
6392,4
6393,3
6394,2
6395,3
6396,1
6397,3
6398,1
6399,6
6400,2
6401,3
6402,2
6403,6
6404,3
6405,2
6406,3
6407,12
6408,3
6409,7
6410,4
6411,1
6412,3
6413,1
6414,2
6415,1
6416,4
6417,2
6418,4
6419,3
6420,1
6421,1
6422,1
6423,1
6424,4
6425,3
6426,10
6427,9
6428,1
6429,3
6430,1
6431,3
6432,4
6433,3
6434,3
6435,11
6436,6
6437,2
6438,1
6439,1
6440,2
6441,1
6442,1
6443,3
6444,4
6445,1
6446,2
6447,1
6448,1
6449,1
6450,7
6451,3
6452,12
6453,2
6454,1
6455,4
6456,2
6457,2
6458,3
6459,1
6460,3
6461,2
6462,3
6463,1
6464,2
6465,1
6466,1
6467,4
6468,1
6469,1
6470,3
6471,5
6472,5
6473,3
6474,6
6475,1
6476,2
6477,2
6478,2
6479,8
6480,8
6481,1
6482,15
6483,2
6484,1
6485,1
6486,2
6487,5
6488,8
6489,2
6490,5
6491,3
6492,6
6493,3
6494,3
6495,2
6496,2
6497,2
6498,2
6499,4
6500,3
6501,1
6502,2
6503,2
6504,2
6505,5
6506,4
6507,4
6508,1
6509,1
6510,1
6511,2
6512,2
6513,1
6514,3
6515,3
6516,3
6517,2
6518,1
6519,1
6520,5
6521,9
6522,7
6523,2
6524,1
6525,3
6526,1
6527,1
6528,1
6529,1
6530,2
6531,1
6532,1
6533,3
6534,1
6535,2
6536,6
6537,3
6538,3
6539,3
6540,1
6541,7
6542,2
6543,3
6544,3
6545,4
6546,7
6547,5
6548,6
6549,1
6550,3
6551,5
6552,1
6553,1
6554,8
6555,10
6556,5
6557,3
6558,3
6559,4
6560,2
6561,6
6562,2
6563,1
6564,3
6565,3
6566,1
6567,2
6568,2
6569,2
6570,5
6571,4
6572,7
6573,3
6574,4
6575,2
6576,1
6577,3
6578,3
6579,1
6580,1
6581,6
6582,1
6583,3
6584,2
6585,1
6586,1
6587,2
6588,2
6589,3
6590,3
6591,2
6592,6
6593,3
6594,2
6595,1
6596,1
6597,3
6598,2
6599,2
6600,2
6601,5
6602,7
6603,4
6604,4
6605,2
6606,1
6607,2
6608,2
6609,1
6610,4
6611,3
6612,1
6613,3
6614,4
6615,1
6616,4
6617,2
6618,1
6619,14
6620,5
6621,4
6622,4
6623,5
6624,4
6625,1
6626,3
6627,7
6628,1
6629,6
6630,2
6631,1
6632,3
6633,4
6634,4
6635,3
6636,1
6637,2
6638,1
6639,2
6640,4
6641,2
6642,7
6643,1
6644,3
6645,1
6646,5
6647,3
6648,4
6649,1
6650,10
6651,2
6652,1
6653,2
6654,3
6655,2
6656,6
6657,2
6658,3
6659,1
6660,4
6661,1
6662,5
6663,3
6664,1
6665,6
6666,1
6667,5
6668,1
6669,2
6670,1
6671,5
6672,4
6673,1
6674,2
6675,1
6676,3
6677,2
6678,1
6679,6
6680,2
6681,4
6682,1
6683,1
6684,3
6685,1
6686,2
6687,3
6688,6
6689,1
6690,11
6691,1
6692,4
6693,1
6694,1
6695,1
6696,1
6697,1
6698,1
6699,1
6700,1
6701,4
6702,1
6703,1
6704,1
6705,1
6706,1
6707,1
6708,5
6709,4
6710,1
6711,2
6712,1
6713,1
6714,5
6715,1
6716,2
6717,1
6718,1
6719,3
6720,1
6721,4
6722,2
6723,3
6724,4
6725,1
6726,3
6727,1
6728,1
6729,3
6730,1
6731,4
6732,1
6733,3
6734,2
6735,2
6736,3
6737,1
6738,5
6739,5
6740,2
6741,8
6742,2
6743,1
6744,1
6745,3
6746,1
6747,1
6748,1
6749,3
6750,1
6751,7
6752,4
6753,3
6754,3
6755,1
6756,3
6757,1
6758,4
6759,8
6760,1
6761,2
6762,4
6763,1
6764,5
6765,1
6766,2
6767,1
6768,2
6769,2
6770,7
6771,3
6772,3
6773,1
6774,3
6775,2
6776,4
6777,7
6778,2
6779,3
6780,3
6781,1
6782,1
6783,1
6784,4
6785,4
6786,1
6787,1
6788,1
6789,2
6790,3
6791,1
6792,1
6793,1
6794,1
6795,1
6796,2
6797,1
6798,1
6799,3
6800,4
6801,3
6802,1
6803,2
6804,1
6805,1
6806,1
6807,1
6808,1
6809,3
6810,1
6811,1
6812,2
6813,2
6814,4
6815,7
6816,2
6817,4
6818,2
6819,1
6820,1
6821,1
6822,3
6823,1
6824,1
6825,1
6826,1
6827,1
6828,4
6829,5
6830,1
6831,1
6832,2
6833,2
6834,4
6835,1
6836,10
6837,4
6838,1
6839,1
6840,1
6841,1
6842,2
6843,2
6844,2
6845,5
6846,3
6847,8
6848,3
6849,6
6850,3
6851,4
6852,1
6853,2
6854,1
6855,1
6856,2
6857,5
6858,4
6859,2
6860,2
6861,1
6862,3
6863,2
6864,1
6865,4
6866,2
6867,2
6868,5
6869,4
6870,1
6871,2
6872,1
6873,1
6874,4
6875,8
6876,3
6877,6
6878,1
6879,1
6880,6
6881,1
6882,2
6883,1
6884,2
6885,1
6886,1
6887,1
6888,1
6889,1
6890,1
6891,3
6892,3
6893,2
6894,3
6895,1
6896,2
6897,2
6898,1
6899,1
6900,2
6901,4
6902,1
6903,6
6904,2
6905,2
6906,4
6907,10
6908,4
6909,4
6910,1
6911,9
6912,1
6913,2
6914,2
6915,1
6916,2
6917,3
6918,5
6919,4
6920,4
6921,4
6922,6
6923,1
6924,5
6925,1
6926,2
6927,4
6928,12
6929,5
6930,3
6931,1
6932,3
6933,1
6934,4
6935,1
6936,2
6937,1
6938,6
6939,2
6940,2
6941,2
6942,1
6943,2
6944,1
6945,1
6946,1
6947,2
6948,1
6949,2
6950,3
6951,1
6952,1
6953,2
6954,2
6955,2
6956,4
6957,3
6958,1
6959,3
6960,1
6961,4
6962,1
6963,3
6964,4
6965,1
6966,3
6967,3
6968,5
6969,1
6970,2
6971,1
6972,3
6973,1
6974,1
6975,1
6976,2
6977,1
6978,7
6979,5
6980,3
6981,2
6982,3
6983,1
6984,6
6985,1
6986,2
6987,6
6988,2
6989,2
6990,4
6991,3
6992,1
6993,1
6994,1
6995,1
6996,2
6997,2
6998,1
6999,1
7000,4
7001,2
7002,1
7003,1
7004,3
7005,3
7006,2
7007,2
7008,2
7009,3
7010,3
7011,1
7012,3
7013,1
7014,1
7015,2
7016,7
7017,1
7018,1
7019,1
7020,2
7021,3
7022,1
7023,1
7024,4
7025,5
7026,3
7027,1
7028,1
7029,1
7030,1
7031,1
7032,3
7033,9
7034,3
7035,3
7036,1
7037,1
7038,2
7039,1
7040,9
7041,2
7042,3
7043,2
7044,4
7045,2
7046,2
7047,1
7048,2
7049,1
7050,3
7051,2
7052,1
7053,3
7054,4
7055,3
7056,2
7057,1
7058,1
7059,2
7060,2
7061,1
7062,2
7063,4
7064,6
7065,3
7066,2
7067,1
7068,2
7069,2
7070,4
7071,2
7072,3
7073,2
7074,2
7075,2
7076,3
7077,2
7078,1
7079,2
7080,2
7081,2
7082,1
7083,3
7084,1
7085,1
7086,1
7087,4
7088,1
7089,5
7090,5
7091,1
7092,3
7093,2
7094,2
7095,1
7096,1
7097,2
7098,1
7099,6
7100,2
7101,1
7102,2
7103,5
7104,1
7105,1
7106,1
7107,3
7108,2
7109,2
7110,5
7111,1
7112,2
7113,1
7114,2
7115,1
7116,2
7117,1
7118,1
7119,1
7120,2
7121,1
7122,1
7123,4
7124,5
7125,4
7126,3
7127,2
7128,4
7129,1
7130,1
7131,2
7132,1
7133,2
7134,3
7135,1
7136,1
7137,3
7138,1
7139,1
7140,1
7141,2
7142,5
7143,1
7144,4
7145,5
7146,4
7147,3
7148,1
7149,3
7150,2
7151,2
7152,9
7153,4
7154,1
7155,2
7156,1
7157,3
7158,9
7159,5
7160,2
7161,8
7162,3
7163,3
7164,3
7165,5
7166,1
7167,3
7168,6
7169,4
7170,1
7171,4
7172,8
7173,6
7174,8
7175,9
7176,1
7177,1
7178,2
7179,1
7180,4
7181,14
7182,8
7183,5
7184,5
7185,4
7186,2
7187,2
7188,8
7189,6
7190,4
7191,1
7192,3
7193,18
7194,8
7195,1
7196,3
7197,3
7198,4
7199,5
7200,1
7201,16
7202,2
7203,3
7204,1
7205,3
7206,7
7207,5
7208,2
7209,1
7210,9
7211,4
7212,6
7213,8
7214,6
7215,10
7216,4
7217,1
7218,5
7219,1
7220,3
7221,6
7222,4
7223,1
7224,2
7225,4
7226,1
7227,1
7228,5
7229,2
7230,1
7231,1
7232,6
7233,2
7234,4
7235,3
7236,3
7237,2
7238,4
7239,1
7240,2
7241,1
7242,3
7243,3
7244,3
7245,7
7246,2
7247,2
7248,2
7249,2
7250,5
7251,3
7252,2
7253,1
7254,1
7255,1
7256,1
7257,5
7258,2
7259,2
7260,2
7261,5
7262,1
7263,3
7264,3
7265,1
7266,1
7267,1
7268,4
7269,2
7270,1
7271,3
7272,10
7273,4
7274,9
7275,1
7276,3
7277,1
7278,1
7279,6
7280,1
7281,1
7282,1
7283,1
7284,8
7285,1
7286,5
7287,2
7288,4
7289,1
7290,3
7291,3
7292,3
7293,14
7294,3
7295,1
7296,4
7297,4
7298,7
7299,4
7300,2
7301,4
7302,1
7303,7
7304,2
7305,1
7306,1
7307,2
7308,3
7309,2
7310,2
7311,2
7312,2
7313,5
7314,1
7315,3
7316,1
7317,2
7318,1
7319,1
7320,2
7321,2
7322,1
7323,5
7324,3
7325,1
7326,4
7327,3
7328,1
7329,3
7330,3
7331,1
7332,2
7333,5
7334,2
7335,1
7336,1
7337,3
7338,1
7339,3
7340,1
7341,2
7342,3
7343,1
7344,4
7345,1
7346,2
7347,1
7348,2
7349,4
7350,4
7351,6
7352,4
7353,1
7354,1
7355,2
7356,4
7357,2
7358,2
7359,4
7360,3
7361,3
7362,8
7363,1
7364,2
7365,7
7366,2
7367,1
7368,2
7369,9
7370,2
7371,1
7372,3
7373,5
7374,1
7375,5
7376,2
7377,7
7378,1
7379,3
7380,2
7381,3
7382,2
7383,1
7384,1
7385,1
7386,3
7387,6
7388,4
7389,3
7390,1
7391,1
7392,1
7393,1
7394,1
7395,2
7396,2
7397,1
7398,4
7399,3
7400,2
7401,1
7402,2
7403,4
7404,1
7405,2
7406,3
7407,1
7408,1
7409,1
7410,2
7411,8
7412,6
7413,2
7414,3
7415,2
7416,3
7417,1
7418,3
7419,1
7420,6
7421,3
7422,3
7423,5
7424,1
7425,2
7426,4
7427,1
7428,13
7429,8
7430,1
7431,5
7432,1
7433,1
7434,1
7435,1
7436,1
7437,4
7438,1
7439,1
7440,1
7441,2
7442,2
7443,2
7444,3
7445,2
7446,4
7447,9
7448,2
7449,5
7450,1
7451,1
7452,1
7453,4
7454,8
7455,6
7456,4
7457,4
7458,1
7459,1
7460,1
7461,2
7462,1
7463,1
7464,1
7465,3
7466,2
7467,1
7468,2
7469,2
7470,1
7471,1
7472,1
7473,3
7474,3
7475,4
7476,2
7477,1
7478,2
7479,3
7480,1
7481,4
7482,1
7483,4
7484,1
7485,1
7486,1
7487,6
7488,1
7489,1
7490,1
7491,1
7492,1
7493,3
7494,2
7495,1
7496,2
7497,4
7498,1
7499,2
7500,6
7501,1
7502,2
7503,5
7504,3
7505,7
7506,2
7507,3
7508,1
7509,1
7510,7
7511,6
7512,9
7513,3
7514,6
7515,1
7516,7
7517,1
7518,4
7519,2
7520,4
7521,1
7522,2
7523,1
7524,4
7525,1
7526,4
7527,11
7528,7
7529,1
7530,4
7531,7
7532,1
7533,3
7534,6
7535,5
7536,6
7537,12
7538,2
7539,4
7540,1
7541,2
7542,1
7543,1
7544,6
7545,11
7546,2
7547,6
7548,2
7549,4
7550,13
7551,3
7552,5
7553,13
7554,4
7555,5
7556,3
7557,15
7558,10
7559,1
7560,1
7561,4
7562,6
7563,3
7564,7
7565,7
7566,1
7567,3
7568,1
7569,1
7570,7
7571,3
7572,1
7573,1
7574,1
7575,2
7576,1
7577,10
7578,4
7579,1
7580,2
7581,1
7582,2
7583,1
7584,4
7585,6
7586,5
7587,1
7588,15
7589,2
7590,1
7591,2
7592,3
7593,1
7594,3
7595,2
7596,1
7597,1
7598,1
7599,1
7600,2
7601,10
7602,9
7603,1
7604,6
7605,1
7606,1
7607,2
7608,1
7609,2
7610,1
7611,2
7612,2
7613,4
7614,1
7615,8
7616,2
7617,1
7618,1
7619,1
7620,1
7621,6
7622,1
7623,1
7624,8
7625,2
7626,1
7627,5
7628,3
7629,2
7630,3
7631,3
7632,7
7633,3
7634,1
7635,1
7636,1
7637,3
7638,4
7639,3
7640,4
7641,2
7642,2
7643,1
7644,6
7645,1
7646,5
7647,4
7648,2
7649,8
7650,1
7651,3
7652,2
7653,1
7654,1
7655,2
7656,2
7657,1
7658,3
7659,1
7660,2
7661,1
7662,2
7663,1
7664,3
7665,1
7666,1
7667,2
7668,1
7669,1
7670,1
7671,5
7672,1
7673,2
7674,2
7675,1
7676,1
7677,2
7678,4
7679,2
7680,4
7681,1
7682,1
7683,3
7684,4
7685,1
7686,2
7687,1
7688,1
7689,2
7690,2
7691,1
7692,1
7693,2
7694,3
7695,2
7696,1
7697,4
7698,2
7699,3
7700,4
7701,1
7702,2
7703,1
7704,1
7705,1
7706,1
7707,1
7708,1
7709,4
7710,1
7711,1
7712,2
7713,1
7714,3
7715,1
7716,1
7717,1
7718,4
7719,2
7720,1
7721,3
7722,1
7723,2
7724,1
7725,1
7726,1
7727,3
7728,1
7729,2
7730,1
7731,1
7732,3
7733,4
7734,3
7735,1
7736,1
7737,5
7738,1
7739,5
7740,2
7741,2
7742,1
7743,1
7744,2
7745,2
7746,2
7747,4
7748,2
7749,2
7750,5
7751,9
7752,3
7753,1
7754,3
7755,7
7756,1
7757,1
7758,1
7759,1
7760,1
7761,1
7762,3
7763,2
7764,7
7765,3
7766,1
7767,2
7768,1
7769,4
7770,6
7771,1
7772,1
7773,1
7774,6
7775,5
7776,3
7777,1
7778,3
7779,1
7780,8
7781,2
7782,1
7783,4
7784,1
7785,3
7786,1
7787,4
7788,3
7789,1
7790,3
7791,2
7792,1
7793,1
7794,1
7795,1
7796,3
7797,1
7798,1
7799,1
7800,11
7801,4
7802,1
7803,3
7804,1
7805,1
7806,1
7807,2
7808,1
7809,2
7810,1
7811,1
7812,1
7813,2
7814,1
7815,1
7816,1
7817,1
7818,4
7819,2
7820,2
7821,3
7822,1
7823,1
7824,1
7825,1
7826,1
7827,1
7828,1
7829,1
7830,1
7831,2
7832,2
7833,7
7834,1
7835,6
7836,5
7837,2
7838,6
7839,2
7840,5
7841,4
7842,9
7843,4
7844,5
7845,2
7846,2
7847,4
7848,4
7849,5
7850,1
7851,1
7852,3
7853,4
7854,8
7855,3
7856,4
7857,9
7858,4
7859,4
7860,5
7861,1
7862,3
7863,1
7864,5
7865,1
7866,1
7867,4
7868,1
7869,3
7870,2
7871,1
7872,3
7873,1
7874,2
7875,1
7876,1
7877,2
7878,2
7879,3
7880,5
7881,2
7882,1
7883,2
7884,1
7885,1
7886,2
7887,3
7888,1
7889,2
7890,4
7891,3
7892,2
7893,4
7894,1
7895,1
7896,1
7897,4
7898,4
7899,3
7900,2
7901,1
7902,3
7903,1
7904,3
7905,1
7906,4
7907,2
7908,1
7909,1
7910,2
7911,2
7912,4
7913,3
7914,2
7915,1
7916,1
7917,1
7918,3
7919,1
7920,2
7921,2
7922,1
7923,1
7924,1
7925,1
7926,1
7927,2
7928,5
7929,6
7930,1
7931,4
7932,1
7933,2
7934,1
7935,1
7936,2
7937,2
7938,3
7939,2
7940,1
7941,2
7942,2
7943,3
7944,6
7945,2
7946,1
7947,2
7948,1
7949,1
7950,4
7951,1
7952,2
7953,1
7954,1
7955,2
7956,4
7957,1
7958,4
7959,1
7960,1
7961,2
7962,2
7963,1
7964,2
7965,1
7966,1
7967,8
7968,2
7969,1
7970,1
7971,1
7972,1
7973,3
7974,1
7975,5
7976,1
7977,1
7978,2
7979,5
7980,2
7981,1
7982,1
7983,5
7984,1
7985,1
7986,2
7987,4
7988,2
7989,3
7990,2
7991,3
7992,1
7993,1
7994,1
7995,1
7996,1
7997,2
7998,1
7999,1
8000,1
8001,1
8002,2
8003,1
8004,1
8005,3
8006,3
8007,1
8008,3
8009,1
8010,2
8011,7
8012,2
8013,7
8014,3
8015,2
8016,3
8017,1
8018,6
8019,4
8020,3
8021,2
8022,2
8023,1
8024,2
8025,1
8026,4
8027,1
8028,3
8029,1
8030,11
8031,1
8032,3
8033,6
8034,3
8035,1
8036,1
8037,2
8038,1
8039,3
8040,6
8041,1
8042,1
8043,3
8044,3
8045,1
8046,3
8047,4
8048,1
8049,4
8050,2
8051,1
8052,1
8053,1
8054,1
8055,4
8056,4
8057,2
8058,1
8059,2
8060,1
8061,1
8062,1
8063,1
8064,1
8065,1
8066,2
8067,2
8068,3
8069,4
8070,1
8071,3
8072,3
8073,5
8074,9
8075,1
8076,1
8077,2
8078,2
8079,5
8080,1
8081,2
8082,2
8083,2
8084,3
8085,7
8086,3
8087,1
8088,1
8089,2
8090,2
8091,7
8092,6
8093,5
8094,3
8095,2
8096,1
8097,1
8098,1
8099,1
8100,5
8101,4
8102,1
8103,2
8104,1
8105,1
8106,2
8107,3
8108,1
8109,5
8110,1
8111,1
8112,2
8113,4
8114,3
8115,1
8116,4
8117,2
8118,16
8119,3
8120,2
8121,2
8122,1
8123,1
8124,2
8125,1
8126,7
8127,2
8128,6
8129,1
8130,3
8131,2
8132,2
8133,1
8134,4
8135,5
8136,2
8137,2
8138,4
8139,2
8140,2
8141,4
8142,8
8143,6
8144,2
8145,1
8146,3
8147,1
8148,9
8149,6
8150,1
8151,2
8152,1
8153,1
8154,2
8155,1
8156,1
8157,2
8158,1
8159,4
8160,1
8161,2
8162,1
8163,2
8164,2
8165,1
8166,1
8167,1
8168,4
8169,1
8170,3
8171,1
8172,1
8173,1
8174,1
8175,4
8176,1
8177,1
8178,5
8179,3
8180,3
8181,3
8182,2
8183,1
8184,8
8185,1
8186,3
8187,2
8188,1
8189,1
8190,3
8191,1
8192,5
8193,3
8194,2
8195,1
8196,1
8197,1
8198,10
8199,4
8200,6
8201,1
8202,3
8203,10
8204,7
8205,2
8206,2
8207,2
8208,2
8209,9
8210,5
8211,6
8212,4
8213,4
8214,2
8215,4
8216,1
8217,2
8218,1
8219,10
8220,4
8221,1
8222,1
8223,2
8224,4
8225,4
8226,1
8227,1
8228,10
8229,1
8230,3
8231,5
8232,5
8233,1
8234,2
8235,3
8236,2
8237,3
8238,2
8239,2
8240,3
8241,6
8242,1
8243,1
8244,1
8245,3
8246,2
8247,1
8248,2
8249,1
8250,4
8251,2
8252,1
8253,2
8254,7
8255,1
8256,6
8257,1
8258,4
8259,1
8260,2
8261,10
8262,1
8263,2
8264,7
8265,4
8266,1
8267,7
8268,4
8269,2
8270,1
8271,1
8272,1
8273,2
8274,2
8275,1
8276,1
8277,2
8278,2
8279,1
8280,1
8281,2
8282,1
8283,2
8284,1
8285,1
8286,2
8287,3
8288,3
8289,2
8290,3
8291,1
8292,5
8293,3
8294,1
8295,3
8296,1
8297,3
8298,1
8299,1
8300,1
8301,2
8302,2
8303,2
8304,1
8305,2
8306,3
8307,3
8308,3
8309,3
8310,1
8311,3
8312,4
8313,5
8314,1
8315,9
8316,2
8317,4
8318,3
8319,3
8320,1
8321,5
8322,6
8323,2
8324,2
8325,4
8326,1
8327,2
8328,1
8329,1
8330,3
8331,1
8332,4
8333,1
8334,2
8335,3
8336,7
8337,1
8338,5
8339,4
8340,7
8341,4
8342,4
8343,3
8344,1
8345,7
8346,1
8347,3
8348,4
8349,2
8350,2
8351,1
8352,1
8353,1
8354,1
8355,1
8356,3
8357,3
8358,2
8359,2
8360,4
8361,1
8362,3
8363,2
8364,14
8365,1
8366,1
8367,2
8368,6
8369,3
8370,2
8371,1
8372,4
8373,2
8374,1
8375,3
8376,2
8377,3
8378,3
8379,3
8380,4
8381,3
8382,1
8383,6
8384,3
8385,1
8386,3
8387,1
8388,2
8389,2
8390,1
8391,1
8392,1
8393,1
8394,2
8395,4
8396,5
8397,1
8398,2
8399,1
8400,1
8401,2
8402,1
8403,1
8404,1
8405,1
8406,3
8407,4
8408,2
8409,1
8410,1
8411,2
8412,1
8413,2
8414,1
8415,1
8416,3
8417,2
8418,1
8419,3
8420,1
8421,1
8422,3
8423,4
8424,2
8425,2
8426,6
8427,1
8428,1
8429,3
8430,2
8431,1
8432,1
8433,3
8434,3
8435,1
8436,1
8437,2
8438,1
8439,4
8440,1
8441,1
8442,1
8443,1
8444,5
8445,1
8446,1
8447,1
8448,1
8449,2
8450,4
8451,1
8452,1
8453,2
8454,1
8455,3
8456,2
8457,2
8458,1
8459,2
8460,2
8461,1
8462,1
8463,3
8464,5
8465,1
8466,1
8467,3
8468,2
8469,1
8470,1
8471,1
8472,3
8473,6
8474,3
8475,3
8476,2
8477,1
8478,1
8479,3
8480,1
8481,1
8482,1
8483,4
8484,1
8485,3
8486,1
8487,2
8488,1
8489,1
8490,2
8491,2
8492,2
8493,2
8494,1
8495,3
8496,2
8497,3
8498,1
8499,2
8500,1
8501,1
8502,3
8503,1
8504,2
8505,1
8506,2
8507,3
8508,5
8509,1
8510,1
8511,2
8512,1
8513,1
8514,4
8515,3
8516,1
8517,1
8518,2
8519,2
8520,1
8521,2
8522,2
8523,2
8524,1
8525,5
8526,4
8527,1
8528,1
8529,1
8530,2
8531,1
8532,1
8533,2
8534,1
8535,2
8536,4
8537,1
8538,1
8539,2
8540,1
8541,1
8542,3
8543,5
8544,1
8545,1
8546,1
8547,3
8548,2
8549,2
8550,1
8551,1
8552,1
8553,1
8554,5
8555,1
8556,1
8557,2
8558,2
8559,3
8560,2
8561,1
8562,3
8563,1
8564,1
8565,1
8566,1
8567,1
8568,3
8569,1
8570,2
8571,1
8572,2
8573,1
8574,2
8575,1
8576,3
8577,1
8578,2
8579,1
8580,1
8581,1
8582,3
8583,1
8584,1
8585,1
8586,3
8587,2
8588,2
8589,4
8590,1
8591,2
8592,1
8593,2
8594,1
8595,1
8596,3
8597,1
8598,3
8599,1
8600,1
8601,1
8602,2
8603,1
8604,1
8605,2
8606,1
8607,1
8608,1
8609,1
8610,2
8611,1
8612,3
8613,1
8614,2
8615,2
8616,3
8617,6
8618,4
8619,1
8620,1
8621,3
8622,1
8623,2
8624,4
8625,1
8626,4
8627,2
8628,5
8629,1
8630,1
8631,1
8632,1
8633,2
8634,1
8635,1
8636,1
8637,2
8638,1
8639,1
8640,2
8641,3
8642,5
8643,1
8644,7
8645,3
8646,1
8647,3
8648,2
8649,4
8650,2
8651,1
8652,2
8653,1
8654,1
8655,4
8656,5
8657,1
8658,1
8659,4
8660,1
8661,2
8662,1
8663,1
8664,3
8665,1
8666,3
8667,1
8668,2
8669,1
8670,3
8671,3
8672,1
8673,1
8674,3
8675,3
8676,4
8677,1
8678,2
8679,1
8680,3
8681,4
8682,2
8683,2
8684,5
8685,6
8686,5
8687,1
8688,9
8689,4
8690,1
8691,3
8692,4
8693,7
8694,6
8695,1
8696,3
8697,3
8698,4
8699,2
8700,1
8701,1
8702,1
8703,1
8704,3
8705,6
8706,1
8707,8
8708,5
8709,1
8710,2
8711,1
8712,2
8713,6
8714,2
8715,9
8716,5
8717,5
8718,3
8719,2
8720,1
8721,10
8722,4
8723,1
8724,3
8725,1
8726,8
8727,3
8728,1
8729,5
8730,1
8731,3
8732,5
8733,9
8734,2
8735,8
8736,4
8737,3
8738,4
8739,7
8740,1
8741,4
8742,5
8743,1
8744,10
8745,1
8746,14
8747,14
8748,5
8749,7
8750,13
8751,3
8752,2
8753,2
8754,3
8755,6
8756,16
8757,21
8758,6
8759,1
8760,7
8761,1
8762,2
8763,4
8764,1
8765,13
8766,4
8767,6
8768,1
8769,1
8770,3
8771,7
8772,1
8773,12
8774,3
8775,1
8776,10
8777,2
8778,1
8779,10
8780,1
8781,1
8782,4
8783,9
8784,1
8785,4
8786,8
8787,1
8788,3
8789,2
8790,1
8791,1
8792,3
8793,4
8794,5
8795,3
8796,2
8797,2
8798,3
8799,7
8800,4
8801,7
8802,4
8803,5
8804,5
8805,7
8806,2
8807,2
8808,7
8809,5
8810,3
8811,1
8812,3
8813,5
8814,4
8815,1
8816,5
8817,3
8818,2
8819,2
8820,10
8821,12
8822,2
8823,2
8824,5
8825,1
8826,6
8827,3
8828,3
8829,1
8830,4
8831,4
8832,1
8833,4
8834,4
8835,1
8836,8
8837,1
8838,3
8839,3
8840,2
8841,1
8842,10
8843,3
8844,2
8845,4
8846,3
8847,1
8848,8
8849,3
8850,2
8851,2
8852,3
8853,5
8854,3
8855,1
8856,1
8857,6
8858,2
8859,4
8860,2
8861,8
8862,2
8863,4
8864,1
8865,2
8866,4
8867,2
8868,3
8869,1
8870,7
8871,4
8872,7
8873,1
8874,1
8875,4
8876,1
8877,3
8878,2
8879,3
8880,6
8881,2
8882,1
8883,2
8884,4
8885,1
8886,4
8887,1
8888,1
8889,1
8890,1
8891,5
8892,3
8893,1
8894,1
8895,2
8896,5
8897,12
8898,4
8899,6
8900,5
8901,2
8902,4
8903,1
8904,7
8905,2
8906,1
8907,8
8908,1
8909,1
8910,4
8911,4
8912,1
8913,4
8914,3
8915,7
8916,3
8917,5
8918,2
8919,1
8920,7
8921,2
8922,1
8923,4
8924,1
8925,1
8926,1
8927,1
8928,1
8929,5
8930,5
8931,5
8932,1
8933,2
8934,1
8935,9
8936,3
8937,5
8938,11
8939,1
8940,3
8941,5
8942,5
8943,1
8944,4
8945,2
8946,2
8947,2
8948,1
8949,1
8950,6
8951,4
8952,2
8953,2
8954,5
8955,1
8956,3
8957,1
8958,4
8959,6
8960,1
8961,4
8962,5
8963,2
8964,7
8965,7
8966,2
8967,1
8968,4
8969,3
8970,4
8971,1
8972,2
8973,2
8974,1
8975,1
8976,7
8977,2
8978,1
8979,4
8980,1
8981,1
8982,1
8983,3
8984,2
8985,3
8986,1
8987,2
8988,1
8989,7
8990,1
8991,1
8992,1
8993,2
8994,1
8995,1
8996,1
8997,3
8998,1
8999,3
9000,2
9001,1
9002,2
9003,1
9004,3
9005,1
9006,2
9007,2
9008,7
9009,2
9010,4
9011,4
9012,1
9013,1
9014,1
9015,2
9016,2
9017,6
9018,3
9019,2
9020,5
9021,1
9022,3
9023,3
9024,2
9025,2
9026,1
9027,2
9028,7
9029,2
9030,1
9031,4
9032,7
9033,2
9034,6
9035,1
9036,1
9037,1
9038,3
9039,3
9040,7
9041,1
9042,1
9043,1
9044,9
9045,1
9046,4
9047,5
9048,3
9049,3
9050,4
9051,4
9052,3
9053,2
9054,3
9055,1
9056,2
9057,2
9058,1
9059,2
9060,4
9061,1
9062,2
9063,1
9064,6
9065,4
9066,4
9067,1
9068,3
9069,2
9070,3
9071,1
9072,2
9073,3
9074,7
9075,5
9076,4
9077,5
9078,1
9079,3
9080,2
9081,1
9082,1
9083,2
9084,4
9085,6
9086,1
9087,1
9088,9
9089,2
9090,2
9091,1
9092,1
9093,3
9094,2
9095,1
9096,2
9097,2
9098,1
9099,1
9100,1
9101,2
9102,4
9103,1
9104,6
9105,2
9106,3
9107,2
9108,1
9109,4
9110,1
9111,1
9112,3
9113,6
9114,3
9115,2
9116,1
9117,2
9118,1
9119,1
9120,2
9121,2
9122,5
9123,1
9124,5
9125,6
9126,2
9127,6
9128,8
9129,2
9130,2
9131,1
9132,7
9133,9
9134,6
9135,1
9136,6
9137,7
9138,14
9139,1
9140,10
9141,2
9142,2
9143,4
9144,5
9145,10
9146,2
9147,5
9148,5
9149,1
9150,2
9151,3
9152,1
9153,1
9154,8
9155,6
9156,5
9157,1
9158,1
9159,3
9160,1
9161,1
9162,14
9163,3
9164,9
9165,3
9166,1
9167,9
9168,1
9169,2
9170,1
9171,2
9172,13
9173,7
9174,1
9175,5
9176,3
9177,1
9178,2
9179,1
9180,8
9181,2
9182,1
9183,1
9184,1
9185,1
9186,3
9187,1
9188,3
9189,1
9190,1
9191,3
9192,5
9193,6
9194,2
9195,3
9196,1
9197,13
9198,7
9199,10
9200,8
9201,6
9202,2
9203,1
9204,3
9205,12
9206,5
9207,7
9208,3
9209,3
9210,1
9211,5
9212,5
9213,8
9214,2
9215,1
9216,5
9217,4
9218,4
9219,10
9220,4
9221,5
9222,6
9223,4
9224,5
9225,4
9226,1
9227,5
9228,4
9229,3
9230,2
9231,10
9232,6
9233,13
9234,1
9235,2
9236,8
9237,1
9238,3
9239,2
9240,1
9241,4
9242,3
9243,1
9244,3
9245,13
9246,10
9247,4
9248,18
9249,10
9250,2
9251,4
9252,8
9253,11
9254,1
9255,5
9256,12
9257,15
9258,2
9259,1
9260,4
9261,12
9262,7
9263,3
9264,6
9265,8
9266,8
9267,1
9268,4
9269,8
9270,6
9271,2
9272,7
9273,26
9274,11
9275,11
9276,4
9277,18
9278,5
9279,8
9280,1
9281,21
9282,3
9283,1
9284,13
9285,9
9286,4
9287,1
9288,2
9289,18
9290,5
9291,11
9292,21
9293,25
9294,20
9295,5
9296,1
9297,5
9298,27
9299,12
9300,16
9301,13
9302,19
9303,17
9304,13
9305,3
9306,14
9307,5
9308,20
9309,2
9310,29
9311,2
9312,12
9313,4
9314,4
9315,32
9316,2
9317,27
9318,3
9319,4
9320,6
9321,14
9322,19
9323,4
9324,18
9325,8
9326,1
9327,7
9328,5
9329,7
9330,1
9331,1
9332,4
9333,18
9334,31
9335,3
9336,4
9337,5
9338,1
9339,11
9340,1
9341,7
9342,13
9343,3
9344,7
9345,13
9346,10
9347,20
9348,15
9349,3
9350,27
9351,6
9352,2
9353,32
9354,5
9355,28
9356,3
9357,16
9358,3
9359,11
9360,28
9361,16
9362,2
9363,15
9364,12
9365,8
9366,4
9367,8
9368,8
9369,5
9370,16
9371,13
9372,7
9373,1
9374,1
9375,19
9376,2
9377,7
9378,1
9379,7
9380,1
9381,6
9382,7
9383,5
9384,9
9385,4
9386,7
9387,8
9388,7
9389,8
9390,14
9391,70
9392,33
9393,5
9394,24
9395,16
9396,5
9397,11
9398,3
9399,10
9400,10
9401,5
9402,2
9403,1
9404,2
9405,20
9406,10
9407,7
9408,8
9409,16
9410,14
9411,19
9412,3
9413,2
9414,5
9415,51
9416,4
9417,39
9418,18
9419,12
9420,6
9421,25
9422,52
9423,7
9424,13
9425,49
9426,3
9427,25
9428,4
9429,46
9430,19
9431,18
9432,41
9433,1
9434,13
9435,13
9436,4
9437,8
9438,24
9439,3
9440,3
9441,10
9442,48
9443,35
9444,31
9445,31
9446,15
9447,12
9448,10
9449,22
9450,46
9451,10
9452,11
9453,2
9454,12
9455,28
9456,5
9457,4
9458,5
9459,27
9460,11
9461,15
9462,3
9463,9
9464,6
9465,13
9466,1
9467,4
9468,4
9469,7
9470,3
9471,3
9472,4
9473,6
9474,15
9475,28
9476,9
9477,7
9478,5
9479,6
9480,2
9481,13
9482,5
9483,11
9484,18
9485,7
9486,8
9487,3
9488,30
9489,42
9490,22
9491,6
9492,20
9493,8
9494,12
9495,23
9496,23
9497,4
9498,28
9499,2
9500,15
9501,1
9502,4
9503,3
9504,19
9505,9
9506,18
9507,6
9508,5
9509,6
9510,1
9511,6
9512,6
9513,10
9514,1
9515,1
9516,4
9517,7
9518,1
9519,4
9520,18
9521,27
9522,4
9523,1
9524,6
9525,10
9526,9
9527,2
9528,4
9529,8
9530,8
9531,24
9532,2
9533,2
9534,12
9535,1
9536,19
9537,6
9538,2
9539,1
9540,10
9541,1
9542,8
9543,14
9544,3
9545,2
9546,10
9547,1
9548,1
9549,2
9550,15
9551,5
9552,1
9553,13
9554,8
9555,3
9556,1
9557,4
9558,10
9559,8
9560,14
9561,3
9562,14
9563,10
9564,12
9565,14
9566,8
9567,18
9568,5
9569,13
9570,21
9571,12
9572,3
9573,3
9574,2
9575,8
9576,2
9577,1
9578,11
9579,6
9580,10
9581,1
9582,5
9583,1
9584,4
9585,4
9586,10
9587,13
9588,2
9589,10
9590,6
9591,4
9592,1
9593,16
9594,4
9595,4
9596,7
9597,5
9598,9
9599,25
9600,2
9601,2
9602,3
9603,3
9604,2
9605,2
9606,3
9607,2
9608,9
9609,2
9610,9
9611,2
9612,3
9613,1
9614,3
9615,2
9616,1
9617,2
9618,2
9619,2
9620,5
9621,3
9622,1
9623,5
9624,3
9625,1
9626,7
9627,1
9628,1
9629,3
9630,2
9631,4
9632,2
9633,2
9634,8
9635,9
9636,1
9637,1
9638,3
9639,2
9640,1
9641,7
9642,1
9643,2
9644,3
9645,4
9646,7
9647,1
9648,1
9649,1
9650,5
9651,1
9652,4
9653,1
9654,1
9655,3
9656,2
9657,1
9658,1
9659,3
9660,3
9661,7
9662,1
9663,2
9664,12
9665,1
9666,4
9667,1
9668,1
9669,3
9670,6
9671,5
9672,1
9673,2
9674,8
9675,4
9676,1
9677,4
9678,3
9679,3
9680,5
9681,1
9682,2
9683,1
9684,2
9685,2
9686,1
9687,2
9688,4
9689,1
9690,3
9691,3
9692,5
9693,2
9694,4
9695,1
9696,3
9697,2
9698,6
9699,1
9700,4
9701,1
9702,2
9703,1
9704,1
9705,14
9706,5
9707,2
9708,5
9709,5
9710,5
9711,1
9712,1
9713,4
9714,11
9715,1
9716,3
9717,1
9718,1
9719,2
9720,2
9721,3
9722,2
9723,2
9724,2
9725,2
9726,2
9727,19
9728,2
9729,1
9730,2
9731,1
9732,2
9733,2
9734,5
9735,1
9736,5
9737,4
9738,4
9739,2
9740,8
9741,1
9742,1
9743,1
9744,2
9745,2
9746,4
9747,2
9748,1
9749,2
9750,4
9751,1
9752,6
9753,3
9754,3
9755,3
9756,1
9757,1
9758,1
9759,2
9760,7
9761,2
9762,2
9763,5
9764,3
9765,1
9766,4
9767,1
9768,1
9769,2
9770,1
9771,5
9772,1
9773,3
9774,2
9775,3
9776,3
9777,4
9778,8
9779,1
9780,1
9781,1
9782,1
9783,1
9784,5
9785,6
9786,2
9787,7
9788,2
9789,3
9790,1
9791,5
9792,5
9793,4
9794,4
9795,11
9796,8
9797,1
9798,4
9799,2
9800,6
9801,2
9802,2
9803,3
9804,3
9805,3
9806,2
9807,2
9808,3
9809,2
9810,4
9811,1
9812,2
9813,3
9814,1
9815,5
9816,6
9817,1
9818,1
9819,1
9820,3
9821,1
9822,1
9823,4
9824,2
9825,1
9826,1
9827,1
9828,2
9829,1
9830,1
9831,1
9832,1
9833,2
9834,1
9835,3
9836,3
9837,3
9838,1
9839,1
9840,2
9841,1
9842,4
9843,1
9844,1
9845,8
9846,10
9847,4
9848,6
9849,2
9850,1
9851,9
9852,3
9853,6
9854,3
9855,8
9856,5
9857,1
9858,2
9859,3
9860,8
9861,6
9862,1
9863,4
9864,3
9865,2
9866,2
9867,1
9868,1
9869,2
9870,1
9871,1
9872,4
9873,2
9874,5
9875,1
9876,3
9877,1
9878,1
9879,1
9880,3
9881,1
9882,2
9883,2
9884,1
9885,13
9886,3
9887,5
9888,1
9889,5
9890,2
9891,7
9892,1
9893,5
9894,2
9895,1
9896,2
9897,9
9898,2
9899,1
9900,6
9901,2
9902,1
9903,1
9904,5
9905,4
9906,1
9907,6
9908,1
9909,4
9910,1
9911,2
9912,3
9913,1
9914,1
9915,9
9916,1
9917,2
9918,1
9919,1
9920,1
9921,3
9922,1
9923,3
9924,7
9925,5
9926,2
9927,4
9928,1
9929,5
9930,6
9931,16
9932,4
9933,9
9934,3
9935,1
9936,3
9937,1
9938,4
9939,1
9940,4
9941,2
9942,4
9943,1
9944,4
9945,5
9946,4
9947,4
9948,5
9949,4
9950,1
9951,11
9952,3
9953,8
9954,3
9955,4
9956,2
9957,2
9958,4
9959,1
9960,2
9961,7
9962,4
9963,3
9964,3
9965,3
9966,6
9967,3
9968,8
9969,2
9970,2
9971,1
9972,1
9973,1
9974,3
9975,7
9976,3
9977,4
9978,3
9979,7
9980,4
9981,15
9982,2
9983,4
9984,2
9985,1
9986,4
9987,3
9988,3
9989,1
9990,3
9991,11
9992,2
9993,7
9994,7
9995,3
9996,10
9997,5
9998,4
9999,8
10000,12
10001,4
10002,6
10003,1
10004,1
10005,7
10006,1
10007,1
10008,5
10009,7
10010,1
10011,1
10012,1
10013,2
10014,1
10015,3
10016,4
10017,5
10018,2
10019,4
10020,3
10021,1
10022,6
10023,5
10024,3
10025,5
10026,1
10027,1
10028,2
10029,3
10030,2
10031,5
10032,14
10033,2
10034,4
10035,3
10036,6
10037,1
10038,3
10039,3
10040,4
10041,6
10042,2
10043,4
10044,11
10045,2
10046,6
10047,10
10048,1
10049,2
10050,5
10051,4
10052,15
10053,3
10054,3
10055,3
10056,5
10057,1
10058,1
10059,1
10060,6
10061,2
10062,4
10063,3
10064,1
10065,12
10066,10
10067,1
10068,1
10069,1
10070,4
10071,4
10072,3
10073,4
10074,5
10075,1
10076,5
10077,2
10078,5
10079,3
10080,1
10081,1
10082,1
10083,2
10084,1
10085,2
10086,1
10087,3
10088,9
10089,5
10090,12
10091,4
10092,1
10093,2
10094,5
10095,11
10096,3
10097,3
10098,1
10099,6
10100,2
10101,7
10102,6
10103,2
10104,5
10105,3
10106,2
10107,2
10108,11
10109,7
10110,1
10111,9
10112,5
10113,1
10114,2
10115,2
10116,5
10117,3
10118,6
10119,3
10120,5
10121,3
10122,1
10123,5
10124,3
10125,3
10126,5
10127,2
10128,3
10129,1
10130,1
10131,1
10132,6
10133,4
10134,1
10135,3
10136,6
10137,3
10138,8
10139,4
10140,6
10141,2
10142,1
10143,5
10144,1
10145,1
10146,5
10147,8
10148,1
10149,5
10150,1
10151,3
10152,1
10153,3
10154,4
10155,5
10156,14
10157,2
10158,1
10159,1
10160,2
10161,7
10162,5
10163,2
10164,2
10165,2
10166,2
10167,1
10168,14
10169,1
10170,1
10171,2
10172,6
10173,1
10174,7
10175,3
10176,8
10177,5
10178,1
10179,2
10180,6
10181,3
10182,3
10183,19
10184,7
10185,4
10186,2
10187,12
10188,1
10189,1
10190,6
10191,4
10192,4
10193,1
10194,1
10195,4
10196,1
10197,6
10198,4
10199,3
10200,4
10201,1
10202,5
10203,6
10204,3
10205,7
10206,2
10207,7
10208,4
10209,2
10210,5
10211,2
10212,3
10213,3
10214,1
10215,2
10216,1
10217,8
10218,4
10219,4
10220,2
10221,3
10222,1
10223,4
10224,6
10225,8
10226,4
10227,2
10228,2
10229,2
10230,4
10231,3
10232,1
10233,5
10234,1
10235,2
10236,9
10237,4
10238,1
10239,2
10240,2
10241,1
10242,4
10243,1
10244,2
10245,1
10246,1
10247,1
10248,2
10249,1
10250,1
10251,1
10252,3
10253,4
10254,9
10255,8
10256,7
10257,2
10258,2
10259,1
10260,2
10261,1
10262,4
10263,1
10264,11
10265,2
10266,1
10267,1
10268,4
10269,13
10270,1
10271,1
10272,3
10273,2
10274,2
10275,9
10276,3
10277,1
10278,1
10279,1
10280,3
10281,4
10282,5
10283,11
10284,1
10285,4
10286,2
10287,2
10288,3
10289,2
10290,1
10291,12
10292,3
10293,3
10294,2
10295,1
10296,2
10297,5
10298,2
10299,2
10300,1
10301,2
10302,9
10303,2
10304,1
10305,1
10306,3
10307,14
10308,2
10309,4
10310,6
10311,5
10312,2
10313,5
10314,6
10315,5
10316,5
10317,7
10318,5
10319,7
10320,4
10321,14
10322,33
10323,5
10324,2
10325,6
10326,9
10327,12
10328,2
10329,4
10330,4
10331,10
10332,8
10333,3
10334,3
10335,8
10336,7
10337,19
10338,3
10339,4
10340,11
10341,7
10342,1
10343,5
10344,5
10345,5
10346,2
10347,7
10348,14
10349,15
10350,7
10351,11
10352,1
10353,2
10354,1
10355,6
10356,1
10357,6
10358,3
10359,14
10360,1
10361,6
10362,8
10363,6
10364,1
10365,6
10366,11
10367,1
10368,3
10369,14
10370,7
10371,3
10372,10
10373,12
10374,21
10375,3
10376,13
10377,7
10378,32
10379,3
10380,8
10381,11
10382,1
10383,2
10384,10
10385,9
10386,13
10387,2
10388,5
10389,5
10390,9
10391,19
10392,4
10393,11
10394,5
10395,3
10396,1
10397,6
10398,7
10399,8
10400,3
10401,1
10402,3
10403,1
10404,17
10405,5
10406,2
10407,4
10408,5
10409,7
10410,28
10411,5
10412,1
10413,4
10414,1
10415,37
10416,2
10417,9
10418,31
10419,4
10420,7
10421,8
10422,11
10423,15
10424,7
10425,1
10426,1
10427,9
10428,16
10429,5
10430,5
10431,4
10432,7
10433,11
10434,10
10435,6
10436,14
10437,3
10438,13
10439,16
10440,8
10441,4
10442,14
10443,2
10444,2
10445,2
10446,4
10447,12
10448,1
10449,8
10450,8
10451,5
10452,5
10453,6
10454,9
10455,7
10456,1
10457,4
10458,10
10459,6
10460,2
10461,1
10462,26
10463,9
10464,3
10465,1
10466,8
10467,14
10468,13
10469,4
10470,3
10471,7
10472,3
10473,14
10474,4
10475,6
10476,2
10477,2
10478,9
10479,6
10480,8
10481,1
10482,1
10483,15
10484,5
10485,9
10486,3
10487,1
10488,1
10489,2
10490,6
10491,1
10492,1
10493,15
10494,5
10495,12
10496,9
10497,4
10498,6
10499,2
10500,8
10501,30
10502,10
10503,9
10504,27
10505,3
10506,10
10507,20
10508,7
10509,3
10510,3
10511,14
10512,3
10513,14
10514,3
10515,19
10516,11
10517,22
10518,16
10519,12
10520,1
10521,9
10522,11
10523,3
10524,3
10525,8
10526,23
10527,12
10528,5
10529,3
10530,13
10531,14
10532,4
10533,27
10534,2
10535,72
10536,1
10537,3
10538,4
10539,2
10540,1
10541,23
10542,2
10543,15
10544,2
10545,4
10546,20
10547,5
10548,2
10549,2
10550,31
10551,39
10552,4
10553,2
10554,1
10555,10
10556,23
10557,15
10558,5
10559,13
10560,5
10561,6
10562,23
10563,13
10564,35
10565,3
10566,1
10567,27
10568,2
10569,3
10570,10
10571,16
10572,7
10573,42
10574,1
10575,1
10576,3
10577,2
10578,8
10579,3
10580,14
10581,2
10582,2
10583,11
10584,17
10585,13
10586,1
10587,11
10588,5
10589,5
10590,4
10591,9
10592,6
10593,12
10594,3
10595,1
10596,1
10597,3
10598,3
10599,19
10600,7
10601,3
10602,4
10603,6
10604,15
10605,3
10606,10
10607,6
10608,33
10609,21
10610,13
10611,4
10612,14
10613,1
10614,8
10615,2
10616,5
10617,17
10618,9
10619,2
10620,8
10621,1
10622,1
10623,7
10624,12
10625,4
10626,4
10627,8
10628,1
10629,27
10630,2
10631,1
10632,4
10633,4
10634,5
10635,1
10636,2
10637,9
10638,6
10639,1
10640,3
10641,5
10642,8
10643,16
10644,3
10645,4
10646,5
10647,6
10648,5
10649,13
10650,19
10651,18
10652,1
10653,9
10654,16
10655,5
10656,11
10657,2
10658,4
10659,1
10660,9
10661,6
10662,7
10663,11
10664,10
10665,1
10666,6
10667,15
10668,2
10669,12
10670,3
10671,2
10672,4
10673,5
10674,2
10675,10
10676,2
10677,2
10678,1
10679,4
10680,1
10681,6
10682,2
10683,1
10684,1
10685,1
10686,1
10687,1
10688,1
10689,1
10690,1
10691,1
10692,1
10693,1
10694,1
10695,3
10696,1
10697,2
10698,2
10699,3
10700,1
10701,1
10702,3
10703,3
10704,2
10705,1
10706,6
10707,1
10708,2
10709,4
10710,2
10711,3
10712,2
10713,2
10714,1
10715,8
10716,1
10717,2
10718,7
10719,1
10720,4
10721,1
10722,4
10723,8
10724,3
10725,2
10726,7
10727,8
10728,2
10729,2
10730,1
10731,4
10732,2
10733,3
10734,1
10735,3
10736,6
10737,3
10738,2
10739,1
10740,1
10741,1
10742,1
10743,2
10744,3
10745,1
10746,1
10747,2
10748,1
10749,2
10750,1
10751,4
10752,1
10753,6
10754,1
10755,2
10756,1
10757,1
10758,1
10759,1
10760,4
10761,1
10762,1
10763,2
10764,2
10765,2
10766,5
10767,1
10768,5
10769,1
10770,1
10771,2
10772,1
10773,3
10774,2
10775,2
10776,1
10777,1
10778,1
10779,1
10780,2
10781,3
10782,2
10783,2
10784,1
10785,1
10786,3
10787,3
10788,2
10789,1
10790,2
10791,5
10792,1
10793,1
10794,1
10795,1
10796,3
10797,3
10798,4
10799,2
10800,4
