1,10
2,2
3,1
4,5
5,3
6,5
7,1
8,11
9,3
10,2
11,1
12,6
13,1
14,8
15,1
16,3
17,3
18,1
19,12
20,7
21,10
22,1
23,7
24,8
25,7
26,1
27,4
28,4
29,2
30,14
31,6
32,7
33,1
34,4
35,1
36,2
37,7
38,7
39,5
40,1
41,4
42,9
43,1
44,10
45,7
46,1
47,10
48,2
49,1
50,7
51,7
52,5
53,1
54,1
55,2
56,2
57,5
58,4
59,9
60,4
61,1
62,2
63,2
64,9
65,2
66,3
67,9
68,2
69,1
70,2
71,5
72,4
73,1
74,4
75,2
76,1
77,1
78,1
79,8
80,1
81,7
82,6
83,1
84,5
85,4
86,4
87,7
88,1
89,5
90,9
91,1
92,3
93,11
94,1
95,3
96,4
97,3
98,2
99,1
100,2
101,3
102,2
103,2
104,2
105,1
106,3
107,3
108,1
109,1
110,2
111,3
112,2
113,3
114,2
115,11
116,5
117,8
118,11
119,5
120,2
121,5
122,7
123,2
124,17
125,6
126,1
127,3
128,4
129,3
130,9
131,3
132,5
133,11
134,1
135,9
136,7
137,9
138,9
139,6
140,7
141,11
142,8
143,9
144,1
145,4
146,1
147,8
148,1
149,2
150,1
151,1
152,2
153,2
154,1
155,2
156,1
157,6
158,7
159,2
160,1
161,10
162,3
163,2
164,13
165,4
166,1
167,8
168,10
169,1
170,6
171,8
172,3
173,2
174,3
175,1
176,1
177,6
178,4
179,2
180,1
181,2
182,2
183,8
184,3
185,1
186,1
187,5
188,3
189,1
190,1
191,19
192,4
193,4
194,1
195,6
196,2
197,2
198,1
199,8
200,5
201,1
202,1
203,4
204,4
205,4
206,4
207,3
208,6
209,5
210,1
211,2
212,12
213,1
214,1
215,1
216,1
217,1
218,3
219,1
220,5
221,7
222,3
223,5
224,1
225,9
226,17
227,5
228,2
229,2
230,6
231,11
232,7
233,4
234,2
235,6
236,1
237,2
238,7
239,2
240,4
241,6
242,3
243,3
244,1
245,2
246,2
247,1
248,5
249,4
250,1
251,2
252,2
253,3
254,3
255,4
256,1
257,3
258,1
259,1
260,2
261,2
262,2
263,11
264,2
265,2
266,2
267,2
268,1
269,2
270,3
271,1
272,3
273,2
274,5
275,9
276,2
277,4
278,2
279,3
280,1
281,6
282,2
283,2
284,11
285,1
286,13
287,4
288,2
289,7
290,1
291,3
292,5
293,6
294,1
295,11
296,4
297,1
298,3
299,1
300,5
301,3
302,2
303,3
304,5
305,5
306,4
307,7
308,5
309,3
310,1
311,2
312,10
313,1
314,5
315,2
316,4
317,4
318,6
319,3
320,6
321,9
322,4
323,1
324,11
325,4
326,5
327,3
328,2
329,3
330,2
331,3
332,4
333,1
334,1
335,3
336,6
337,2
338,2
339,9
340,4
341,2
342,1
343,8
344,1
345,18
346,2
347,3
348,2
349,1
350,1
351,1
352,3
353,6
354,7
355,7
356,2
357,3
358,1
359,8
360,2
361,1
362,2
363,1
364,13
365,10
366,1
367,7
368,6
369,2
370,2
371,2
372,3
373,9
374,1
375,5
376,5
377,5
378,3
379,3
380,6
381,3
382,4
383,3
384,9
385,1
386,4
387,3
388,2
389,2
390,9
391,2
392,3
393,5
394,5
395,5
396,9
397,6
398,6
399,14
400,3
401,11
402,6
403,1
404,1
405,3
406,2
407,1
408,4
409,2
410,1
411,1
412,5
413,2
414,10
415,3
416,2
417,2
418,4
419,1
420,1
421,1
422,6
423,1
424,2
425,5
426,7
427,1
428,4
429,2
430,2
431,1
432,9
433,4
434,4
435,16
436,2
437,3
438,12
439,7
440,7
441,6
442,2
443,2
444,1
445,6
446,3
447,4
448,1
449,5
450,4
451,1
452,6
453,2
454,3
455,4
456,5
457,3
458,1
459,1
460,3
461,4
462,1
463,7
464,8
465,1
466,2
467,2
468,3
469,6
470,3
471,2
472,1
473,5
474,4
475,8
476,8
477,5
478,5
479,4
480,2
481,3
482,2
483,6
484,7
485,9
486,5
487,17
488,5
489,12
490,1
491,10
492,5
493,1
494,8
495,2
496,3
497,10
498,2
499,7
500,10
501,4
502,1
503,26
504,2
505,5
506,1
507,1
508,1
509,4
510,6
511,8
512,6
513,8
514,2
515,1
516,2
517,1
518,16
519,7
520,7
521,10
522,6
523,1
524,4
525,3
526,2
527,3
528,4
529,1
530,11
531,1
532,2
533,6
534,1
535,4
536,3
537,1
538,1
539,3
540,1
541,1
542,5
543,2
544,5
545,2
546,2
547,1
548,6
549,1
550,5
551,2
552,1
553,1
554,9
555,2
556,2
557,3
558,3
559,1
560,1
561,2
562,1
563,2
564,9
565,1
566,2
567,4
568,1
569,2
570,8
571,1
572,2
573,3
574,2
575,4
576,6
577,1
578,5
579,13
580,4
581,1
582,4
583,1
584,1
585,3
586,2
587,6
588,1
589,8
590,1
591,1
592,1
593,2
594,4
595,3
596,3
597,1
598,4
599,2
600,1
601,3
602,1
603,3
604,3
605,1
606,4
607,4
608,13
609,2
610,5
611,3
612,2
613,2
614,4
615,4
616,2
617,3
618,1
619,3
620,3
621,3
622,2
623,1
624,4
625,4
626,4
627,2
628,1
629,1
630,5
631,6
632,7
633,24
634,4
635,15
636,7
637,2
638,1
639,14
640,1
641,3
642,8
643,7
644,13
645,3
646,3
647,3
648,3
649,9
650,3
651,3
652,1
653,6
654,3
655,11
656,4
657,6
658,10
659,1
660,1
661,4
662,12
663,7
664,7
665,11
666,8
667,14
668,7
669,9
670,22
671,5
672,2
673,7
674,10
675,10
676,4
677,6
678,19
679,2
680,4
681,2
682,4
683,2
684,6
685,6
686,5
687,1
688,2
689,14
690,2
691,1
692,1
693,22
694,1
695,2
696,20
697,7
698,4
699,7
700,14
701,8
702,1
703,3
704,7
705,4
706,1
707,4
708,29
709,8
710,19
711,12
712,25
713,6
714,2
715,5
716,9
717,4
718,11
719,1
720,16
721,13
722,3
723,12
724,2
725,7
726,1
727,2
728,2
729,2
730,11
731,9
732,1
733,3
734,3
735,6
736,2
737,6
738,4
739,11
740,4
741,5
742,5
743,2
744,1
745,5
746,10
747,1
748,4
749,1
750,3
751,1
752,3
753,3
754,1
755,8
756,1
757,4
758,3
759,1
760,1
761,1
762,2
763,1
764,4
765,7
766,1
767,9
768,3
769,3
770,3
771,3
772,1
773,2
774,2
775,6
776,1
777,5
778,4
779,2
780,4
781,1
782,2
783,1
784,1
785,5
786,3
787,2
788,2
789,1
790,1
791,3
792,3
793,1
794,4
795,1
796,5
797,4
798,5
799,6
800,6
801,3
802,3
803,3
804,4
805,7
806,6
807,1
808,4
809,2
810,1
811,3
812,11
813,7
814,1
815,6
816,6
817,7
818,6
819,2
820,1
821,8
822,2
823,3
824,21
825,2
826,1
827,7
828,3
829,8
830,2
831,2
832,3
833,1
834,1
835,1
836,3
837,9
838,5
839,13
840,1
841,6
842,2
843,4
844,2
845,11
846,5
847,3
848,4
849,15
850,8
851,1
852,1
853,3
854,2
855,10
856,4
857,4
858,1
859,1
860,7
861,2
862,2
863,1
864,1
865,8
866,1
867,4
868,2
869,1
870,6
871,1
872,1
873,5
874,4
875,2
876,8
877,5
878,3
879,1
880,3
881,3
882,1
883,1
884,1
885,1
886,2
887,2
888,2
889,3
890,6
891,2
892,1
893,3
894,2
895,3
896,1
897,1
898,8
899,1
900,1
901,1
902,1
903,6
904,2
905,1
906,8
907,4
908,1
909,5
910,1
911,1
912,8
913,5
914,2
915,1
916,2
917,1
918,3
919,2
920,1
921,5
922,2
923,2
924,2
925,5
926,4
927,1
928,1
929,3
930,3
931,10
932,6
933,1
934,4
935,2
936,1
937,7
938,6
939,5
940,1
941,8
942,2
943,3
944,19
945,7
946,13
947,3
948,3
949,9
950,5
951,4
952,9
953,3
954,1
955,14
956,6
957,26
958,9
959,1
960,5
961,1
962,6
963,3
964,5
965,2
966,8
967,7
968,9
969,5
970,13
971,4
972,4
973,10
974,7
975,7
976,2
977,5
978,2
979,6
980,5
981,5
982,3
983,7
984,3
985,2
986,2
987,5
988,2
989,5
990,11
991,15
992,23
993,7
994,5
995,1
996,2
997,5
998,2
999,4
1000,13
1001,5
1002,2
1003,2
1004,17
1005,2
1006,2
1007,8
1008,7
1009,12
1010,6
1011,8
1012,6
1013,1
1014,1
1015,8
1016,3
1017,8
1018,11
1019,24
1020,5
1021,19
1022,5
1023,2
1024,2
1025,18
1026,16
1027,3
1028,22
1029,5
1030,1
1031,1
1032,6
1033,6
1034,2
1035,2
1036,14
1037,5
1038,10
1039,12
1040,24
1041,1
1042,2
1043,5
1044,1
1045,7
1046,15
1047,20
1048,23
1049,5
1050,1
1051,2
1052,12
1053,17
1054,9
1055,12
1056,10
1057,27
1058,1
1059,8
1060,7
1061,18
1062,5
1063,8
1064,9
1065,1
1066,8
1067,13
1068,1
1069,15
1070,6
1071,7
1072,19
1073,8
1074,5
1075,12
1076,7
1077,25
1078,4
1079,7
1080,22
1081,6
1082,4
1083,6
1084,6
1085,1
1086,19
1087,15
1088,5
1089,2
1090,4
1091,21
1092,5
1093,4
1094,2
1095,2
1096,2
1097,11
1098,8
1099,16
1100,5
1101,12
1102,32
1103,8
1104,10
1105,4
1106,2
1107,8
1108,20
1109,3
1110,2
1111,4
1112,12
1113,6
1114,11
1115,5
1116,1
1117,3
1118,15
1119,2
1120,2
1121,4
1122,2
1123,4
1124,6
1125,10
1126,12
1127,6
1128,3
1129,7
1130,8
1131,25
1132,13
1133,10
1134,8
1135,7
1136,13
1137,11
1138,34
1139,3
1140,8
1141,4
1142,17
1143,18
1144,3
1145,6
1146,2
1147,10
1148,1
1149,4
1150,6
1151,7
1152,9
1153,1
1154,7
1155,7
1156,14
1157,5
1158,8
1159,24
1160,2
1161,13
1162,23
1163,3
1164,1
1165,8
1166,7
1167,5
1168,5
1169,12
1170,9
1171,4
1172,4
1173,15
1174,18
1175,1
1176,4
1177,9
1178,10
1179,1
1180,11
1181,18
1182,1
1183,4
1184,15
1185,12
1186,4
1187,5
1188,17
1189,13
1190,6
1191,9
1192,11
1193,13
1194,3
1195,4
1196,9
1197,4
1198,28
1199,1
1200,2
1201,5
1202,18
1203,1
1204,4
1205,4
1206,12
1207,23
1208,2
1209,2
1210,10
1211,2
1212,4
1213,2
1214,13
1215,4
1216,5
1217,7
1218,3
1219,6
1220,6
1221,8
1222,13
1223,8
1224,18
1225,2
1226,2
1227,12
1228,8
1229,2
1230,3
1231,5
1232,24
1233,9
1234,5
1235,2
1236,13
1237,1
1238,39
1239,5
1240,8
1241,7
1242,2
1243,22
1244,29
1245,3
1246,13
1247,12
1248,2
1249,9
1250,9
1251,5
1252,27
1253,7
1254,10
1255,19
1256,4
1257,7
1258,1
1259,8
1260,2
1261,3
1262,3
1263,2
1264,2
1265,6
1266,6
1267,3
1268,5
1269,1
1270,2
1271,3
1272,7
1273,5
1274,13
1275,1
1276,2
1277,3
1278,4
1279,5
1280,1
1281,6
1282,2
1283,1
1284,1
1285,3
1286,1
1287,1
1288,11
1289,7
1290,6
1291,1
1292,3
1293,2
1294,1
1295,3
1296,3
1297,2
1298,1
1299,4
1300,2
1301,1
1302,2
1303,10
1304,3
1305,5
1306,2
1307,2
1308,3
1309,12
1310,3
1311,6
1312,9
1313,4
1314,1
1315,4
1316,7
1317,3
1318,4
1319,3
1320,1
1321,1
1322,11
1323,8
1324,2
1325,2
1326,3
1327,5
1328,1
1329,6
1330,5
1331,4
1332,4
1333,1
1334,2
1335,9
1336,5
1337,1
1338,3
1339,11
1340,3
1341,5
1342,2
1343,10
1344,3
1345,2
1346,4
1347,5
1348,5
1349,3
1350,5
1351,15
1352,3
1353,18
1354,3
1355,2
1356,8
1357,8
1358,8
1359,2
1360,3
1361,4
1362,4
1363,2
1364,10
1365,3
1366,5
1367,3
1368,11
1369,6
1370,3
1371,1
1372,1
1373,8
1374,2
1375,3
1376,2
1377,8
1378,3
1379,2
1380,8
1381,10
1382,3
1383,3
1384,10
1385,1
1386,3
1387,4
1388,4
1389,1
1390,1
1391,1
1392,1
1393,4
1394,3
1395,3
1396,3
1397,2
1398,6
1399,2
1400,2
1401,1
1402,6
1403,1
1404,2
1405,2
1406,2
1407,1
1408,1
1409,1
1410,2
1411,3
1412,7
1413,5
1414,1
1415,3
1416,7
1417,5
1418,4
1419,10
1420,5
1421,3
1422,2
1423,2
1424,1
1425,1
1426,2
1427,1
1428,5
1429,1
1430,1
1431,4
1432,1
1433,3
1434,7
1435,6
1436,2
1437,9
1438,5
1439,2
1440,3
1441,5
1442,2
1443,2
1444,3
1445,1
1446,4
1447,8
1448,3
1449,3
1450,1
1451,12
1452,2
1453,2
1454,2
1455,3
1456,1
1457,12
1458,3
1459,3
1460,3
1461,3
1462,2
1463,9
1464,3
1465,5
1466,2
1467,14
1468,1
1469,16
1470,1
1471,5
1472,1
1473,3
1474,9
1475,6
1476,3
1477,6
1478,6
1479,3
1480,1
1481,2
1482,4
1483,4
1484,12
1485,2
1486,1
1487,3
1488,1
1489,2
1490,3
1491,2
1492,10
1493,4
1494,4
1495,7
1496,2
1497,1
1498,4
1499,2
1500,3
1501,5
1502,12
1503,1
1504,1
1505,6
1506,1
1507,3
1508,7
1509,3
1510,3
1511,4
1512,6
1513,6
1514,1
1515,2
1516,8
1517,3
1518,7
1519,2
1520,2
1521,1
1522,6
1523,1
1524,1
1525,2
1526,7
1527,8
1528,3
1529,5
1530,2
1531,1
1532,3
1533,7
1534,2
1535,2
1536,1
1537,1
1538,19
1539,5
1540,3
1541,13
1542,1
1543,2
1544,1
1545,7
1546,3
1547,1
1548,6
1549,1
1550,1
1551,3
1552,14
1553,2
1554,1
1555,2
1556,8
1557,3
1558,4
1559,2
1560,8
1561,2
1562,2
1563,2
1564,6
1565,5
1566,21
1567,6
1568,3
1569,1
1570,1
1571,11
1572,1
1573,3
1574,5
1575,7
1576,11
1577,7
1578,2
1579,4
1580,2
1581,3
1582,4
1583,7
1584,9
1585,3
1586,8
1587,4
1588,3
1589,2
1590,2
1591,2
1592,4
1593,8
1594,2
1595,3
1596,2
1597,4
1598,1
1599,2
1600,1
1601,9
1602,1
1603,8
1604,3
1605,4
1606,8
1607,5
1608,2
1609,3
1610,9
1611,3
1612,3
1613,3
1614,2
1615,4
1616,3
1617,4
1618,5
1619,2
1620,1
1621,5
1622,2
1623,3
1624,2
1625,4
1626,5
1627,13
1628,12
1629,2
1630,4
1631,4
1632,4
1633,2
1634,1
1635,10
1636,10
1637,3
1638,4
1639,2
1640,4
1641,9
1642,2
1643,1
1644,8
1645,8
1646,1
1647,8
1648,1
1649,1
1650,6
1651,1
1652,2
1653,8
1654,2
1655,11
1656,23
1657,3
1658,15
1659,14
1660,21
1661,13
1662,1
1663,3
1664,18
1665,7
1666,6
1667,1
1668,12
1669,7
1670,12
1671,2
1672,15
1673,1
1674,6
1675,1
1676,3
1677,10
1678,2
1679,15
1680,1
1681,3
1682,6
1683,6
1684,6
1685,1
1686,17
1687,15
1688,2
1689,2
1690,8
1691,11
1692,6
1693,15
1694,6
1695,5
1696,1
1697,6
1698,9
1699,2
1700,1
1701,9
1702,8
1703,1
1704,4
1705,11
1706,3
1707,4
1708,16
1709,7
1710,1
1711,6
1712,12
1713,3
1714,10
1715,10
1716,4
1717,8
1718,6
1719,6
1720,5
1721,4
1722,5
1723,8
1724,1
1725,4
1726,3
1727,6
1728,29
1729,9
1730,2
1731,5
1732,8
1733,24
1734,12
1735,6
1736,17
1737,7
1738,16
1739,4
1740,20
1741,3
1742,6
1743,5
1744,27
1745,8
1746,8
1747,9
1748,3
1749,3
1750,1
1751,2
1752,7
1753,4
1754,3
1755,1
1756,1
1757,4
1758,5
1759,2
1760,5
1761,7
1762,28
1763,8
1764,1
1765,21
1766,9
1767,13
1768,2
1769,3
1770,4
1771,13
1772,2
1773,3
1774,17
1775,12
1776,1
1777,4
1778,11
1779,7
1780,1
1781,4
1782,12
1783,10
1784,4
1785,7
1786,31
1787,20
1788,7
1789,6
1790,6
1791,14
1792,17
1793,1
1794,2
1795,5
1796,4
1797,8
1798,24
1799,3
1800,11
1801,10
1802,42
1803,10
1804,14
1805,9
1806,4
1807,15
1808,21
1809,29
1810,8
1811,19
1812,4
1813,1
1814,27
1815,14
1816,5
1817,1
1818,4
1819,3
1820,3
1821,7
1822,6
1823,1
1824,10
1825,2
1826,20
1827,38
1828,19
1829,38
1830,3
1831,15
1832,2
1833,5
1834,16
1835,17
1836,17
1837,10
1838,7
1839,12
1840,18
1841,8
1842,6
1843,4
1844,11
1845,17
1846,5
1847,4
1848,9
1849,13
1850,4
1851,1
1852,6
1853,33
1854,2
1855,15
1856,1
1857,10
1858,4
1859,3
1860,6
1861,13
1862,3
1863,11
1864,3
1865,14
1866,13
1867,1
1868,7
1869,14
1870,7
1871,7
1872,2
1873,6
1874,1
1875,2
1876,2
1877,5
1878,9
1879,1
1880,12
1881,3
1882,17
1883,6
1884,6
1885,36
1886,2
1887,3
1888,2
1889,3
1890,4
1891,7
1892,4
1893,1
1894,12
1895,1
1896,4
1897,7
1898,1
1899,5
1900,1
1901,5
1902,5
1903,6
1904,4
1905,1
1906,1
1907,3
1908,2
1909,3
1910,14
1911,2
1912,4
1913,1
1914,5
1915,7
1916,10
1917,1
1918,2
1919,4
1920,1
1921,15
1922,9
1923,2
1924,2
1925,4
1926,2
1927,1
1928,1
1929,3
1930,1
1931,4
1932,3
1933,1
1934,7
1935,3
1936,8
1937,16
1938,7
1939,5
1940,4
1941,4
1942,4
1943,5
1944,3
1945,2
1946,3
1947,3
1948,2
1949,3
1950,1
1951,1
1952,20
1953,4
1954,4
1955,2
1956,3
1957,6
1958,4
1959,4
1960,5
1961,8
1962,2
1963,3
1964,1
1965,14
1966,5
1967,1
1968,2
1969,4
1970,14
1971,6
1972,2
1973,5
1974,3
1975,9
1976,9
1977,6
1978,6
1979,20
1980,6
1981,18
1982,2
1983,9
1984,1
1985,2
1986,5
1987,1
1988,4
1989,9
1990,7
1991,3
1992,2
1993,2
1994,2
1995,4
1996,5
1997,3
1998,5
1999,10
2000,7
2001,6
2002,1
2003,7
2004,14
2005,5
2006,2
2007,4
2008,1
2009,7
2010,1
2011,3
2012,7
2013,5
2014,3
2015,2
2016,1
2017,3
2018,5
2019,3
2020,3
2021,4
2022,8
2023,3
2024,10
2025,6
2026,3
2027,5
2028,2
2029,2
2030,8
2031,9
2032,1
2033,4
2034,1
2035,1
2036,5
2037,5
2038,11
2039,5
2040,2
2041,9
2042,10
2043,3
2044,17
2045,11
2046,7
2047,1
2048,4
2049,16
2050,21
2051,1
2052,1
2053,5
2054,3
2055,6
2056,1
2057,13
2058,3
2059,2
2060,6
2061,4
2062,2
2063,1
2064,15
2065,8
2066,4
2067,6
2068,1
2069,1
2070,1
2071,10
2072,3
2073,4
2074,1
2075,5
2076,9
2077,3
2078,1
2079,2
2080,1
2081,3
2082,2
2083,1
2084,6
2085,3
2086,2
2087,4
2088,7
2089,11
2090,3
2091,2
2092,6
2093,2
2094,1
2095,10
2096,8
2097,6
2098,10
2099,4
2100,1
2101,5
2102,2
2103,2
2104,3
2105,8
2106,2
2107,3
2108,3
2109,1
2110,4
2111,1
2112,2
2113,5
2114,4
2115,5
2116,2
2117,8
2118,2
2119,2
2120,1
2121,1
2122,2
2123,2
2124,1
2125,3
2126,3
2127,1
2128,8
2129,17
2130,8
2131,3
2132,2
2133,13
2134,2
2135,10
2136,4
2137,3
2138,1
2139,1
2140,9
2141,14
2142,5
2143,1
2144,1
2145,3
2146,3
2147,3
2148,10
2149,9
2150,3
2151,6
2152,1
2153,2
2154,1
2155,1
2156,8
2157,3
2158,3
2159,1
2160,5
2161,3
2162,2
2163,1
2164,21
2165,5
2166,7
2167,2
2168,5
2169,7
2170,1
2171,7
2172,3
2173,8
2174,2
2175,2
2176,3
2177,1
2178,4
2179,22
2180,5
2181,3
2182,8
2183,6
2184,9
2185,3
2186,2
2187,1
2188,1
2189,7
2190,1
2191,36
2192,15
2193,20
2194,4
2195,4
2196,7
2197,16
2198,2
2199,6
2200,14
2201,4
2202,5
2203,4
2204,16
2205,1
2206,1
2207,3
2208,4
2209,10
2210,5
2211,2
2212,9
2213,6
2214,4
2215,16
2216,3
2217,3
2218,5
2219,3
2220,6
2221,4
2222,1
2223,4
2224,13
2225,19
2226,2
2227,5
2228,13
2229,1
2230,1
2231,2
2232,3
2233,2
2234,4
2235,11
2236,10
2237,2
2238,1
2239,5
2240,11
2241,9
2242,5
2243,2
2244,11
2245,5
2246,4
2247,6
2248,4
2249,6
2250,4
2251,3
2252,3
2253,24
2254,2
2255,14
2256,7
2257,9
2258,12
2259,3
2260,1
2261,3
2262,10
2263,2
2264,22
2265,12
2266,3
2267,6
2268,19
2269,2
2270,11
2271,6
2272,34
2273,2
2274,11
2275,7
2276,5
2277,3
2278,13
2279,6
2280,1
2281,13
2282,2
2283,12
2284,1
2285,2
2286,6
2287,3
2288,13
2289,12
2290,15
2291,6
2292,1
2293,7
2294,1
2295,3
2296,1
2297,1
2298,14
2299,3
2300,8
2301,9
2302,8
2303,14
2304,1
2305,3
2306,3
2307,26
2308,1
2309,7
2310,2
2311,1
2312,1
2313,4
2314,1
2315,9
2316,16
2317,2
2318,15
2319,11
2320,9
2321,2
2322,2
2323,3
2324,3
2325,2
2326,9
2327,25
2328,1
2329,1
2330,1
2331,25
2332,5
2333,9
2334,2
2335,2
2336,3
2337,1
2338,3
2339,8
2340,1
2341,3
2342,8
2343,11
2344,2
2345,5
2346,2
2347,4
2348,12
2349,2
2350,5
2351,10
2352,8
2353,1
2354,5
2355,35
2356,9
2357,11
2358,39
2359,17
2360,7
2361,11
2362,4
2363,10
2364,5
2365,7
2366,23
2367,1
2368,21
2369,11
2370,2
2371,7
2372,1
2373,2
2374,62
2375,11
2376,2
2377,14
2378,2
2379,38
2380,30
2381,33
2382,22
2383,17
2384,10
2385,17
2386,44
2387,5
2388,6
2389,18
2390,9
2391,29
2392,4
2393,21
2394,33
2395,9
2396,18
2397,9
2398,6
2399,5
2400,15
2401,1
2402,20
2403,3
2404,34
2405,14
2406,1
2407,22
2408,20
2409,12
2410,11
2411,67
2412,4
2413,25
2414,16
2415,10
2416,38
2417,11
2418,26
2419,13
2420,2
2421,5
2422,7
2423,6
2424,12
2425,12
2426,12
2427,4
2428,14
2429,11
2430,15
2431,7
2432,4
2433,15
2434,2
2435,19
2436,5
2437,22
2438,1
2439,9
2440,7
2441,22
2442,42
2443,51
2444,15
2445,17
2446,5
2447,6
2448,5
2449,21
2450,24
2451,42
2452,29
2453,5
2454,58
2455,16
2456,5
2457,5
2458,5
2459,26
2460,16
2461,51
2462,1
2463,34
2464,2
2465,24
2466,2
2467,17
2468,1
2469,8
2470,42
2471,11
2472,17
2473,19
2474,18
2475,13
2476,24
2477,40
2478,7
2479,36
2480,22
2481,8
2482,6
2483,14
2484,11
2485,13
2486,27
2487,10
2488,2
2489,26
2490,1
2491,18
2492,6
2493,20
2494,14
2495,33
2496,27
2497,10
2498,34
2499,49
2500,17
2501,22
2502,12
2503,23
2504,6
2505,17
2506,17
2507,49
2508,38
2509,4
2510,10
2511,3
2512,2
2513,13
2514,15
2515,9
2516,1
2517,17
2518,21
2519,8
2520,32
2521,3
2522,22
2523,21
2524,18
2525,20
2526,22
2527,6
2528,7
2529,3
2530,41
2531,5
2532,5
2533,3
2534,43
2535,5
2536,1
2537,14
2538,12
2539,25
2540,29
2541,8
2542,7
2543,4
2544,24
2545,22
2546,14
2547,38
2548,17
2549,2
2550,17
2551,2
2552,14
2553,21
2554,3
2555,7
2556,86
2557,23
2558,29
2559,35
2560,18
2561,19
2562,9
2563,5
2564,4
2565,5
2566,44
2567,4
2568,6
2569,60
2570,6
2571,41
2572,22
2573,12
2574,29
2575,7
2576,2
2577,29
2578,13
2579,12
2580,1
2581,14
2582,18
2583,17
2584,16
2585,2
2586,8
2587,3
2588,10
2589,24
2590,11
2591,10
2592,9
2593,12
2594,25
2595,9
2596,13
2597,35
2598,7
2599,23
2600,49
2601,15
2602,9
2603,6
2604,2
2605,4
2606,29
2607,15
2608,10
2609,72
2610,5
2611,3
2612,6
2613,8
2614,12
2615,1
2616,5
2617,25
2618,26
2619,10
2620,27
2621,2
2622,12
2623,5
2624,19
2625,1
2626,31
2627,20
2628,28
2629,3
2630,12
2631,6
2632,7
2633,17
2634,5
2635,1
2636,7
2637,7
2638,20
2639,4
2640,57
2641,13
2642,10
2643,18
2644,17
2645,6
2646,9
2647,51
2648,5
2649,3
2650,13
2651,10
2652,19
2653,8
2654,10
2655,29
2656,5
2657,1
2658,9
2659,4
2660,47
2661,19
2662,3
2663,5
2664,20
2665,17
2666,7
2667,15
2668,33
2669,6
2670,4
2671,3
2672,4
2673,4
2674,6
2675,22
2676,17
2677,18
2678,7
2679,12
2680,3
2681,5
2682,4
2683,13
2684,8
2685,3
2686,3
2687,5
2688,4
2689,3
2690,3
2691,11
2692,9
2693,6
2694,26
2695,6
2696,17
2697,8
2698,1
2699,5
2700,5
2701,9
2702,12
2703,5
2704,14
2705,10
2706,29
2707,4
2708,6
2709,15
2710,14
2711,2
2712,46
2713,4
2714,4
2715,26
2716,15
2717,10
2718,1
2719,26
2720,1
2721,2
2722,14
2723,24
2724,4
2725,14
2726,13
2727,10
2728,13
2729,2
2730,5
2731,53
2732,20
2733,1
2734,6
2735,8
2736,17
2737,6
2738,8
2739,4
2740,21
2741,3
2742,3
2743,6
2744,12
2745,1
2746,7
2747,5
2748,38
2749,20
2750,4
2751,4
2752,22
2753,38
2754,8
2755,10
2756,11
2757,31
2758,8
2759,4
2760,6
2761,50
2762,7
2763,14
2764,28
2765,7
2766,19
2767,31
2768,18
2769,45
2770,22
2771,4
2772,37
2773,13
2774,23
2775,21
2776,12
2777,6
2778,6
2779,10
2780,3
2781,21
2782,11
2783,7
2784,16
2785,3
2786,2
2787,13
2788,13
2789,1
2790,10
2791,9
2792,6
2793,1
2794,17
2795,28
2796,14
2797,5
2798,16
2799,1
2800,11
2801,4
2802,3
2803,4
2804,14
2805,5
2806,42
2807,2
2808,9
2809,6
2810,5
2811,6
2812,19
2813,5
2814,3
2815,5
2816,3
2817,1
2818,20
2819,2
2820,20
2821,6
2822,2
2823,1
2824,1
2825,28
2826,2
2827,20
2828,1
2829,15
2830,2
2831,3
2832,12
2833,18
2834,12
2835,9
2836,11
2837,6
2838,15
2839,5
2840,14
2841,3
2842,3
2843,1
2844,3
2845,2
2846,8
2847,7
2848,7
2849,10
2850,1
2851,1
2852,27
2853,6
2854,12
2855,6
2856,14
2857,7
2858,10
2859,32
2860,21
2861,9
2862,2
2863,5
2864,4
2865,20
2866,19
2867,1
2868,13
2869,4
2870,4
2871,3
2872,6
2873,17
2874,5
2875,3
2876,7
2877,4
2878,12
2879,7
2880,15
2881,1
2882,9
2883,11
2884,4
2885,4
2886,1
2887,7
2888,2
2889,25
2890,7
2891,1
2892,12
2893,4
2894,2
2895,24
2896,2
2897,1
2898,1
2899,17
2900,5
2901,5
2902,12
2903,2
2904,5
2905,1
2906,1
2907,11
2908,13
2909,7
2910,2
2911,5
2912,7
2913,4
2914,1
2915,4
2916,1
2917,1
2918,5
2919,12
2920,18
2921,19
2922,3
2923,12
2924,10
2925,2
2926,2
2927,5
2928,10
2929,5
2930,2
2931,4
2932,2
2933,3
2934,3
2935,7
2936,8
2937,27
2938,5
2939,11
2940,1
2941,3
2942,2
2943,3
2944,1
2945,9
2946,5
2947,11
2948,1
2949,10
2950,3
2951,6
2952,6
2953,4
2954,2
2955,4
2956,6
2957,1
2958,10
2959,6
2960,15
2961,2
2962,5
2963,1
2964,5
2965,2
2966,11
2967,1
2968,23
2969,2
2970,5
2971,8
2972,4
2973,9
2974,4
2975,5
2976,4
2977,5
2978,8
2979,1
2980,8
2981,6
2982,5
2983,1
2984,4
2985,3
2986,2
2987,7
2988,5
2989,1
2990,8
2991,4
2992,4
2993,2
2994,20
2995,5
2996,6
2997,5
2998,16
2999,3
3000,12
3001,1
3002,1
3003,14
3004,1
3005,2
3006,1
3007,6
3008,4
3009,4
3010,3
3011,11
3012,4
3013,16
3014,18
3015,6
3016,21
3017,2
3018,11
3019,8
3020,16
3021,3
3022,9
3023,8
3024,12
3025,1
3026,3
3027,9
3028,3
3029,10
3030,2
3031,1
3032,8
3033,4
3034,3
3035,4
3036,8
3037,6
3038,8
3039,1
3040,5
3041,8
3042,5
3043,4
3044,3
3045,11
3046,6
3047,6
3048,3
3049,8
3050,21
3051,8
3052,2
3053,18
3054,10
3055,6
3056,18
3057,1
3058,12
3059,9
3060,1
3061,8
3062,17
3063,1
3064,9
3065,12
3066,6
3067,4
3068,2
3069,10
3070,13
3071,1
3072,10
3073,4
3074,2
3075,9
3076,2
3077,9
3078,1
3079,13
3080,40
3081,3
3082,1
3083,7
3084,8
3085,6
3086,7
3087,4
3088,2
3089,8
3090,3
3091,10
3092,2
3093,10
3094,2
3095,1
3096,2
3097,16
3098,18
3099,4
3100,2
3101,2
3102,6
3103,10
3104,2
3105,4
3106,3
3107,3
3108,5
3109,15
3110,27
3111,28
3112,14
3113,1
3114,1
3115,6
3116,7
3117,11
3118,8
3119,3
3120,4
3121,24
3122,5
3123,18
3124,1
3125,12
3126,26
3127,17
3128,7
3129,15
3130,1
3131,1
3132,12
3133,2
3134,3
3135,2
3136,34
3137,17
3138,36
3139,6
3140,9
3141,4
3142,1
3143,4
3144,20
3145,1
3146,13
3147,1
3148,2
3149,17
3150,10
3151,6
3152,3
3153,15
3154,12
3155,14
3156,2
3157,27
3158,6
3159,7
3160,4
3161,1
3162,21
3163,1
3164,3
3165,4
3166,16
3167,5
3168,7
3169,1
3170,19
3171,14
3172,1
3173,14
3174,7
3175,17
3176,1
3177,9
3178,5
3179,19
3180,36
3181,12
3182,6
3183,4
3184,2
3185,6
3186,5
3187,6
3188,4
3189,6
3190,10
3191,7
3192,9
3193,10
3194,2
3195,9
3196,10
3197,10
3198,8
3199,17
3200,4
3201,6
3202,2
3203,18
3204,10
3205,10
3206,1
3207,42
3208,6
3209,4
3210,2
3211,1
3212,11
3213,24
3214,5
3215,11
3216,2
3217,2
3218,6
3219,2
3220,4
3221,2
3222,4
3223,5
3224,18
3225,5
3226,5
3227,29
3228,16
3229,1
3230,8
3231,5
3232,2
3233,3
3234,7
3235,7
3236,11
3237,5
3238,6
3239,12
3240,5
3241,4
3242,2
3243,4
3244,12
3245,4
3246,1
3247,1
3248,13
3249,1
3250,9
3251,5
3252,5
3253,1
3254,7
3255,5
3256,4
3257,8
3258,3
3259,12
3260,8
3261,1
3262,1
3263,1
3264,20
3265,10
3266,1
3267,9
3268,7
3269,13
3270,8
3271,11
3272,4
3273,2
3274,2
3275,2
3276,1
3277,2
3278,5
3279,3
3280,2
3281,2
3282,2
3283,3
3284,5
3285,5
3286,4
3287,3
3288,3
3289,3
3290,1
3291,9
3292,3
3293,1
3294,4
3295,11
3296,1
3297,6
3298,1
3299,1
3300,6
3301,3
3302,1
3303,3
3304,2
3305,12
3306,1
3307,1
3308,1
3309,3
3310,2
3311,4
3312,1
3313,1
3314,5
3315,4
3316,2
3317,4
3318,9
3319,1
3320,3
3321,2
3322,1
3323,2
3324,4
3325,4
3326,3
3327,8
3328,6
3329,2
3330,4
3331,2
3332,10
3333,7
3334,1
3335,9
3336,1
3337,6
3338,2
3339,1
3340,1
3341,5
3342,10
3343,1
3344,1
3345,2
3346,2
3347,1
3348,2
3349,2
3350,1
3351,3
3352,1
3353,5
3354,4
3355,3
3356,4
3357,4
3358,7
3359,2
3360,1
3361,16
3362,7
3363,12
3364,7
3365,4
3366,1
3367,1
3368,9
3369,1
3370,9
3371,2
3372,1
3373,2
3374,2
3375,5
3376,1
3377,9
3378,19
3379,2
3380,1
3381,18
3382,6
3383,2
3384,5
3385,4
3386,2
3387,21
3388,17
3389,1
3390,2
3391,3
3392,3
3393,4
3394,28
3395,7
3396,3
3397,3
3398,6
3399,7
3400,3
3401,1
3402,3
3403,4
3404,3
3405,2
3406,2
3407,3
3408,32
3409,1
3410,13
3411,4
3412,4
3413,12
3414,6
3415,1
3416,5
3417,1
3418,12
3419,12
3420,16
3421,7
3422,4
3423,7
3424,2
3425,1
3426,4
3427,1
3428,20
3429,4
3430,12
3431,5
3432,5
3433,4
3434,7
3435,4
3436,3
3437,1
3438,4
3439,3
3440,3
3441,1
3442,6
3443,2
3444,9
3445,2
3446,4
3447,1
3448,2
3449,4
3450,1
3451,1
3452,2
3453,2
3454,9
3455,1
3456,1
3457,7
3458,6
3459,1
3460,8
3461,1
3462,1
3463,3
3464,4
3465,1
3466,1
3467,2
3468,2
3469,4
3470,7
3471,1
3472,1
3473,2
3474,1
3475,3
3476,11
3477,2
3478,1
3479,8
3480,1
3481,1
3482,7
3483,3
3484,4
3485,7
3486,4
3487,2
3488,5
3489,2
3490,2
3491,1
3492,1
3493,3
3494,3
3495,1
3496,11
3497,1
3498,4
3499,2
3500,3
3501,2
3502,2
3503,10
3504,4
3505,7
3506,1
3507,2
3508,5
3509,5
3510,1
3511,3
3512,2
3513,5
3514,2
3515,1
3516,7
3517,2
3518,4
3519,4
3520,2
3521,2
3522,1
3523,5
3524,2
3525,2
3526,5
3527,1
3528,4
3529,3
3530,7
3531,5
3532,4
3533,1
3534,3
3535,1
3536,3
3537,21
3538,2
3539,1
3540,2
3541,3
3542,5
3543,3
3544,2
3545,5
3546,2
3547,1
3548,2
3549,4
3550,1
3551,1
3552,1
3553,4
3554,6
3555,1
3556,3
3557,2
3558,1
3559,1
3560,1
3561,1
3562,6
3563,2
3564,2
3565,5
3566,5
3567,2
3568,2
3569,1
3570,1
3571,7
3572,1
3573,6
3574,4
3575,3
3576,2
3577,6
3578,8
3579,2
3580,7
3581,1
3582,1
3583,1
3584,3
3585,4
3586,3
3587,5
3588,2
3589,1
3590,2
3591,5
3592,1
3593,2
3594,1
3595,8
3596,4
3597,3
3598,1
3599,1
3600,1
3601,5
3602,7
3603,2
3604,8
3605,2
3606,1
3607,2
3608,1
3609,4
3610,2
3611,2
3612,2
3613,1
3614,8
3615,3
3616,1
3617,4
3618,1
3619,2
3620,2
3621,1
3622,1
3623,3
3624,2
3625,3
3626,2
3627,2
3628,1
3629,2
3630,7
3631,2
3632,2
3633,2
3634,1
3635,1
3636,5
3637,3
3638,4
3639,6
3640,1
3641,11
3642,3
3643,1
3644,2
3645,8
3646,1
3647,3
3648,2
3649,7
3650,1
3651,7
3652,5
3653,2
3654,5
3655,1
3656,1
3657,2
3658,1
3659,1
3660,8
3661,1
3662,3
3663,1
3664,1
3665,2
3666,3
3667,1
3668,1
3669,1
3670,5
3671,5
3672,3
3673,5
3674,4
3675,1
3676,1
3677,4
3678,3
3679,1
3680,4
3681,1
3682,4
3683,2
3684,2
3685,3
3686,1
3687,2
3688,1
3689,2
3690,13
3691,4
3692,1
3693,1
3694,5
3695,3
3696,3
3697,3
3698,6
3699,1
3700,2
3701,1
3702,2
3703,9
3704,4
3705,2
3706,2
3707,2
3708,3
3709,9
3710,1
3711,2
3712,3
3713,1
3714,1
3715,1
3716,2
3717,3
3718,1
3719,3
3720,2
3721,2
3722,5
3723,1
3724,4
3725,7
3726,4
3727,1
3728,1
3729,6
3730,1
3731,1
3732,4
3733,3
3734,1
3735,1
3736,5
3737,1
3738,3
3739,4
3740,4
3741,5
3742,3
3743,2
3744,3
3745,3
3746,2
3747,1
3748,2
3749,5
3750,1
3751,2
3752,5
3753,2
3754,6
3755,2
3756,1
3757,1
3758,1
3759,10
3760,2
3761,5
3762,9
3763,1
3764,1
3765,4
3766,5
3767,5
3768,1
3769,9
3770,4
3771,1
3772,4
3773,3
3774,2
3775,4
3776,13
3777,5
3778,6
3779,1
3780,1
3781,1
3782,2
3783,3
3784,6
3785,2
3786,1
3787,1
3788,8
3789,2
3790,1
3791,2
3792,1
3793,3
3794,2
3795,3
3796,3
3797,2
3798,1
3799,7
3800,2
3801,2
3802,3
3803,3
3804,1
3805,2
3806,1
3807,1
3808,1
3809,1
3810,8
3811,8
3812,3
3813,9
3814,9
3815,2
3816,6
3817,1
3818,5
3819,1
3820,5
3821,3
3822,10
3823,4
3824,10
3825,3
3826,1
3827,1
3828,1
3829,6
3830,6
3831,13
3832,2
3833,2
3834,3
3835,2
3836,6
3837,2
3838,3
3839,2
3840,4
3841,2
3842,2
3843,6
3844,2
3845,3
3846,4
3847,6
3848,4
3849,6
3850,1
3851,1
3852,2
3853,5
3854,2
3855,1
3856,2
3857,4
3858,5
3859,4
3860,2
3861,1
3862,5
3863,2
3864,4
3865,3
3866,3
3867,11
3868,5
3869,3
3870,5
3871,1
3872,2
3873,5
3874,1
3875,1
3876,1
3877,2
3878,7
3879,2
3880,2
3881,1
3882,2
3883,9
3884,8
3885,7
3886,4
3887,1
3888,4
3889,1
3890,5
3891,2
3892,2
3893,1
3894,3
3895,4
3896,4
3897,2
3898,6
3899,1
3900,1
3901,7
3902,13
3903,5
3904,1
3905,6
3906,15
3907,21
3908,2
3909,1
3910,1
3911,5
3912,3
3913,8
3914,17
3915,5
3916,18
3917,5
3918,7
3919,19
3920,4
3921,12
3922,5
3923,2
3924,8
3925,6
3926,2
3927,1
3928,4
3929,13
3930,10
3931,4
3932,5
3933,17
3934,4
3935,14
3936,10
3937,1
3938,1
3939,5
3940,2
3941,3
3942,2
3943,12
3944,6
3945,7
3946,13
3947,2
3948,2
3949,12
3950,10
3951,6
3952,7
3953,4
3954,7
3955,12
3956,6
3957,6
3958,9
3959,3
3960,17
3961,2
3962,1
3963,4
3964,5
3965,9
3966,3
3967,1
3968,2
3969,9
3970,3
3971,5
3972,3
3973,4
3974,12
3975,4
3976,1
3977,10
3978,10
3979,6
3980,2
3981,3
3982,3
3983,9
3984,6
3985,1
3986,8
3987,3
3988,1
3989,6
3990,10
3991,7
3992,1
3993,1
3994,2
3995,2
3996,4
3997,5
3998,2
3999,4
4000,6
4001,3
4002,1
4003,3
4004,5
4005,7
4006,1
4007,1
4008,1
4009,4
4010,1
4011,1
4012,1
4013,1
4014,3
4015,6
4016,2
4017,1
4018,1
4019,1
4020,2
4021,1
4022,7
4023,2
4024,5
4025,2
4026,4
4027,9
4028,2
4029,1
4030,4
4031,2
4032,10
4033,2
4034,11
4035,3
4036,3
4037,2
4038,6
4039,12
4040,2
4041,1
4042,1
4043,3
4044,4
4045,3
4046,1
4047,3
4048,6
4049,18
4050,1
4051,9
4052,1
4053,1
4054,2
4055,4
4056,3
4057,6
4058,10
4059,23
4060,4
4061,13
4062,3
4063,10
4064,9
4065,1
4066,5
4067,2
4068,2
4069,6
4070,2
4071,1
4072,6
4073,11
4074,1
4075,8
4076,7
4077,5
4078,1
4079,2
4080,1
4081,4
4082,1
4083,4
4084,3
4085,2
4086,1
4087,3
4088,5
4089,9
4090,5
4091,1
4092,3
4093,2
4094,3
4095,7
4096,6
4097,8
4098,10
4099,5
4100,1
4101,1
4102,12
4103,6
4104,2
4105,2
4106,4
4107,7
4108,11
4109,6
4110,4
4111,1
4112,2
4113,1
4114,1
4115,2
4116,1
4117,1
4118,4
4119,2
4120,2
4121,4
4122,2
4123,3
4124,7
4125,4
4126,11
4127,1
4128,1
4129,2
4130,8
4131,3
4132,8
4133,4
4134,9
4135,2
4136,3
4137,9
4138,7
4139,1
4140,4
4141,1
4142,3
4143,7
4144,1
4145,6
4146,2
4147,3
4148,4
4149,1
4150,6
4151,3
4152,1
4153,5
4154,5
4155,5
4156,2
4157,8
4158,4
4159,13
4160,1
4161,2
4162,1
4163,2
4164,3
4165,1
4166,4
4167,5
4168,8
4169,7
4170,5
4171,5
4172,16
4173,3
4174,4
4175,2
4176,7
4177,2
4178,8
4179,7
4180,7
4181,1
4182,5
4183,4
4184,7
4185,8
4186,10
4187,8
4188,12
4189,2
4190,3
4191,3
4192,5
4193,11
4194,10
4195,26
4196,4
4197,1
4198,12
4199,6
4200,3
4201,1
4202,18
4203,16
4204,10
4205,1
4206,1
4207,2
4208,1
4209,8
4210,1
4211,12
4212,22
4213,9
4214,3
4215,10
4216,11
4217,7
4218,5
4219,14
4220,5
4221,5
4222,6
4223,8
4224,4
4225,1
4226,11
4227,5
4228,3
4229,3
4230,2
4231,4
4232,6
4233,2
4234,8
4235,4
4236,13
4237,3
4238,2
4239,10
4240,3
4241,3
4242,2
4243,8
4244,7
4245,6
4246,5
4247,3
4248,2
4249,5
4250,2
4251,3
4252,2
4253,4
4254,6
4255,10
4256,2
4257,2
4258,4
4259,11
4260,6
4261,1
4262,3
4263,6
4264,3
4265,6
4266,2
4267,1
4268,1
4269,3
4270,7
4271,1
4272,4
4273,1
4274,2
4275,2
4276,7
4277,1
4278,4
4279,2
4280,4
4281,1
4282,2
4283,3
4284,10
4285,1
4286,1
4287,5
4288,5
4289,2
4290,1
4291,1
4292,2
4293,2
4294,1
4295,2
4296,2
4297,7
4298,1
4299,2
4300,5
4301,2
4302,1
4303,1
4304,1
4305,1
4306,2
4307,2
4308,8
4309,1
4310,3
4311,2
4312,11
4313,10
4314,1
4315,1
4316,1
4317,1
4318,3
4319,3
4320,2
4321,5
4322,1
4323,15
4324,4
4325,12
4326,4
4327,5
4328,1
4329,10
4330,2
4331,1
4332,5
4333,2
4334,4
4335,5
4336,2
4337,4
4338,2
4339,1
4340,6
4341,1
4342,3
4343,16
4344,8
4345,1
4346,6
4347,1
4348,2
4349,4
4350,4
4351,4
4352,3
4353,2
4354,2
4355,1
4356,9
4357,2
4358,8
4359,7
4360,1
4361,2
4362,1
4363,6
4364,1
4365,1
4366,4
4367,2
4368,5
4369,2
4370,3
4371,1
4372,2
4373,4
4374,1
4375,3
4376,3
4377,1
4378,1
4379,1
4380,3
4381,1
4382,6
4383,2
4384,1
4385,4
4386,5
4387,1
4388,8
4389,1
4390,2
4391,4
4392,1
4393,4
4394,1
4395,3
4396,8
4397,10
4398,2
4399,17
4400,4
4401,4
4402,5
4403,4
4404,1
4405,5
4406,1
4407,7
4408,7
4409,1
4410,1
4411,5
4412,3
4413,8
4414,3
4415,5
4416,2
4417,3
4418,2
4419,5
4420,3
4421,6
4422,6
4423,1
4424,1
4425,6
4426,1
4427,9
4428,2
4429,6
4430,3
4431,10
4432,3
4433,1
4434,1
4435,4
4436,4
4437,1
4438,10
4439,1
4440,2
4441,3
4442,1
4443,1
4444,2
4445,7
4446,2
4447,2
4448,3
4449,1
4450,2
4451,5
4452,4
4453,1
4454,1
4455,1
4456,2
4457,4
4458,1
4459,1
4460,1
4461,1
4462,6
4463,1
4464,1
4465,2
4466,1
4467,2
4468,9
4469,3
4470,4
4471,1
4472,6
4473,1
4474,3
4475,3
4476,6
4477,1
4478,9
4479,2
4480,1
4481,4
4482,4
4483,3
4484,2
4485,1
4486,1
4487,2
4488,2
4489,1
4490,8
4491,3
4492,1
4493,2
4494,3
4495,1
4496,1
4497,1
4498,1
4499,10
4500,2
4501,5
4502,10
4503,10
4504,2
4505,5
4506,3
4507,1
4508,2
4509,4
4510,3
4511,10
4512,1
4513,7
4514,1
4515,2
4516,1
4517,11
4518,4
4519,3
4520,3
4521,11
4522,1
4523,1
4524,3
4525,7
4526,1
4527,6
4528,3
4529,7
4530,6
4531,1
4532,4
4533,2
4534,2
4535,1
4536,2
4537,4
4538,1
4539,3
4540,6
4541,4
4542,9
4543,5
4544,1
4545,1
4546,5
4547,3
4548,1
4549,8
4550,3
4551,2
4552,3
4553,1
4554,1
4555,2
4556,1
4557,1
4558,1
4559,1
4560,5
4561,1
4562,5
4563,1
4564,3
4565,1
4566,1
4567,6
4568,2
4569,1
4570,3
4571,1
4572,7
4573,2
4574,2
4575,2
4576,2
4577,3
4578,16
4579,2
4580,2
4581,2
4582,5
4583,2
4584,1
4585,4
4586,3
4587,2
4588,2
4589,1
4590,2
4591,1
4592,9
4593,3
4594,1
4595,10
4596,1
4597,1
4598,4
4599,3
4600,3
4601,5
4602,3
4603,4
4604,7
4605,1
4606,10
4607,8
4608,1
4609,2
4610,2
4611,2
4612,7
4613,4
4614,2
4615,3
4616,8
4617,3
4618,4
4619,5
4620,5
4621,4
4622,5
4623,8
4624,4
4625,13
4626,1
4627,4
4628,6
4629,10
4630,16
4631,8
4632,8
4633,12
4634,38
4635,9
4636,19
4637,24
4638,2
4639,18
4640,6
4641,3
4642,3
4643,9
4644,10
4645,2
4646,2
4647,5
4648,3
4649,4
4650,2
4651,12
4652,20
4653,13
4654,1
4655,21
4656,11
4657,16
4658,2
4659,4
4660,1
4661,24
4662,2
4663,1
4664,1
4665,4
4666,3
4667,16
4668,4
4669,4
4670,13
4671,1
4672,13
4673,8
4674,6
4675,6
4676,4
4677,3
4678,2
4679,13
4680,3
4681,10
4682,24
4683,8
4684,2
4685,10
4686,9
4687,17
4688,3
4689,3
4690,1
4691,7
4692,4
4693,7
4694,13
4695,11
4696,4
4697,7
4698,13
4699,22
4700,5
4701,12
4702,1
4703,2
4704,3
4705,1
4706,4
4707,2
4708,4
4709,8
4710,7
4711,2
4712,3
4713,7
4714,1
4715,1
4716,12
4717,10
4718,3
4719,1
4720,9
4721,2
4722,4
4723,10
4724,1
4725,5
4726,6
4727,7
4728,22
4729,9
4730,7
4731,4
4732,2
4733,6
4734,1
4735,1
4736,3
4737,2
4738,8
4739,6
4740,4
4741,3
4742,6
4743,7
4744,1
4745,24
4746,1
4747,1
4748,1
4749,3
4750,5
4751,4
4752,4
4753,1
4754,11
4755,7
4756,4
4757,1
4758,6
4759,2
4760,1
4761,8
4762,4
4763,2
4764,16
4765,2
4766,4
4767,1
4768,4
4769,3
4770,19
4771,18
4772,9
4773,17
4774,4
4775,7
4776,5
4777,6
4778,1
4779,2
4780,6
4781,14
4782,6
4783,2
4784,1
4785,2
4786,18
4787,8
4788,1
4789,1
4790,3
4791,4
4792,7
4793,6
4794,1
4795,2
4796,5
4797,13
4798,7
4799,1
4800,5
4801,7
4802,4
4803,9
4804,8
4805,4
4806,10
4807,2
4808,1
4809,1
4810,9
4811,3
4812,6
4813,10
4814,3
4815,8
4816,3
4817,38
4818,4
4819,3
4820,14
4821,31
4822,3
4823,20
4824,5
4825,7
4826,5
4827,23
4828,4
4829,22
4830,6
4831,2
4832,12
4833,13
4834,4
4835,3
4836,3
4837,3
4838,21
4839,8
4840,1
4841,7
4842,1
4843,1
4844,8
4845,3
4846,3
4847,12
4848,2
4849,14
4850,2
4851,9
4852,1
4853,15
4854,4
4855,13
4856,11
4857,8
4858,2
4859,4
4860,4
4861,4
4862,1
4863,1
4864,10
4865,22
4866,5
4867,2
4868,9
4869,11
4870,33
4871,1
4872,5
4873,5
4874,5
4875,9
4876,1
4877,6
4878,2
4879,9
4880,12
4881,6
4882,13
4883,1
4884,2
4885,2
4886,1
4887,2
4888,8
4889,13
4890,1
4891,2
4892,2
4893,2
4894,5
4895,4
4896,2
4897,1
4898,1
4899,3
4900,4
4901,6
4902,1
4903,4
4904,2
4905,4
4906,3
4907,2
4908,2
4909,2
4910,1
4911,3
4912,1
4913,2
4914,4
4915,2
4916,5
4917,3
4918,1
4919,6
4920,1
4921,4
4922,1
4923,1
4924,4
4925,3
4926,5
4927,1
4928,3
4929,4
4930,2
4931,4
4932,2
4933,2
4934,3
4935,1
4936,1
4937,1
4938,2
4939,1
4940,1
4941,1
4942,1
4943,9
4944,2
4945,2
4946,5
4947,1
4948,1
4949,1
4950,1
4951,2
4952,8
4953,6
4954,1
4955,2
4956,7
4957,6
4958,8
4959,3
4960,1
4961,2
4962,6
4963,1
4964,1
4965,3
4966,4
4967,1
4968,3
4969,2
4970,10
4971,2
4972,1
4973,15
4974,1
4975,2
4976,1
4977,4
4978,2
4979,5
4980,3
4981,1
4982,3
4983,1
4984,2
4985,1
4986,1
4987,3
4988,2
4989,2
4990,1
4991,1
4992,2
4993,1
4994,8
4995,1
4996,1
4997,1
4998,4
4999,3
5000,1
5001,5
5002,2
5003,4
5004,7
5005,1
5006,4
5007,6
5008,3
5009,7
5010,1
5011,2
5012,3
5013,1
5014,5
5015,1
5016,2
5017,2
5018,2
5019,1
5020,4
5021,1
5022,1
5023,1
5024,3
5025,2
5026,2
5027,2
5028,2
5029,3
5030,2
5031,3
5032,1
5033,6
5034,1
5035,3
5036,1
5037,1
5038,4
5039,3
5040,3
5041,4
5042,1
5043,1
5044,3
5045,5
5046,3
5047,12
5048,9
5049,2
5050,5
5051,4
5052,2
5053,5
5054,4
5055,1
5056,1
5057,3
5058,3
5059,3
5060,3
5061,2
5062,3
5063,3
5064,3
5065,2
5066,5
5067,6
5068,1
5069,1
5070,2
5071,3
5072,1
5073,5
5074,6
5075,3
5076,2
5077,5
5078,1
5079,1
5080,8
5081,1
5082,5
5083,8
5084,1
5085,5
5086,5
5087,1
5088,5
5089,5
5090,7
5091,1
5092,1
5093,5
5094,1
5095,3
5096,1
5097,4
5098,1
5099,2
5100,1
5101,1
5102,4
5103,1
5104,4
5105,2
5106,2
5107,1
5108,6
5109,2
5110,3
5111,1
5112,2
5113,4
5114,3
5115,5
5116,1
5117,1
5118,1
5119,1
5120,1
5121,2
5122,1
5123,1
5124,6
5125,1
5126,1
5127,3
5128,1
5129,2
5130,3
5131,1
5132,3
5133,1
5134,2
5135,1
5136,2
5137,6
5138,3
5139,3
5140,8
5141,6
5142,6
5143,2
5144,1
5145,6
5146,5
5147,3
5148,1
5149,8
5150,3
5151,4
5152,7
5153,3
5154,1
5155,3
5156,10
5157,6
5158,1
5159,1
5160,1
5161,5
5162,4
5163,10
5164,7
5165,2
5166,1
5167,1
5168,1
5169,4
5170,3
5171,6
5172,2
5173,2
5174,3
5175,2
5176,2
5177,2
5178,13
5179,6
5180,1
5181,1
5182,2
5183,1
5184,2
5185,1
5186,2
5187,6
5188,1
5189,1
5190,1
5191,6
5192,1
5193,3
5194,2
5195,2
5196,1
5197,2
5198,2
5199,1
5200,2
5201,2
5202,4
5203,1
5204,1
5205,1
5206,2
5207,3
5208,3
5209,3
5210,3
5211,1
5212,3
5213,1
5214,3
5215,2
5216,1
5217,4
5218,1
5219,2
5220,3
5221,1
5222,1
5223,6
5224,4
5225,2
5226,3
5227,2
5228,8
5229,4
5230,2
5231,2
5232,2
5233,3
5234,6
5235,4
5236,4
5237,4
5238,2
5239,2
5240,1
5241,2
5242,2
5243,1
5244,4
5245,3
5246,4
5247,1
5248,1
5249,1
5250,4
5251,3
5252,5
5253,1
5254,3
5255,8
5256,3
5257,1
5258,3
5259,7
5260,11
5261,2
5262,3
5263,7
5264,6
5265,5
5266,6
5267,2
5268,1
5269,3
5270,1
5271,2
5272,2
5273,2
5274,1
5275,2
5276,2
5277,2
5278,1
5279,7
5280,1
5281,2
5282,7
5283,1
5284,4
5285,3
5286,3
5287,1
5288,2
5289,1
5290,3
5291,2
5292,4
5293,1
5294,1
5295,1
5296,1
5297,4
5298,3
5299,4
5300,2
5301,5
5302,9
5303,1
5304,1
5305,1
5306,1
5307,12
5308,3
5309,5
5310,2
5311,4
5312,1
5313,5
5314,5
5315,7
5316,1
5317,2
5318,3
5319,2
5320,1
5321,10
5322,1
5323,2
5324,1
5325,2
5326,3
5327,4
5328,2
5329,9
5330,5
5331,2
5332,1
5333,2
5334,3
5335,4
5336,3
5337,4
5338,1
5339,8
5340,5
5341,3
5342,2
5343,2
5344,1
5345,4
5346,3
5347,1
5348,3
5349,3
5350,10
5351,9
5352,6
5353,5
5354,1
5355,2
5356,1
5357,7
5358,1
5359,1
5360,1
5361,10
5362,2
5363,3
5364,4
5365,6
5366,6
5367,4
5368,1
5369,4
5370,6
5371,3
5372,5
5373,3
5374,2
5375,1
5376,4
5377,5
5378,2
5379,7
5380,1
5381,2
5382,2
5383,1
5384,4
5385,3
5386,1
5387,5
5388,1
5389,5
5390,2
5391,1
5392,1
5393,4
5394,5
5395,2
5396,1
5397,2
5398,3
5399,2
5400,2
5401,5
5402,2
5403,2
5404,2
5405,4
5406,1
5407,1
5408,3
5409,2
5410,5
5411,5
5412,1
5413,1
5414,4
5415,2
5416,1
5417,2
5418,4
5419,2
5420,2
5421,3
5422,10
5423,3
5424,1
5425,2
5426,3
5427,8
5428,2
5429,1
5430,8
5431,2
5432,6
5433,3
5434,3
5435,2
5436,4
5437,2
5438,2
5439,5
5440,2
5441,3
5442,1
5443,1
5444,3
5445,1
5446,4
5447,2
5448,1
5449,1
5450,1
5451,3
5452,2
5453,2
5454,4
5455,1
5456,2
5457,8
5458,2
5459,2
5460,1
5461,1
5462,6
5463,6
5464,2
5465,1
5466,1
5467,1
5468,2
5469,1
5470,4
5471,1
5472,3
5473,2
5474,1
5475,1
5476,2
5477,2
5478,1
5479,1
5480,5
5481,2
5482,2
5483,2
5484,1
5485,1
5486,3
5487,2
5488,10
5489,2
5490,6
5491,7
5492,1
5493,3
5494,5
5495,5
5496,3
5497,1
5498,2
5499,10
5500,1
5501,1
5502,2
5503,7
5504,2
5505,3
5506,1
5507,6
5508,7
5509,1
5510,1
5511,3
5512,2
5513,4
5514,6
5515,2
5516,2
5517,1
5518,1
5519,6
5520,2
5521,2
5522,3
5523,2
5524,1
5525,2
5526,4
5527,1
5528,1
5529,1
5530,2
5531,3
5532,1
5533,1
5534,8
5535,2
5536,7
5537,5
5538,2
5539,1
5540,5
5541,1
5542,3
5543,1
5544,1
5545,2
5546,1
5547,3
5548,1
5549,3
5550,3
5551,6
5552,1
5553,1
5554,4
5555,1
5556,1
5557,2
5558,1
5559,2
5560,1
5561,4
5562,2
5563,6
5564,1
5565,1
5566,1
5567,1
5568,1
5569,1
5570,4
5571,2
5572,1
5573,5
5574,1
5575,3
5576,2
5577,1
5578,1
5579,5
5580,5
5581,1
5582,4
5583,11
5584,3
5585,1
5586,3
5587,5
5588,3
5589,4
5590,1
5591,2
5592,1
5593,1
5594,1
5595,2
5596,1
5597,6
5598,1
5599,2
5600,2
5601,2
5602,4
5603,2
5604,1
5605,1
5606,1
5607,5
5608,11
5609,1
5610,4
5611,5
5612,4
5613,3
5614,3
5615,3
5616,3
5617,8
5618,2
5619,2
5620,2
5621,3
5622,3
5623,4
5624,16
5625,8
5626,3
5627,5
5628,3
5629,1
5630,1
5631,9
5632,5
5633,3
5634,4
5635,10
5636,2
5637,7
5638,3
5639,10
5640,5
5641,17
5642,1
5643,3
5644,1
5645,5
5646,2
5647,10
5648,1
5649,4
5650,7
5651,2
5652,4
5653,6
5654,5
5655,6
5656,18
5657,1
5658,3
5659,9
5660,1
5661,6
5662,2
5663,1
5664,7
5665,4
5666,6
5667,6
5668,4
5669,5
5670,10
5671,4
5672,8
5673,9
5674,8
5675,6
5676,5
5677,3
5678,8
5679,9
5680,2
5681,2
5682,4
5683,1
5684,3
5685,4
5686,11
5687,5
5688,2
5689,8
5690,5
5691,2
5692,4
5693,7
5694,10
5695,4
5696,6
5697,1
5698,16
5699,5
5700,8
5701,2
5702,4
5703,1
5704,4
5705,7
5706,8
5707,18
5708,8
5709,5
5710,1
5711,4
5712,11
5713,3
5714,10
5715,7
5716,1
5717,23
5718,6
5719,28
5720,3
5721,1
5722,10
5723,10
5724,3
5725,13
5726,2
5727,8
5728,8
5729,6
5730,19
5731,7
5732,17
5733,7
5734,1
5735,6
5736,4
5737,8
5738,67
5739,4
5740,13
5741,7
5742,9
5743,28
5744,2
5745,4
5746,15
5747,5
5748,9
5749,2
5750,5
5751,1
5752,6
5753,6
5754,18
5755,3
5756,21
5757,23
5758,26
5759,9
5760,12
5761,6
5762,6
5763,15
5764,4
5765,19
5766,4
5767,41
5768,2
5769,9
5770,6
5771,10
5772,17
5773,35
5774,11
5775,9
5776,4
5777,10
5778,1
5779,7
5780,13
5781,1
5782,9
5783,3
5784,1
5785,9
5786,5
5787,7
5788,7
5789,14
5790,24
5791,5
5792,4
5793,5
5794,6
5795,3
5796,5
5797,4
5798,1
5799,2
5800,4
5801,1
5802,1
5803,1
5804,1
5805,1
5806,1
5807,4
5808,7
5809,3
5810,2
5811,3
5812,6
5813,2
5814,3
5815,1
5816,3
5817,6
5818,1
5819,1
5820,1
5821,2
5822,1
5823,1
5824,2
5825,2
5826,6
5827,1
5828,1
5829,1
5830,1
5831,3
5832,4
5833,1
5834,5
5835,2
5836,2
5837,1
5838,1
5839,4
5840,6
5841,4
5842,3
5843,1
5844,1
5845,4
5846,1
5847,1
5848,5
5849,1
5850,1
5851,9
5852,4
5853,3
5854,4
5855,1
5856,2
5857,2
5858,2
5859,1
5860,3
5861,5
5862,4
5863,3
5864,8
5865,2
5866,9
5867,1
5868,7
5869,2
5870,7
5871,1
5872,2
5873,2
5874,2
5875,6
5876,1
5877,1
5878,4
5879,1
5880,2
5881,4
5882,5
5883,2
5884,4
5885,1
5886,1
5887,2
5888,2
5889,2
5890,3
5891,6
5892,2
5893,1
5894,1
5895,1
5896,1
5897,3
5898,4
5899,1
5900,1
5901,5
5902,2
5903,2
5904,2
5905,2
5906,2
5907,1
5908,1
5909,4
5910,2
5911,5
5912,2
5913,1
5914,5
5915,2
5916,1
5917,7
5918,1
5919,4
5920,3
5921,2
5922,3
5923,8
5924,2
5925,2
5926,1
5927,2
5928,2
5929,4
5930,1
5931,1
5932,3
5933,1
5934,4
5935,9
5936,1
5937,2
5938,3
5939,1
5940,2
5941,1
5942,1
5943,3
5944,1
5945,2
5946,1
5947,3
5948,2
5949,3
5950,1
5951,1
5952,3
5953,2
5954,2
5955,3
5956,2
5957,3
5958,2
5959,1
5960,3
5961,2
5962,3
5963,2
5964,1
5965,1
5966,2
5967,1
5968,2
5969,3
5970,2
5971,4
5972,1
5973,7
5974,4
5975,3
5976,1
5977,1
5978,5
5979,14
5980,3
5981,6
5982,3
5983,2
5984,10
5985,1
5986,2
5987,2
5988,2
5989,3
5990,2
5991,7
5992,2
5993,1
5994,5
5995,3
5996,2
5997,3
5998,1
5999,5
6000,10
6001,4
6002,2
6003,3
6004,4
6005,9
6006,1
6007,2
6008,4
6009,6
6010,2
6011,4
6012,1
6013,2
6014,1
6015,6
6016,1
6017,1
6018,2
6019,1
6020,3
6021,1
6022,1
6023,4
6024,7
6025,2
6026,1
6027,6
6028,4
6029,1
6030,1
6031,3
6032,1
6033,1
6034,5
6035,2
6036,2
6037,1
6038,10
6039,1
6040,2
6041,1
6042,1
6043,2
6044,2
6045,2
6046,4
6047,1
6048,1
6049,2
6050,1
6051,4
6052,3
6053,9
6054,5
6055,1
6056,2
6057,3
6058,2
6059,1
6060,11
6061,4
6062,7
6063,1
6064,1
6065,4
6066,14
6067,2
6068,1
6069,3
6070,5
6071,2
6072,5
6073,5
6074,6
6075,1
6076,6
6077,15
6078,7
6079,4
6080,2
6081,4
6082,4
6083,1
6084,1
6085,1
6086,2
6087,3
6088,7
6089,1
6090,2
6091,2
6092,8
6093,1
6094,3
6095,1
6096,1
6097,9
6098,4
6099,6
6100,14
6101,3
6102,10
6103,4
6104,6
6105,1
6106,1
6107,2
6108,4
6109,3
6110,1
6111,2
6112,18
6113,2
6114,1
6115,14
6116,6
6117,7
6118,5
6119,1
6120,4
6121,4
6122,6
6123,11
6124,3
6125,6
6126,5
6127,11
6128,6
6129,3
6130,5
6131,2
6132,7
6133,3
6134,4
6135,4
6136,2
6137,1
6138,1
6139,1
6140,3
6141,1
6142,1
6143,3
6144,7
6145,3
6146,8
6147,4
6148,2
6149,2
6150,5
6151,3
6152,1
6153,5
6154,1
6155,2
6156,1
6157,1
6158,3
6159,1
6160,2
6161,1
6162,1
6163,2
6164,2
6165,2
6166,1
6167,4
6168,3
6169,1
6170,1
6171,1
6172,1
6173,2
6174,3
6175,6
6176,7
6177,1
6178,1
6179,1
6180,1
6181,2
6182,1
6183,2
6184,2
6185,1
6186,4
6187,2
6188,2
6189,1
6190,1
6191,1
6192,1
6193,1
6194,1
6195,1
6196,1
6197,2
6198,1
6199,1
6200,1
6201,3
6202,1
6203,1
6204,1
6205,1
6206,2
6207,1
6208,3
6209,1
6210,5
6211,1
6212,2
6213,1
6214,1
6215,2
6216,3
6217,1
6218,1
6219,1
6220,1
6221,1
6222,2
6223,2
6224,3
6225,2
6226,3
6227,4
6228,1
6229,1
6230,1
6231,4
6232,2
6233,1
6234,1
6235,1
6236,1
6237,2
6238,1
6239,1
6240,3
6241,7
6242,1
6243,7
6244,1
6245,1
6246,2
6247,3
6248,1
6249,6
6250,1
6251,1
6252,3
6253,1
6254,1
6255,6
6256,1
6257,3
6258,2
6259,2
6260,2
6261,2
6262,3
6263,1
6264,9
6265,1
6266,2
6267,7
6268,2
6269,1
6270,9
6271,2
6272,1
6273,1
6274,2
6275,1
6276,2
6277,2
6278,2
6279,3
6280,1
6281,4
6282,1
6283,1
6284,3
6285,1
6286,1
6287,3
6288,3
6289,2
6290,1
6291,6
6292,1
6293,2
6294,2
6295,6
6296,2
6297,3
6298,1
6299,1
6300,2
6301,4
6302,2
6303,12
6304,5
6305,1
6306,1
6307,1
6308,5
6309,2
6310,3
6311,4
6312,4
6313,6
6314,1
6315,6
6316,8
6317,3
6318,1
6319,5
6320,3
6321,2
6322,1
6323,1
6324,2
6325,2
6326,4
6327,1
6328,1
6329,1
6330,3
6331,1
6332,1
6333,1
6334,3
6335,1
6336,2
6337,2
6338,4
6339,3
6340,2
6341,1
6342,6
6343,2
6344,7
6345,4
6346,5
6347,3
6348,1
6349,5
6350,2
6351,2
6352,1
6353,1
6354,1
6355,4
6356,3
6357,3
6358,1
6359,1
6360,1
6361,3
6362,5
6363,2
6364,1
6365,3
6366,7
6367,4
6368,1
6369,3
6370,9
6371,3
6372,1
6373,1
6374,8
6375,7
6376,2
6377,2
6378,2
6379,1
6380,4
6381,4
6382,1
6383,1
6384,4
6385,3
6386,1
6387,6
6388,4
6389,3
6390,4
6391,6
6392,5
6393,10
6394,4
6395,1
6396,3
6397,2
6398,3
6399,4
6400,6
6401,4
6402,1
6403,4
6404,2
6405,1
6406,2
6407,5
6408,5
6409,2
6410,6
6411,4
6412,3
6413,3
6414,2
6415,1
6416,2
6417,11
6418,2
6419,1
6420,1
6421,8
6422,4
6423,1
6424,1
6425,2
6426,4
6427,1
6428,1
6429,3
6430,6
6431,5
6432,6
6433,3
6434,4
6435,2
6436,1
6437,1
6438,1
6439,3
6440,4
6441,10
6442,1
6443,2
6444,4
6445,4
6446,1
6447,1
6448,4
6449,1
6450,3
6451,1
6452,7
6453,2
6454,5
6455,2
6456,3
6457,5
6458,1
6459,2
6460,1
6461,3
6462,1
6463,1
6464,3
6465,2
6466,2
6467,3
6468,5
6469,1
6470,3
6471,2
6472,3
6473,4
6474,1
6475,2
6476,7
6477,2
6478,3
6479,1
6480,4
6481,10
6482,1
6483,1
6484,1
6485,3
6486,3
6487,5
6488,4
6489,2
6490,7
6491,6
6492,5
6493,5
6494,5
6495,6
6496,1
6497,3
6498,3
6499,4
6500,1
6501,4
6502,5
6503,9
6504,9
6505,3
6506,1
6507,2
6508,1
6509,1
6510,1
6511,4
6512,4
6513,1
6514,1
6515,2
6516,4
6517,1
6518,3
6519,2
6520,2
6521,1
6522,1
6523,1
6524,3
6525,2
6526,2
6527,7
6528,2
6529,1
6530,2
6531,3
6532,3
6533,1
6534,4
6535,6
6536,3
6537,4
6538,3
6539,2
6540,5
6541,1
6542,4
6543,1
6544,1
6545,11
6546,3
6547,2
6548,1
6549,3
6550,8
6551,3
6552,3
6553,1
6554,9
6555,3
6556,3
6557,2
6558,5
6559,9
6560,4
6561,1
6562,3
6563,5
6564,2
6565,3
6566,3
6567,2
6568,2
6569,6
6570,2
6571,2
6572,2
6573,1
6574,1
6575,3
6576,1
6577,1
6578,2
6579,3
6580,1
6581,4
6582,3
6583,1
6584,4
6585,2
6586,1
6587,1
6588,2
6589,5
6590,2
6591,9
6592,4
6593,1
6594,2
6595,1
6596,3
6597,2
6598,1
6599,1
6600,2
6601,2
6602,4
6603,4
6604,5
6605,4
6606,1
6607,2
6608,8
6609,3
6610,1
6611,4
6612,1
6613,4
6614,3
6615,3
6616,1
6617,1
6618,1
6619,2
6620,2
6621,2
6622,5
6623,1
6624,1
6625,7
6626,5
6627,4
6628,1
6629,5
6630,1
6631,5
6632,1
6633,2
6634,2
6635,1
6636,6
6637,3
6638,13
6639,4
6640,4
6641,5
6642,1
6643,2
6644,5
6645,2
6646,3
6647,4
6648,1
6649,11
6650,3
6651,3
6652,1
6653,7
6654,5
6655,6
6656,2
6657,4
6658,1
6659,5
6660,7
6661,3
6662,1
6663,2
6664,2
6665,1
6666,1
6667,2
6668,1
6669,3
6670,6
6671,11
6672,1
6673,4
6674,2
6675,4
6676,2
6677,4
6678,3
6679,6
6680,3
6681,2
6682,6
6683,5
6684,1
6685,8
6686,2
6687,12
6688,1
6689,3
6690,3
6691,2
6692,1
6693,1
6694,3
6695,1
6696,1
6697,3
6698,1
6699,1
6700,1
6701,1
6702,1
6703,1
6704,1
6705,1
6706,2
6707,2
6708,1
6709,2
6710,3
6711,2
6712,2
6713,1
6714,1
6715,2
6716,1
6717,6
6718,1
6719,3
6720,1
6721,5
6722,1
6723,1
6724,2
6725,2
6726,3
6727,2
6728,1
6729,2
6730,4
6731,3
6732,3
6733,1
6734,7
6735,3
6736,1
6737,3
6738,1
6739,5
6740,1
6741,4
6742,6
6743,5
6744,1
6745,2
6746,1
6747,2
6748,3
6749,2
6750,2
6751,3
6752,4
6753,3
6754,2
6755,1
6756,2
6757,2
6758,1
6759,2
6760,5
6761,1
6762,4
6763,2
6764,5
6765,1
6766,1
6767,2
6768,2
6769,2
6770,2
6771,8
6772,9
6773,4
6774,2
6775,1
6776,1
6777,1
6778,1
6779,5
6780,1
6781,2
6782,1
6783,1
6784,1
6785,2
6786,1
6787,1
6788,4
6789,2
6790,1
6791,1
6792,4
6793,4
6794,4
6795,2
6796,1
6797,3
6798,2
6799,4
6800,1
6801,1
6802,2
6803,3
6804,2
6805,1
6806,8
6807,1
6808,1
6809,2
6810,2
6811,7
6812,2
6813,7
6814,3
6815,1
6816,2
6817,4
6818,4
6819,3
6820,1
6821,4
6822,2
6823,5
6824,7
6825,3
6826,1
6827,3
6828,1
6829,2
6830,1
6831,1
6832,6
6833,2
6834,3
6835,2
6836,2
6837,2
6838,3
6839,1
6840,1
6841,1
6842,6
6843,2
6844,1
6845,8
6846,3
6847,1
6848,4
6849,2
6850,1
6851,1
6852,4
6853,2
6854,1
6855,1
6856,2
6857,1
6858,1
6859,1
6860,4
6861,1
6862,1
6863,1
6864,2
6865,1
6866,4
6867,1
6868,3
6869,2
6870,2
6871,1
6872,3
6873,5
6874,2
6875,1
6876,1
6877,2
6878,1
6879,1
6880,3
6881,3
6882,3
6883,1
6884,5
6885,3
6886,1
6887,3
6888,3
6889,1
6890,1
6891,1
6892,2
6893,2
6894,4
6895,1
6896,3
6897,1
6898,12
6899,2
6900,5
6901,2
6902,1
6903,5
6904,3
6905,9
6906,5
6907,1
6908,1
6909,5
6910,2
6911,3
6912,1
6913,4
6914,3
6915,8
6916,4
6917,6
6918,15
6919,4
6920,1
6921,1
6922,1
6923,2
6924,2
6925,1
6926,1
6927,4
6928,7
6929,2
6930,12
6931,1
6932,2
6933,1
6934,5
6935,2
6936,2
6937,3
6938,3
6939,1
6940,1
6941,1
6942,3
6943,1
6944,2
6945,3
6946,2
6947,2
6948,1
6949,1
6950,1
6951,5
6952,2
6953,2
6954,5
6955,1
6956,2
6957,1
6958,1
6959,1
6960,4
6961,2
6962,2
6963,3
6964,1
6965,1
6966,1
6967,2
6968,3
6969,1
6970,1
6971,13
6972,1
6973,5
6974,2
6975,5
6976,1
6977,4
6978,3
6979,4
6980,3
6981,2
6982,3
6983,1
6984,2
6985,10
6986,11
6987,1
6988,2
6989,10
6990,5
6991,9
6992,2
6993,3
6994,1
6995,2
6996,3
6997,4
6998,5
6999,2
7000,2
7001,1
7002,1
7003,2
7004,1
7005,2
7006,1
7007,1
7008,2
7009,2
7010,2
7011,1
7012,1
7013,3
7014,4
7015,2
7016,1
7017,4
7018,1
7019,1
7020,2
7021,1
7022,1
7023,1
7024,13
7025,1
7026,2
7027,2
7028,2
7029,3
7030,1
7031,5
7032,5
7033,2
7034,2
7035,1
7036,3
7037,1
7038,1
7039,4
7040,2
7041,3
7042,4
7043,4
7044,6
7045,1
7046,5
7047,1
7048,4
7049,5
7050,1
7051,2
7052,6
7053,1
7054,2
7055,1
7056,3
7057,1
7058,5
7059,2
7060,1
7061,5
7062,3
7063,1
7064,4
7065,2
7066,1
7067,2
7068,2
7069,2
7070,1
7071,6
7072,4
7073,1
7074,2
7075,1
7076,1
7077,1
7078,1
7079,2
7080,1
7081,1
7082,7
7083,6
7084,5
7085,4
7086,4
7087,6
7088,3
7089,3
7090,1
7091,1
7092,4
7093,1
7094,1
7095,2
7096,7
7097,2
7098,5
7099,1
7100,4
7101,1
7102,6
7103,1
7104,2
7105,2
7106,1
7107,3
7108,2
7109,3
7110,5
7111,1
7112,3
7113,2
7114,6
7115,1
7116,4
7117,5
7118,8
7119,9
7120,3
7121,1
7122,3
7123,5
7124,1
7125,2
7126,3
7127,2
7128,7
7129,3
7130,1
7131,5
7132,5
7133,3
7134,1
7135,3
7136,4
7137,3
7138,2
7139,8
7140,5
7141,3
7142,3
7143,1
7144,3
7145,6
7146,12
7147,3
7148,14
7149,1
7150,4
7151,1
7152,1
7153,3
7154,1
7155,1
7156,2
7157,7
7158,1
7159,1
7160,3
7161,1
7162,5
7163,8
7164,3
7165,2
7166,1
7167,2
7168,3
7169,3
7170,3
7171,6
7172,11
7173,1
7174,1
7175,2
7176,1
7177,4
7178,1
7179,6
7180,4
7181,2
7182,1
7183,3
7184,3
7185,4
7186,1
7187,1
7188,1
7189,1
7190,2
7191,13
7192,7
7193,1
7194,3
7195,1
7196,2
7197,1
7198,5
7199,4
7200,6
7201,13
7202,5
7203,3
7204,19
7205,8
7206,5
7207,10
7208,12
7209,1
7210,2
7211,2
7212,3
7213,3
7214,4
7215,5
7216,4
7217,5
7218,1
7219,2
7220,7
7221,3
7222,2
7223,4
7224,3
7225,4
7226,7
7227,7
7228,3
7229,7
7230,22
7231,2
7232,6
7233,6
7234,9
7235,2
7236,2
7237,3
7238,7
7239,8
7240,1
7241,1
7242,8
7243,6
7244,1
7245,4
7246,1
7247,2
7248,1
7249,1
7250,6
7251,4
7252,3
7253,1
7254,4
7255,1
7256,3
7257,1
7258,1
7259,2
7260,3
7261,3
7262,1
7263,5
7264,1
7265,2
7266,4
7267,3
7268,1
7269,2
7270,2
7271,4
7272,1
7273,4
7274,3
7275,1
7276,4
7277,1
7278,1
7279,1
7280,2
7281,4
7282,3
7283,3
7284,1
7285,1
7286,1
7287,1
7288,4
7289,1
7290,4
7291,7
7292,4
7293,1
7294,2
7295,1
7296,3
7297,2
7298,3
7299,1
7300,1
7301,1
7302,1
7303,4
7304,6
7305,1
7306,8
7307,5
7308,4
7309,12
7310,2
7311,7
7312,5
7313,4
7314,1
7315,3
7316,11
7317,2
7318,3
7319,1
7320,1
7321,1
7322,2
7323,1
7324,1
7325,2
7326,3
7327,3
7328,1
7329,3
7330,2
7331,1
7332,1
7333,1
7334,3
7335,1
7336,3
7337,6
7338,3
7339,1
7340,1
7341,2
7342,4
7343,3
7344,5
7345,7
7346,1
7347,3
7348,2
7349,4
7350,3
7351,1
7352,4
7353,2
7354,1
7355,14
7356,2
7357,8
7358,1
7359,2
7360,2
7361,2
7362,3
7363,2
7364,6
7365,4
7366,2
7367,7
7368,2
7369,1
7370,8
7371,2
7372,1
7373,1
7374,1
7375,2
7376,5
7377,2
7378,2
7379,5
7380,3
7381,2
7382,3
7383,1
7384,2
7385,1
7386,1
7387,2
7388,1
7389,1
7390,3
7391,2
7392,4
7393,2
7394,2
7395,5
7396,1
7397,3
7398,2
7399,1
7400,2
7401,4
7402,2
7403,1
7404,4
7405,3
7406,3
7407,3
7408,5
7409,8
7410,1
7411,1
7412,1
7413,2
7414,1
7415,1
7416,5
7417,6
7418,2
7419,1
7420,3
7421,1
7422,2
7423,1
7424,4
7425,2
7426,3
7427,1
7428,1
7429,5
7430,3
7431,1
7432,1
7433,9
7434,4
7435,5
7436,2
7437,2
7438,1
7439,1
7440,1
7441,3
7442,1
7443,1
7444,4
7445,2
7446,1
7447,1
7448,3
7449,2
7450,1
7451,7
7452,1
7453,2
7454,1
7455,2
7456,4
7457,1
7458,2
7459,2
7460,4
7461,10
7462,1
7463,2
7464,1
7465,6
7466,1
7467,5
7468,2
7469,10
7470,1
7471,4
7472,2
7473,1
7474,1
7475,1
7476,1
7477,1
7478,1
7479,1
7480,4
7481,1
7482,7
7483,1
7484,3
7485,1
7486,2
7487,2
7488,4
7489,2
7490,5
7491,2
7492,5
7493,1
7494,1
7495,2
7496,1
7497,3
7498,3
7499,1
7500,1
7501,2
7502,3
7503,11
7504,1
7505,1
7506,2
7507,1
7508,1
7509,3
7510,1
7511,6
7512,2
7513,3
7514,1
7515,1
7516,1
7517,4
7518,5
7519,2
7520,7
7521,5
7522,5
7523,1
7524,2
7525,7
7526,3
7527,4
7528,1
7529,5
7530,3
7531,1
7532,8
7533,3
7534,3
7535,5
7536,6
7537,9
7538,2
7539,1
7540,3
7541,7
7542,13
7543,10
7544,6
7545,16
7546,3
7547,3
7548,9
7549,2
7550,2
7551,1
7552,1
7553,1
7554,4
7555,7
7556,2
7557,6
7558,1
7559,5
7560,5
7561,8
7562,5
7563,2
7564,6
7565,5
7566,1
7567,4
7568,4
7569,5
7570,8
7571,6
7572,5
7573,2
7574,1
7575,5
7576,3
7577,1
7578,6
7579,3
7580,1
7581,3
7582,2
7583,8
7584,4
7585,2
7586,1
7587,4
7588,3
7589,7
7590,1
7591,3
7592,4
7593,3
7594,1
7595,4
7596,6
7597,1
7598,1
7599,3
7600,1
7601,1
7602,1
7603,1
7604,3
7605,1
7606,2
7607,5
7608,3
7609,2
7610,1
7611,5
7612,1
7613,1
7614,1
7615,1
7616,3
7617,5
7618,4
7619,1
7620,1
7621,1
7622,1
7623,2
7624,1
7625,6
7626,1
7627,2
7628,6
7629,1
7630,1
7631,2
7632,2
7633,1
7634,2
7635,2
7636,1
7637,2
7638,4
7639,3
7640,2
7641,1
7642,4
7643,2
7644,2
7645,5
7646,2
7647,4
7648,1
7649,2
7650,3
7651,6
7652,1
7653,3
7654,4
7655,1
7656,3
7657,1
7658,3
7659,1
7660,1
7661,2
7662,2
7663,2
7664,1
7665,1
7666,2
7667,1
7668,1
7669,2
7670,3
7671,1
7672,1
7673,1
7674,1
7675,2
7676,2
7677,1
7678,1
7679,1
7680,1
7681,2
7682,3
7683,2
7684,1
7685,4
7686,1
7687,1
7688,2
7689,1
7690,1
7691,2
7692,1
7693,1
7694,1
7695,2
7696,1
7697,2
7698,2
7699,3
7700,1
7701,3
7702,1
7703,1
7704,1
7705,1
7706,1
7707,5
7708,1
7709,1
7710,2
7711,1
7712,1
7713,4
7714,2
7715,1
7716,1
7717,1
7718,2
7719,4
7720,1
7721,1
7722,2
7723,2
7724,1
7725,1
7726,3
7727,1
7728,1
7729,2
7730,3
7731,1
7732,3
7733,1
7734,3
7735,1
7736,2
7737,1
7738,1
7739,1
7740,1
7741,1
7742,3
7743,6
7744,1
7745,1
7746,7
7747,2
7748,1
7749,3
7750,1
7751,6
7752,3
7753,5
7754,1
7755,1
7756,1
7757,3
7758,3
7759,1
7760,3
7761,4
7762,1
7763,1
7764,4
7765,1
7766,6
7767,3
7768,1
7769,1
7770,2
7771,1
7772,1
7773,1
7774,2
7775,6
7776,1
7777,2
7778,5
7779,3
7780,1
7781,1
7782,1
7783,4
7784,3
7785,2
7786,1
7787,1
7788,1
7789,2
7790,2
7791,3
7792,5
7793,2
7794,1
7795,2
7796,1
7797,4
7798,3
7799,2
7800,2
7801,7
7802,3
7803,2
7804,1
7805,3
7806,1
7807,1
7808,1
7809,2
7810,1
7811,2
7812,1
7813,2
7814,2
7815,2
7816,1
7817,1
7818,1
7819,1
7820,1
7821,3
7822,1
7823,1
7824,3
7825,1
7826,1
7827,1
7828,2
7829,3
7830,2
7831,1
7832,5
7833,3
7834,1
7835,3
7836,3
7837,1
7838,2
7839,1
7840,1
7841,1
7842,4
7843,1
7844,3
7845,4
7846,9
7847,6
7848,2
7849,1
7850,1
7851,8
7852,3
7853,1
7854,3
7855,1
7856,1
7857,2
7858,2
7859,1
7860,1
7861,3
7862,1
7863,2
7864,1
7865,5
7866,1
7867,6
7868,1
7869,3
7870,1
7871,2
7872,1
7873,1
7874,1
7875,2
7876,2
7877,3
7878,2
7879,5
7880,1
7881,3
7882,5
7883,1
7884,3
7885,1
7886,1
7887,1
7888,6
7889,1
7890,1
7891,1
7892,1
7893,2
7894,3
7895,1
7896,3
7897,1
7898,2
7899,6
7900,2
7901,1
7902,3
7903,10
7904,1
7905,1
7906,1
7907,2
7908,2
7909,4
7910,1
7911,7
7912,2
7913,5
7914,9
7915,2
7916,1
7917,5
7918,3
7919,6
7920,2
7921,2
7922,1
7923,6
7924,4
7925,2
7926,1
7927,4
7928,4
7929,1
7930,3
7931,1
7932,1
7933,1
7934,2
7935,1
7936,2
7937,2
7938,1
7939,3
7940,3
7941,2
7942,2
7943,3
7944,1
7945,1
7946,2
7947,2
7948,2
7949,11
7950,5
7951,4
7952,3
7953,2
7954,2
7955,1
7956,2
7957,2
7958,1
7959,1
7960,1
7961,1
7962,2
7963,1
7964,1
7965,1
7966,2
7967,1
7968,2
7969,2
7970,2
7971,3
7972,6
7973,6
7974,1
7975,1
7976,1
7977,1
7978,4
7979,3
7980,1
7981,4
7982,1
7983,2
7984,4
7985,2
7986,1
7987,2
7988,3
7989,1
7990,2
7991,3
7992,3
7993,1
7994,1
7995,1
7996,1
7997,1
7998,4
7999,2
8000,2
8001,1
8002,1
8003,1
8004,1
8005,1
8006,1
8007,1
8008,1
8009,1
8010,2
8011,1
8012,11
8013,3
8014,1
8015,2
8016,1
8017,1
8018,1
8019,1
8020,1
8021,2
8022,2
8023,4
8024,8
8025,4
8026,2
8027,2
8028,4
8029,3
8030,1
8031,1
8032,8
8033,6
8034,7
8035,2
8036,2
8037,1
8038,1
8039,2
8040,1
8041,1
8042,2
8043,2
8044,1
8045,2
8046,1
8047,2
8048,3
8049,3
8050,1
8051,2
8052,1
8053,3
8054,3
8055,1
8056,4
8057,1
8058,1
8059,1
8060,2
8061,2
8062,3
8063,4
8064,1
8065,1
8066,1
8067,1
8068,1
8069,1
8070,4
8071,12
8072,1
8073,5
8074,2
8075,1
8076,1
8077,4
8078,3
8079,3
8080,4
8081,2
8082,6
8083,4
8084,1
8085,1
8086,13
8087,7
8088,2
8089,6
8090,1
8091,1
8092,2
8093,9
8094,5
8095,6
8096,5
8097,3
8098,1
8099,1
8100,9
8101,3
8102,1
8103,6
8104,1
8105,1
8106,2
8107,4
8108,4
8109,1
8110,5
8111,6
8112,5
8113,1
8114,1
8115,2
8116,5
8117,2
8118,2
8119,1
8120,10
8121,2
8122,1
8123,3
8124,5
8125,1
8126,2
8127,7
8128,6
8129,2
8130,6
8131,1
8132,1
8133,2
8134,1
8135,2
8136,1
8137,2
8138,1
8139,6
8140,2
8141,1
8142,2
8143,1
8144,4
8145,3
8146,1
8147,3
8148,8
8149,2
8150,2
8151,3
8152,1
8153,1
8154,1
8155,3
8156,2
8157,1
8158,2
8159,1
8160,4
8161,2
8162,1
8163,2
8164,3
8165,4
8166,2
8167,2
8168,3
8169,1
8170,2
8171,4
8172,1
8173,2
8174,2
8175,3
8176,3
8177,3
8178,3
8179,1
8180,1
8181,2
8182,1
8183,7
8184,2
8185,2
8186,1
8187,1
8188,2
8189,1
8190,2
8191,2
8192,3
8193,3
8194,3
8195,1
8196,1
8197,7
8198,2
8199,1
8200,4
8201,4
8202,2
8203,4
8204,1
8205,3
8206,1
8207,8
8208,3
8209,1
8210,2
8211,6
8212,2
8213,1
8214,4
8215,5
8216,2
8217,9
8218,3
8219,3
8220,1
8221,2
8222,1
8223,3
8224,1
8225,2
8226,3
8227,3
8228,1
8229,1
8230,3
8231,1
8232,7
8233,4
8234,4
8235,1
8236,1
8237,3
8238,1
8239,2
8240,1
8241,2
8242,2
8243,3
8244,2
8245,5
8246,3
8247,1
8248,1
8249,1
8250,2
8251,1
8252,5
8253,3
8254,4
8255,6
8256,4
8257,5
8258,1
8259,4
8260,3
8261,1
8262,2
8263,2
8264,4
8265,1
8266,7
8267,2
8268,1
8269,1
8270,2
8271,1
8272,3
8273,1
8274,3
8275,2
8276,2
8277,1
8278,2
8279,4
8280,3
8281,7
8282,3
8283,1
8284,1
8285,2
8286,1
8287,2
8288,4
8289,3
8290,2
8291,1
8292,4
8293,4
8294,4
8295,1
8296,1
8297,4
8298,1
8299,3
8300,2
8301,1
8302,5
8303,1
8304,1
8305,1
8306,2
8307,1
8308,1
8309,2
8310,3
8311,1
8312,1
8313,1
8314,3
8315,1
8316,5
8317,1
8318,2
8319,1
8320,6
8321,3
8322,1
8323,2
8324,3
8325,3
8326,2
8327,2
8328,3
8329,6
8330,1
8331,2
8332,1
8333,2
8334,4
8335,7
8336,12
8337,4
8338,4
8339,1
8340,7
8341,2
8342,1
8343,1
8344,8
8345,3
8346,1
8347,6
8348,1
8349,6
8350,4
8351,2
8352,1
8353,1
8354,1
8355,1
8356,5
8357,1
8358,2
8359,2
8360,4
8361,3
8362,3
8363,8
8364,2
8365,3
8366,4
8367,4
8368,5
8369,3
8370,1
8371,6
8372,2
8373,1
8374,1
8375,1
8376,3
8377,1
8378,4
8379,1
8380,1
8381,1
8382,11
8383,1
8384,3
8385,2
8386,4
8387,2
8388,6
8389,1
8390,1
8391,1
8392,1
8393,3
8394,3
8395,5
8396,2
8397,5
8398,6
8399,1
8400,2
8401,3
8402,1
8403,4
8404,2
8405,4
8406,1
8407,2
8408,1
8409,1
8410,2
8411,3
8412,1
8413,3
8414,1
8415,1
8416,1
8417,4
8418,3
8419,2
8420,3
8421,2
8422,1
8423,1
8424,1
8425,1
8426,1
8427,2
8428,2
8429,1
8430,2
8431,1
8432,2
8433,2
8434,1
8435,1
8436,1
8437,1
8438,4
8439,1
8440,1
8441,3
8442,2
8443,1
8444,1
8445,1
8446,1
8447,1
8448,1
8449,1
8450,1
8451,1
8452,1
8453,2
8454,4
8455,2
8456,3
8457,2
8458,2
8459,2
8460,1
8461,1
8462,1
8463,2
8464,1
8465,1
8466,1
8467,2
8468,5
8469,2
8470,1
8471,2
8472,3
8473,2
8474,2
8475,7
8476,3
8477,1
8478,1
8479,1
8480,6
8481,1
8482,2
8483,2
8484,2
8485,4
8486,2
8487,3
8488,2
8489,1
8490,2
8491,4
8492,2
8493,2
8494,1
8495,2
8496,1
8497,1
8498,1
8499,1
8500,1
8501,1
8502,1
8503,1
8504,2
8505,5
8506,3
8507,2
8508,1
8509,2
8510,1
8511,2
8512,1
8513,5
8514,6
8515,1
8516,2
8517,2
8518,1
8519,2
8520,1
8521,1
8522,1
8523,4
8524,5
8525,1
8526,3
8527,3
8528,2
8529,2
8530,2
8531,3
8532,1
8533,1
8534,1
8535,1
8536,1
8537,1
8538,1
8539,3
8540,3
8541,3
8542,2
8543,1
8544,2
8545,1
8546,2
8547,1
8548,1
8549,2
8550,3
8551,2
8552,2
8553,1
8554,2
8555,1
8556,1
8557,2
8558,2
8559,2
8560,1
8561,2
8562,3
8563,2
8564,1
8565,2
8566,2
8567,1
8568,3
8569,1
8570,1
8571,1
8572,3
8573,4
8574,4
8575,1
8576,2
8577,2
8578,1
8579,1
8580,2
8581,1
8582,2
8583,2
8584,1
8585,1
8586,1
8587,1
8588,2
8589,1
8590,1
8591,1
8592,3
8593,3
8594,2
8595,1
8596,3
8597,1
8598,1
8599,5
8600,2
8601,1
8602,1
8603,1
8604,1
8605,1
8606,3
8607,1
8608,3
8609,4
8610,1
8611,1
8612,2
8613,2
8614,1
8615,4
8616,4
8617,1
8618,6
8619,4
8620,2
8621,2
8622,3
8623,2
8624,1
8625,1
8626,4
8627,1
8628,1
8629,1
8630,3
8631,4
8632,5
8633,6
8634,4
8635,3
8636,2
8637,6
8638,3
8639,1
8640,2
8641,1
8642,1
8643,1
8644,1
8645,1
8646,2
8647,3
8648,1
8649,5
8650,7
8651,5
8652,1
8653,1
8654,4
8655,6
8656,4
8657,2
8658,4
8659,4
8660,1
8661,2
8662,1
8663,1
8664,1
8665,1
8666,1
8667,5
8668,3
8669,2
8670,1
8671,4
8672,3
8673,2
8674,2
8675,1
8676,4
8677,1
8678,2
8679,3
8680,1
8681,4
8682,1
8683,1
8684,3
8685,1
8686,7
8687,1
8688,2
8689,5
8690,2
8691,2
8692,1
8693,4
8694,10
8695,6
8696,4
8697,2
8698,6
8699,7
8700,2
8701,4
8702,6
8703,1
8704,2
8705,2
8706,6
8707,2
8708,11
8709,8
8710,7
8711,8
8712,3
8713,1
8714,1
8715,1
8716,1
8717,2
8718,3
8719,4
8720,11
8721,3
8722,7
8723,3
8724,4
8725,2
8726,7
8727,5
8728,1
8729,1
8730,1
8731,5
8732,5
8733,3
8734,2
8735,2
8736,2
8737,8
8738,5
8739,3
8740,2
8741,8
8742,2
8743,2
8744,1
8745,3
8746,5
8747,5
8748,9
8749,11
8750,2
8751,5
8752,6
8753,4
8754,3
8755,9
8756,1
8757,2
8758,4
8759,4
8760,4
8761,3
8762,1
8763,3
8764,1
8765,1
8766,9
8767,3
8768,3
8769,3
8770,1
8771,2
8772,7
8773,4
8774,1
8775,4
8776,4
8777,9
8778,1
8779,1
8780,2
8781,4
8782,1
8783,6
8784,2
8785,5
8786,3
8787,2
8788,4
8789,2
8790,8
8791,1
8792,1
8793,16
8794,1
8795,6
8796,1
8797,4
8798,8
8799,3
8800,2
8801,3
8802,3
8803,4
8804,2
8805,2
8806,1
8807,1
8808,7
8809,4
8810,5
8811,1
8812,1
8813,1
8814,5
8815,1
8816,3
8817,3
8818,3
8819,1
8820,1
8821,5
8822,5
8823,3
8824,1
8825,3
8826,1
8827,1
8828,1
8829,1
8830,5
8831,5
8832,6
8833,2
8834,2
8835,3
8836,5
8837,3
8838,1
8839,2
8840,4
8841,1
8842,3
8843,3
8844,4
8845,1
8846,5
8847,1
8848,1
8849,3
8850,1
8851,3
8852,1
8853,1
8854,2
8855,3
8856,1
8857,1
8858,1
8859,1
8860,1
8861,1
8862,3
8863,1
8864,2
8865,3
8866,3
8867,2
8868,3
8869,1
8870,5
8871,2
8872,4
8873,4
8874,5
8875,6
8876,2
8877,1
8878,1
8879,1
8880,1
8881,3
8882,2
8883,1
8884,1
8885,2
8886,2
8887,1
8888,2
8889,5
8890,2
8891,2
8892,5
8893,1
8894,4
8895,5
8896,1
8897,1
8898,3
8899,2
8900,3
8901,3
8902,1
8903,2
8904,2
8905,4
8906,4
8907,4
8908,1
8909,5
8910,1
8911,1
8912,1
8913,5
8914,1
8915,3
8916,1
8917,1
8918,6
8919,3
8920,2
8921,3
8922,2
8923,2
8924,1
8925,2
8926,1
8927,4
8928,2
8929,2
8930,2
8931,2
8932,2
8933,2
8934,1
8935,1
8936,2
8937,6
8938,4
8939,3
8940,2
8941,2
8942,2
8943,1
8944,1
8945,2
8946,1
8947,5
8948,3
8949,6
8950,2
8951,1
8952,1
8953,5
8954,1
8955,1
8956,1
8957,1
8958,4
8959,1
8960,1
8961,2
8962,5
8963,6
8964,3
8965,2
8966,2
8967,1
8968,3
8969,1
8970,2
8971,1
8972,6
8973,1
8974,3
8975,2
8976,2
8977,3
8978,4
8979,4
8980,4
8981,5
8982,1
8983,2
8984,1
8985,4
8986,2
8987,3
8988,1
8989,1
8990,1
8991,3
8992,2
8993,2
8994,1
8995,5
8996,2
8997,1
8998,2
8999,6
9000,3
9001,7
9002,2
9003,8
9004,3
9005,6
9006,4
9007,2
9008,2
9009,1
9010,2
9011,2
9012,2
9013,5
9014,4
9015,1
9016,3
9017,6
9018,1
9019,2
9020,4
9021,7
9022,1
9023,1
9024,2
9025,1
9026,2
9027,8
9028,1
9029,1
9030,2
9031,1
9032,3
9033,3
9034,3
9035,3
9036,2
9037,1
9038,4
9039,4
9040,2
9041,1
9042,1
9043,2
9044,1
9045,1
9046,6
9047,4
9048,1
9049,1
9050,3
9051,1
9052,2
9053,3
9054,2
9055,5
9056,2
9057,2
9058,3
9059,5
9060,1
9061,2
9062,6
9063,8
9064,2
9065,2
9066,3
9067,1
9068,1
9069,1
9070,1
9071,3
9072,1
9073,3
9074,1
9075,3
9076,2
9077,1
9078,3
9079,1
9080,7
9081,1
9082,4
9083,4
9084,2
9085,4
9086,4
9087,14
9088,2
9089,3
9090,3
9091,7
9092,1
9093,1
9094,2
9095,1
9096,1
9097,1
9098,1
9099,2
9100,5
9101,1
9102,1
9103,3
9104,7
9105,4
9106,9
9107,2
9108,4
9109,1
9110,3
9111,1
9112,11
9113,3
9114,6
9115,6
9116,1
9117,3
9118,2
9119,3
9120,1
9121,9
9122,3
9123,12
9124,4
9125,12
9126,7
9127,3
9128,3
9129,3
9130,3
9131,4
9132,1
9133,3
9134,2
9135,1
9136,3
9137,5
9138,6
9139,10
9140,2
9141,2
9142,1
9143,1
9144,2
9145,6
9146,3
9147,4
9148,3
9149,2
9150,5
9151,9
9152,5
9153,5
9154,15
9155,7
9156,2
9157,9
9158,3
9159,3
9160,5
9161,2
9162,3
9163,6
9164,6
9165,3
9166,1
9167,1
9168,3
9169,1
9170,7
9171,5
9172,4
9173,4
9174,14
9175,14
9176,1
9177,3
9178,8
9179,10
9180,1
9181,6
9182,5
9183,7
9184,10
9185,4
9186,6
9187,1
9188,4
9189,12
9190,6
9191,1
9192,3
9193,1
9194,11
9195,3
9196,1
9197,6
9198,6
9199,3
9200,2
9201,2
9202,1
9203,5
9204,1
9205,8
9206,1
9207,3
9208,1
9209,7
9210,2
9211,6
9212,14
9213,5
9214,3
9215,6
9216,4
9217,7
9218,1
9219,2
9220,9
9221,6
9222,2
9223,4
9224,8
9225,6
9226,10
9227,7
9228,9
9229,4
9230,3
9231,14
9232,27
9233,5
9234,5
9235,2
9236,3
9237,2
9238,2
9239,14
9240,3
9241,9
9242,5
9243,7
9244,53
9245,2
9246,2
9247,10
9248,4
9249,10
9250,2
9251,5
9252,2
9253,17
9254,1
9255,30
9256,13
9257,1
9258,22
9259,15
9260,8
9261,28
9262,2
9263,1
9264,22
9265,15
9266,1
9267,1
9268,6
9269,6
9270,2
9271,7
9272,5
9273,2
9274,5
9275,11
9276,1
9277,27
9278,2
9279,24
9280,55
9281,2
9282,19
9283,3
9284,14
9285,16
9286,16
9287,31
9288,8
9289,12
9290,6
9291,4
9292,8
9293,2
9294,1
9295,25
9296,24
9297,14
9298,5
9299,16
9300,3
9301,29
9302,2
9303,11
9304,8
9305,17
9306,5
9307,8
9308,3
9309,6
9310,13
9311,9
9312,3
9313,4
9314,6
9315,11
9316,11
9317,14
9318,2
9319,12
9320,3
9321,13
9322,6
9323,43
9324,13
9325,2
9326,17
9327,1
9328,14
9329,4
9330,3
9331,6
9332,5
9333,17
9334,8
9335,4
9336,3
9337,6
9338,3
9339,4
9340,1
9341,10
9342,11
9343,19
9344,10
9345,7
9346,6
9347,9
9348,14
9349,6
9350,5
9351,11
9352,11
9353,1
9354,5
9355,1
9356,10
9357,3
9358,6
9359,28
9360,8
9361,4
9362,6
9363,7
9364,4
9365,6
9366,29
9367,3
9368,2
9369,7
9370,13
9371,12
9372,1
9373,15
9374,1
9375,1
9376,21
9377,15
9378,3
9379,4
9380,2
9381,7
9382,14
9383,3
9384,1
9385,2
9386,1
9387,6
9388,15
9389,12
9390,4
9391,3
9392,7
9393,6
9394,10
9395,44
9396,1
9397,13
9398,3
9399,12
9400,28
9401,9
9402,9
9403,7
9404,7
9405,24
9406,29
9407,12
9408,15
9409,8
9410,8
9411,17
9412,22
9413,26
9414,24
9415,12
9416,2
9417,1
9418,10
9419,13
9420,6
9421,8
9422,19
9423,8
9424,27
9425,4
9426,18
9427,2
9428,11
9429,3
9430,15
9431,1
9432,4
9433,31
9434,7
9435,13
9436,30
9437,5
9438,8
9439,7
9440,21
9441,57
9442,4
9443,14
9444,17
9445,8
9446,20
9447,13
9448,2
9449,8
9450,3
9451,18
9452,48
9453,11
9454,2
9455,1
9456,17
9457,3
9458,31
9459,14
9460,20
9461,21
9462,1
9463,8
9464,6
9465,28
9466,27
9467,22
9468,8
9469,3
9470,49
9471,4
9472,1
9473,14
9474,1
9475,1
9476,18
9477,22
9478,7
9479,16
9480,4
9481,3
9482,42
9483,10
9484,7
9485,12
9486,7
9487,2
9488,1
9489,7
9490,8
9491,3
9492,19
9493,3
9494,21
9495,19
9496,5
9497,7
9498,1
9499,9
9500,17
9501,29
9502,2
9503,28
9504,6
9505,3
9506,7
9507,13
9508,25
9509,1
9510,7
9511,29
9512,5
9513,20
9514,2
9515,10
9516,4
9517,20
9518,2
9519,3
9520,5
9521,12
9522,9
9523,16
9524,1
9525,2
9526,9
9527,4
9528,9
9529,1
9530,3
9531,5
9532,5
9533,7
9534,11
9535,1
9536,9
9537,3
9538,3
9539,2
9540,4
9541,4
9542,29
9543,7
9544,5
9545,10
9546,5
9547,14
9548,23
9549,1
9550,12
9551,21
9552,20
9553,4
9554,3
9555,4
9556,9
9557,4
9558,1
9559,2
9560,3
9561,3
9562,20
9563,2
9564,46
9565,2
9566,7
9567,9
9568,5
9569,7
9570,9
9571,23
9572,8
9573,4
9574,2
9575,1
9576,5
9577,1
9578,3
9579,1
9580,9
9581,1
9582,6
9583,1
9584,8
9585,9
9586,7
9587,14
9588,3
9589,11
9590,4
9591,4
9592,2
9593,11
9594,1
9595,7
9596,7
9597,1
9598,14
9599,1
9600,7
9601,9
9602,3
9603,2
9604,3
9605,1
9606,7
9607,1
9608,8
9609,1
9610,14
9611,2
9612,5
9613,1
9614,5
9615,2
9616,4
9617,2
9618,2
9619,10
9620,2
9621,2
9622,1
9623,1
9624,1
9625,1
9626,12
9627,2
9628,1
9629,5
9630,5
9631,1
9632,2
9633,1
9634,3
9635,3
9636,4
9637,4
9638,3
9639,1
9640,1
9641,1
9642,5
9643,1
9644,3
9645,2
9646,3
9647,1
9648,6
9649,5
9650,3
9651,2
9652,2
9653,1
9654,3
9655,3
9656,1
9657,2
9658,3
9659,3
9660,9
9661,2
9662,4
9663,5
9664,3
9665,5
9666,1
9667,3
9668,4
9669,6
9670,1
9671,1
9672,4
9673,1
9674,2
9675,1
9676,1
9677,10
9678,2
9679,1
9680,2
9681,2
9682,1
9683,3
9684,2
9685,7
9686,3
9687,2
9688,1
9689,8
9690,2
9691,7
9692,6
9693,3
9694,1
9695,1
9696,1
9697,4
9698,2
9699,2
9700,2
9701,2
9702,1
9703,4
9704,3
9705,3
9706,7
9707,1
9708,2
9709,4
9710,2
9711,1
9712,5
9713,5
9714,4
9715,5
9716,1
9717,1
9718,3
9719,2
9720,3
9721,1
9722,8
9723,1
9724,7
9725,1
9726,7
9727,1
9728,4
9729,2
9730,2
9731,1
9732,3
9733,10
9734,1
9735,1
9736,1
9737,1
9738,1
9739,2
9740,1
9741,7
9742,1
9743,2
9744,1
9745,9
9746,1
9747,6
9748,3
9749,11
9750,1
9751,3
9752,2
9753,3
9754,1
9755,4
9756,9
9757,2
9758,1
9759,2
9760,4
9761,3
9762,1
9763,3
9764,4
9765,5
9766,2
9767,1
9768,9
9769,1
9770,4
9771,2
9772,1
9773,3
9774,1
9775,3
9776,2
9777,1
9778,2
9779,1
9780,2
9781,8
9782,3
9783,5
9784,1
9785,4
9786,1
9787,1
9788,1
9789,7
9790,1
9791,1
9792,2
9793,2
9794,2
9795,3
9796,2
9797,8
9798,5
9799,1
9800,1
9801,4
9802,3
9803,3
9804,1
9805,1
9806,1
9807,1
9808,1
9809,4
9810,4
9811,1
9812,3
9813,1
9814,2
9815,4
9816,1
9817,1
9818,5
9819,1
9820,1
9821,1
9822,1
9823,1
9824,1
9825,2
9826,1
9827,4
9828,1
9829,1
9830,2
9831,1
9832,4
9833,1
9834,1
9835,5
9836,3
9837,3
9838,1
9839,1
9840,1
9841,3
9842,3
9843,6
9844,1
9845,1
9846,4
9847,1
9848,1
9849,3
9850,1
9851,1
9852,4
9853,4
9854,10
9855,2
9856,6
9857,3
9858,4
9859,2
9860,2
9861,8
9862,1
9863,2
9864,4
9865,2
9866,4
9867,1
9868,11
9869,3
9870,3
9871,9
9872,3
9873,2
9874,9
9875,2
9876,2
9877,2
9878,2
9879,2
9880,9
9881,10
9882,6
9883,3
9884,7
9885,1
9886,1
9887,4
9888,2
9889,3
9890,3
9891,1
9892,4
9893,3
9894,1
9895,1
9896,1
9897,2
9898,4
9899,1
9900,3
9901,1
9902,1
9903,1
9904,1
9905,5
9906,2
9907,4
9908,1
9909,1
9910,1
9911,1
9912,3
9913,4
9914,4
9915,2
9916,5
9917,5
9918,2
9919,6
9920,1
9921,2
9922,1
9923,1
9924,2
9925,4
9926,2
9927,2
9928,1
9929,1
9930,2
9931,4
9932,6
9933,5
9934,1
9935,1
9936,6
9937,5
9938,3
9939,1
9940,6
9941,6
9942,14
9943,10
9944,2
9945,5
9946,7
9947,1
9948,1
9949,8
9950,2
9951,4
9952,1
9953,1
9954,4
9955,1
9956,4
9957,7
9958,2
9959,9
9960,1
9961,4
9962,1
9963,7
9964,7
9965,5
9966,3
9967,6
9968,5
9969,1
9970,6
9971,11
9972,1
9973,6
9974,22
9975,1
9976,7
9977,1
9978,8
9979,2
9980,3
9981,1
9982,2
9983,3
9984,8
9985,3
9986,1
9987,3
9988,2
9989,5
9990,2
9991,7
9992,1
9993,2
9994,1
9995,3
9996,2
9997,3
9998,2
9999,8
10000,1
10001,2
10002,1
10003,4
10004,3
10005,3
10006,1
10007,5
10008,3
10009,1
10010,8
10011,1
10012,3
10013,1
10014,1
10015,4
10016,3
10017,2
10018,3
10019,4
10020,2
10021,1
10022,3
10023,1
10024,11
10025,6
10026,4
10027,10
10028,2
10029,5
10030,3
10031,3
10032,7
10033,2
10034,16
10035,5
10036,5
10037,4
10038,1
10039,3
10040,2
10041,2
10042,3
10043,7
10044,1
10045,1
10046,3
10047,1
10048,3
10049,1
10050,1
10051,2
10052,3
10053,2
10054,1
10055,8
10056,6
10057,3
10058,5
10059,6
10060,2
10061,9
10062,8
10063,4
10064,4
10065,2
10066,6
10067,3
10068,1
10069,1
10070,5
10071,5
10072,8
10073,2
10074,1
10075,1
10076,1
10077,4
10078,3
10079,2
10080,3
10081,8
10082,13
10083,1
10084,4
10085,1
10086,14
10087,10
10088,10
10089,4
10090,5
10091,5
10092,1
10093,2
10094,2
10095,2
10096,10
10097,2
10098,4
10099,5
10100,3
10101,4
10102,7
10103,4
10104,5
10105,4
10106,7
10107,3
10108,2
10109,10
10110,6
10111,2
10112,3
10113,1
10114,9
10115,2
10116,3
10117,2
10118,6
10119,4
10120,3
10121,1
10122,1
10123,10
10124,5
10125,19
10126,1
10127,2
10128,3
10129,4
10130,3
10131,2
10132,3
10133,2
10134,1
10135,4
10136,4
10137,3
10138,3
10139,9
10140,3
10141,6
10142,2
10143,8
10144,3
10145,9
10146,3
10147,8
10148,1
10149,14
10150,2
10151,7
10152,3
10153,6
10154,2
10155,12
10156,3
10157,1
10158,2
10159,2
10160,4
10161,1
10162,1
10163,1
10164,7
10165,1
10166,3
10167,5
10168,2
10169,1
10170,4
10171,5
10172,2
10173,4
10174,3
10175,1
10176,1
10177,14
10178,3
10179,4
10180,2
10181,7
10182,6
10183,7
10184,6
10185,1
10186,6
10187,3
10188,1
10189,6
10190,9
10191,3
10192,1
10193,1
10194,9
10195,1
10196,4
10197,10
10198,1
10199,6
10200,5
10201,4
10202,6
10203,6
10204,11
10205,3
10206,1
10207,1
10208,2
10209,8
10210,4
10211,4
10212,8
10213,6
10214,2
10215,5
10216,5
10217,2
10218,1
10219,10
10220,1
10221,3
10222,7
10223,4
10224,2
10225,2
10226,4
10227,1
10228,2
10229,2
10230,2
10231,6
10232,5
10233,8
10234,4
10235,3
10236,2
10237,6
10238,2
10239,2
10240,6
10241,7
10242,3
10243,7
10244,4
10245,3
10246,4
10247,9
10248,3
10249,2
10250,1
10251,3
10252,7
10253,3
10254,5
10255,2
10256,3
10257,5
10258,8
10259,4
10260,4
10261,2
10262,6
10263,2
10264,10
10265,2
10266,12
10267,8
10268,7
10269,3
10270,4
10271,2
10272,8
10273,8
10274,14
10275,1
10276,6
10277,1
10278,1
10279,1
10280,1
10281,4
10282,2
10283,3
10284,1
10285,2
10286,1
10287,5
10288,11
10289,9
10290,1
10291,1
10292,6
10293,9
10294,7
10295,7
10296,13
10297,5
10298,8
10299,6
10300,1
10301,2
10302,3
10303,4
10304,5
10305,2
10306,4
10307,12
10308,7
10309,3
10310,5
10311,3
10312,3
10313,10
10314,5
10315,2
10316,2
10317,1
10318,1
10319,1
10320,2
10321,4
10322,1
10323,20
10324,7
10325,3
10326,16
10327,1
10328,5
10329,1
10330,6
10331,9
10332,5
10333,4
10334,6
10335,1
10336,3
10337,7
10338,9
10339,9
10340,5
10341,3
10342,20
10343,7
10344,18
10345,11
10346,6
10347,2
10348,2
10349,2
10350,4
10351,10
10352,6
10353,12
10354,22
10355,1
10356,1
10357,4
10358,13
10359,6
10360,1
10361,8
10362,1
10363,1
10364,2
10365,28
10366,7
10367,7
10368,13
10369,3
10370,4
10371,3
10372,2
10373,1
10374,6
10375,16
10376,4
10377,5
10378,5
10379,10
10380,1
10381,26
10382,2
10383,1
10384,6
10385,3
10386,7
10387,1
10388,2
10389,8
10390,1
10391,2
10392,12
10393,6
10394,5
10395,3
10396,1
10397,1
10398,3
10399,1
10400,12
10401,1
10402,1
10403,5
10404,1
10405,2
10406,5
10407,6
10408,3
10409,2
10410,3
10411,8
10412,1
10413,1
10414,1
10415,5
10416,11
10417,13
10418,1
10419,14
10420,7
10421,24
10422,3
10423,8
10424,9
10425,19
10426,2
10427,5
10428,22
10429,10
10430,12
10431,1
10432,6
10433,33
10434,3
10435,6
10436,1
10437,24
10438,3
10439,2
10440,9
10441,4
10442,2
10443,10
10444,9
10445,18
10446,7
10447,1
10448,11
10449,4
10450,14
10451,20
10452,8
10453,11
10454,8
10455,11
10456,1
10457,1
10458,11
10459,7
10460,8
10461,1
10462,1
10463,2
10464,1
10465,2
10466,17
10467,10
10468,2
10469,3
10470,2
10471,1
10472,11
10473,3
10474,5
10475,7
10476,2
10477,6
10478,2
10479,36
10480,6
10481,1
10482,10
10483,35
10484,18
10485,5
10486,38
10487,1
10488,7
10489,36
10490,9
10491,8
10492,2
10493,4
10494,18
10495,7
10496,1
10497,4
10498,17
10499,18
10500,23
10501,9
10502,4
10503,5
10504,8
10505,1
10506,8
10507,8
10508,19
10509,39
10510,26
10511,33
10512,11
10513,12
10514,59
10515,22
10516,28
10517,14
10518,14
10519,5
10520,11
10521,16
10522,4
10523,45
10524,4
10525,4
10526,27
10527,4
10528,22
10529,7
10530,28
10531,12
10532,23
10533,4
10534,29
10535,8
10536,18
10537,43
10538,14
10539,2
10540,16
10541,5
10542,1
10543,48
10544,12
10545,2
10546,15
10547,23
10548,1
10549,32
10550,4
10551,10
10552,19
10553,10
10554,25
10555,16
10556,18
10557,8
10558,11
10559,12
10560,17
10561,3
10562,8
10563,11
10564,9
10565,12
10566,5
10567,3
10568,19
10569,7
10570,13
10571,32
10572,34
10573,1
10574,1
10575,10
10576,1
10577,14
10578,31
10579,1
10580,4
10581,19
10582,3
10583,34
10584,16
10585,16
10586,33
10587,8
10588,2
10589,25
10590,15
10591,5
10592,27
10593,4
10594,20
10595,3
10596,4
10597,12
10598,2
10599,6
10600,13
10601,5
10602,3
10603,4
10604,2
10605,4
10606,22
10607,16
10608,9
10609,1
10610,3
10611,2
10612,1
10613,4
10614,4
10615,7
10616,1
10617,1
10618,4
10619,5
10620,34
10621,9
10622,16
10623,5
10624,1
10625,17
10626,12
10627,5
10628,24
10629,5
10630,17
10631,14
10632,8
10633,3
10634,2
10635,24
10636,8
10637,1
10638,6
10639,5
10640,2
10641,1
10642,5
10643,3
10644,3
10645,1
10646,15
10647,7
10648,1
10649,12
10650,2
10651,6
10652,3
10653,1
10654,7
10655,1
10656,7
10657,11
10658,5
10659,5
10660,2
10661,7
10662,13
10663,2
10664,16
10665,2
10666,1
10667,1
10668,2
10669,9
10670,3
10671,6
10672,3
10673,1
10674,4
10675,2
10676,9
10677,17
10678,2
10679,4
10680,8
10681,2
10682,2
10683,2
10684,3
10685,1
10686,1
10687,1
10688,2
10689,3
10690,1
10691,6
10692,1
10693,1
10694,4
10695,1
10696,3
10697,3
10698,1
10699,1
10700,5
10701,1
10702,1
10703,3
10704,1
10705,5
10706,1
10707,1
10708,1
10709,1
10710,7
10711,5
10712,5
10713,1
10714,2
10715,2
10716,6
10717,8
10718,2
10719,7
10720,3
10721,1
10722,2
10723,3
10724,2
10725,4
10726,2
10727,3
10728,6
10729,2
10730,4
10731,4
10732,3
10733,2
10734,2
10735,1
10736,2
10737,2
10738,1
10739,1
10740,3
10741,2
10742,1
10743,4
10744,1
10745,1
10746,1
10747,1
10748,1
10749,2
10750,4
10751,3
10752,1
10753,1
10754,2
10755,1
10756,3
10757,1
10758,1
10759,1
10760,1
10761,1
10762,1
10763,1
10764,1
10765,1
10766,1
10767,1
10768,1
10769,2
10770,3
10771,1
10772,4
10773,2
10774,1
10775,4
10776,2
10777,2
10778,2
10779,1
10780,2
10781,4
10782,2
10783,5
10784,1
10785,1
10786,1
10787,3
10788,1
10789,1
10790,1
10791,1
10792,1
10793,1
10794,3
10795,3
10796,2
10797,2
10798,1
10799,1
10800,2
