1,2
2,6
3,6
4,5
5,13
6,1
7,5
8,5
9,2
10,9
11,4
12,3
13,9
14,4
15,3
16,2
17,2
18,1
19,1
20,6
21,2
22,1
23,4
24,3
25,10
26,3
27,5
28,2
29,4
30,3
31,4
32,1
33,7
34,9
35,3
36,3
37,3
38,6
39,3
40,8
41,3
42,1
43,1
44,2
45,11
46,3
47,4
48,4
49,3
50,7
51,1
52,3
53,6
54,9
55,2
56,1
57,3
58,4
59,15
60,2
61,11
62,1
63,5
64,2
65,2
66,7
67,1
68,2
69,2
70,3
71,9
72,3
73,3
74,1
75,3
76,9
77,1
78,3
79,3
80,3
81,10
82,2
83,3
84,6
85,2
86,4
87,6
88,1
89,4
90,7
91,2
92,2
93,3
94,4
95,5
96,5
97,1
98,5
99,12
100,1
101,7
102,3
103,6
104,6
105,5
106,1
107,9
108,6
109,4
110,3
111,5
112,4
113,5
114,5
115,2
116,4
117,6
118,1
119,10
120,4
121,4
122,3
123,1
124,2
125,4
126,5
127,6
128,3
129,3
130,4
131,1
132,3
133,9
134,2
135,7
136,5
137,4
138,1
139,2
140,9
141,5
142,3
143,13
144,3
145,4
146,3
147,2
148,1
149,1
150,7
151,1
152,4
153,5
154,1
155,1
156,5
157,9
158,2
159,5
160,1
161,6
162,3
163,1
164,3
165,8
166,2
167,4
168,1
169,11
170,4
171,4
172,5
173,2
174,10
175,12
176,8
177,4
178,5
179,2
180,12
181,11
182,2
183,3
184,2
185,2
186,4
187,3
188,10
189,2
190,3
191,2
192,4
193,4
194,2
195,3
196,2
197,1
198,2
199,4
200,7
201,3
202,2
203,12
204,5
205,13
206,1
207,4
208,5
209,5
210,3
211,2
212,8
213,3
214,4
215,2
216,11
217,7
218,2
219,1
220,1
221,1
222,4
223,5
224,1
225,5
226,7
227,10
228,4
229,7
230,2
231,4
232,2
233,10
234,5
235,8
236,5
237,16
238,2
239,5
240,5
241,9
242,6
243,4
244,1
245,1
246,5
247,5
248,3
249,10
250,11
251,1
252,3
253,1
254,15
255,1
256,1
257,9
258,2
259,3
260,4
261,1
262,7
263,1
264,1
265,9
266,2
267,4
268,2
269,2
270,1
271,2
272,2
273,12
274,6
275,1
276,11
277,2
278,4
279,1
280,1
281,2
282,6
283,16
284,1
285,12
286,6
287,1
288,2
289,4
290,1
291,2
292,1
293,5
294,4
295,1
296,2
297,15
298,13
299,3
300,17
301,5
302,2
303,8
304,1
305,2
306,2
307,7
308,7
309,2
310,9
311,11
312,1
313,1
314,8
315,6
316,5
317,1
318,3
319,5
320,10
321,2
322,3
323,2
324,3
325,2
326,18
327,3
328,9
329,9
330,2
331,2
332,2
333,3
334,7
335,8
336,2
337,1
338,3
339,7
340,10
341,2
342,2
343,11
344,2
345,1
346,6
347,1
348,2
349,3
350,5
351,9
352,4
353,1
354,6
355,12
356,1
357,1
358,1
359,3
360,2
361,11
362,3
363,13
364,1
365,2
366,3
367,6
368,16
369,1
370,5
371,5
372,6
373,2
374,3
375,9
376,14
377,1
378,3
379,2
380,13
381,3
382,1
383,5
384,3
385,12
386,3
387,3
388,3
389,2
390,12
391,8
392,10
393,4
394,1
395,2
396,3
397,4
398,5
399,7
400,2
401,4
402,2
403,2
404,1
405,6
406,4
407,9
408,2
409,1
410,3
411,3
412,1
413,5
414,3
415,5
416,2
417,4
418,2
419,4
420,6
421,1
422,3
423,25
424,4
425,2
426,2
427,4
428,4
429,6
430,1
431,6
432,2
433,2
434,5
435,1
436,12
437,1
438,2
439,2
440,2
441,5
442,3
443,1
444,1
445,3
446,20
447,2
448,1
449,3
450,3
451,1
452,2
453,1
454,4
455,3
456,1
457,1
458,2
459,5
460,1
461,8
462,10
463,9
464,2
465,5
466,10
467,2
468,4
469,3
470,4
471,1
472,7
473,5
474,3
475,3
476,1
477,2
478,1
479,8
480,13
481,1
482,2
483,1
484,7
485,4
486,1
487,6
488,3
489,4
490,2
491,4
492,7
493,1
494,3
495,1
496,6
497,2
498,1
499,2
500,3
501,1
502,4
503,1
504,3
505,1
506,7
507,1
508,3
509,4
510,7
511,1
512,6
513,8
514,1
515,3
516,3
517,7
518,1
519,3
520,4
521,2
522,1
523,5
524,3
525,3
526,7
527,1
528,3
529,2
530,8
531,3
532,6
533,4
534,9
535,1
536,3
537,6
538,1
539,2
540,3
541,6
542,5
543,2
544,9
545,2
546,4
547,1
548,7
549,3
550,9
551,1
552,1
553,1
554,8
555,9
556,6
557,4
558,6
559,3
560,6
561,6
562,2
563,6
564,3
565,2
566,2
567,4
568,1
569,1
570,9
571,4
572,7
573,2
574,9
575,1
576,3
577,2
578,2
579,4
580,1
581,1
582,1
583,1
584,1
585,4
586,7
587,4
588,1
589,3
590,1
591,2
592,4
593,2
594,3
595,1
596,4
597,3
598,6
599,3
600,4
601,2
602,2
603,1
604,6
605,2
606,1
607,1
608,1
609,6
610,2
611,3
612,3
613,1
614,1
615,2
616,9
617,4
618,3
619,1
620,3
621,2
622,1
623,1
624,5
625,7
626,2
627,2
628,7
629,6
630,2
631,5
632,2
633,7
634,6
635,11
636,11
637,2
638,9
639,9
640,13
641,3
642,7
643,4
644,5
645,4
646,1
647,7
648,10
649,5
650,9
651,5
652,2
653,7
654,4
655,2
656,13
657,4
658,22
659,2
660,9
661,6
662,6
663,1
664,15
665,1
666,7
667,5
668,1
669,11
670,1
671,4
672,1
673,2
674,23
675,3
676,1
677,6
678,1
679,5
680,4
681,6
682,7
683,7
684,2
685,5
686,3
687,9
688,7
689,19
690,11
691,1
692,1
693,7
694,1
695,3
696,6
697,1
698,11
699,4
700,1
701,17
702,1
703,4
704,3
705,7
706,2
707,3
708,12
709,12
710,1
711,8
712,2
713,1
714,20
715,12
716,6
717,2
718,2
719,11
720,2
721,1
722,3
723,3
724,3
725,2
726,1
727,2
728,4
729,12
730,1
731,2
732,4
733,5
734,1
735,2
736,7
737,2
738,3
739,2
740,2
741,1
742,5
743,3
744,1
745,5
746,1
747,6
748,7
749,1
750,2
751,7
752,8
753,2
754,5
755,1
756,2
757,14
758,12
759,1
760,4
761,4
762,1
763,6
764,2
765,4
766,5
767,1
768,3
769,5
770,2
771,6
772,1
773,4
774,1
775,3
776,8
777,6
778,5
779,5
780,5
781,3
782,2
783,1
784,2
785,3
786,1
787,1
788,1
789,16
790,1
791,3
792,1
793,2
794,1
795,2
796,4
797,2
798,1
799,2
800,2
801,1
802,5
803,3
804,1
805,9
806,2
807,3
808,12
809,2
810,5
811,7
812,10
813,6
814,11
815,3
816,6
817,2
818,2
819,2
820,1
821,4
822,2
823,1
824,1
825,6
826,3
827,3
828,6
829,7
830,1
831,1
832,1
833,8
834,1
835,5
836,2
837,4
838,1
839,4
840,2
841,2
842,1
843,3
844,2
845,3
846,1
847,1
848,7
849,4
850,3
851,18
852,7
853,1
854,9
855,1
856,1
857,2
858,2
859,11
860,2
861,1
862,5
863,5
864,8
865,1
866,9
867,3
868,5
869,7
870,10
871,5
872,4
873,2
874,3
875,8
876,1
877,1
878,3
879,3
880,2
881,3
882,13
883,3
884,1
885,3
886,3
887,1
888,1
889,7
890,3
891,1
892,2
893,1
894,4
895,9
896,6
897,3
898,3
899,1
900,10
901,6
902,1
903,7
904,5
905,1
906,4
907,4
908,9
909,3
910,7
911,2
912,3
913,2
914,2
915,1
916,1
917,6
918,9
919,3
920,1
921,6
922,7
923,3
924,4
925,5
926,3
927,2
928,3
929,10
930,2
931,1
932,3
933,8
934,1
935,8
936,5
937,11
938,1
939,1
940,4
941,2
942,3
943,6
944,3
945,2
946,2
947,14
948,13
949,7
950,6
951,2
952,5
953,1
954,5
955,4
956,3
957,2
958,5
959,13
960,1
961,2
962,2
963,2
964,1
965,5
966,2
967,2
968,4
969,3
970,1
971,1
972,2
973,5
974,1
975,2
976,5
977,5
978,4
979,11
980,21
981,1
982,8
983,1
984,1
985,4
986,1
987,3
988,9
989,9
990,10
991,20
992,2
993,3
994,4
995,5
996,34
997,13
998,15
999,1
1000,5
1001,2
1002,5
1003,4
1004,1
1005,4
1006,13
1007,2
1008,10
1009,1
1010,13
1011,14
1012,4
1013,5
1014,20
1015,18
1016,10
1017,3
1018,3
1019,4
1020,3
1021,5
1022,27
1023,11
1024,17
1025,4
1026,16
1027,1
1028,7
1029,5
1030,14
1031,1
1032,8
1033,7
1034,11
1035,1
1036,1
1037,20
1038,22
1039,5
1040,13
1041,9
1042,4
1043,2
1044,1
1045,7
1046,4
1047,15
1048,9
1049,12
1050,37
1051,10
1052,6
1053,1
1054,27
1055,19
1056,2
1057,1
1058,16
1059,2
1060,7
1061,1
1062,2
1063,21
1064,12
1065,4
1066,2
1067,21
1068,12
1069,1
1070,23
1071,2
1072,1
1073,8
1074,7
1075,2
1076,7
1077,9
1078,11
1079,3
1080,5
1081,8
1082,4
1083,3
1084,2
1085,18
1086,4
1087,7
1088,26
1089,12
1090,7
1091,5
1092,1
1093,12
1094,5
1095,10
1096,1
1097,5
1098,21
1099,4
1100,5
1101,12
1102,3
1103,5
1104,11
1105,11
1106,11
1107,4
1108,3
1109,3
1110,2
1111,2
1112,6
1113,2
1114,2
1115,6
1116,6
1117,14
1118,16
1119,15
1120,6
1121,1
1122,1
1123,4
1124,10
1125,9
1126,4
1127,1
1128,5
1129,12
1130,7
1131,31
1132,14
1133,9
1134,22
1135,12
1136,15
1137,8
1138,9
1139,3
1140,4
1141,13
1142,5
1143,8
1144,24
1145,8
1146,13
1147,4
1148,10
1149,5
1150,5
1151,1
1152,1
1153,10
1154,10
1155,6
1156,3
1157,2
1158,3
1159,8
1160,4
1161,7
1162,8
1163,10
1164,3
1165,2
1166,5
1167,3
1168,9
1169,11
1170,28
1171,4
1172,9
1173,1
1174,1
1175,4
1176,3
1177,11
1178,7
1179,9
1180,7
1181,6
1182,12
1183,2
1184,6
1185,11
1186,4
1187,5
1188,4
1189,5
1190,1
1191,7
1192,15
1193,9
1194,10
1195,2
1196,15
1197,9
1198,12
1199,14
1200,3
1201,1
1202,6
1203,13
1204,13
1205,2
1206,23
1207,7
1208,3
1209,5
1210,1
1211,9
1212,8
1213,20
1214,12
1215,20
1216,7
1217,16
1218,1
1219,1
1220,1
1221,15
1222,1
1223,1
1224,2
1225,11
1226,1
1227,4
1228,2
1229,1
1230,6
1231,5
1232,2
1233,6
1234,8
1235,10
1236,2
1237,2
1238,8
1239,3
1240,2
1241,14
1242,2
1243,11
1244,9
1245,23
1246,7
1247,4
1248,7
1249,16
1250,14
1251,8
1252,15
1253,7
1254,20
1255,5
1256,6
1257,2
1258,14
1259,17
1260,5
1261,5
1262,3
1263,3
1264,1
1265,5
1266,2
1267,2
1268,9
1269,4
1270,7
1271,5
1272,3
1273,11
1274,1
1275,9
1276,5
1277,8
1278,5
1279,3
1280,2
1281,3
1282,6
1283,1
1284,1
1285,1
1286,20
1287,8
1288,1
1289,8
1290,1
1291,2
1292,3
1293,10
1294,3
1295,3
1296,1
1297,1
1298,1
1299,1
1300,1
1301,3
1302,7
1303,2
1304,2
1305,11
1306,3
1307,9
1308,7
1309,3
1310,6
1311,7
1312,1
1313,4
1314,3
1315,7
1316,6
1317,6
1318,6
1319,5
1320,5
1321,2
1322,1
1323,2
1324,4
1325,5
1326,5
1327,7
1328,6
1329,1
1330,2
1331,1
1332,7
1333,6
1334,1
1335,2
1336,3
1337,6
1338,2
1339,5
1340,6
1341,4
1342,1
1343,8
1344,4
1345,1
1346,12
1347,2
1348,1
1349,1
1350,1
1351,1
1352,1
1353,1
1354,10
1355,2
1356,3
1357,2
1358,4
1359,3
1360,3
1361,4
1362,1
1363,1
1364,7
1365,4
1366,5
1367,5
1368,1
1369,1
1370,2
1371,4
1372,4
1373,8
1374,5
1375,9
1376,6
1377,7
1378,1
1379,1
1380,1
1381,3
1382,1
1383,1
1384,3
1385,1
1386,17
1387,2
1388,2
1389,14
1390,5
1391,1
1392,3
1393,3
1394,1
1395,1
1396,4
1397,3
1398,1
1399,10
1400,7
1401,8
1402,6
1403,9
1404,1
1405,6
1406,3
1407,6
1408,4
1409,2
1410,1
1411,6
1412,3
1413,3
1414,3
1415,2
1416,4
1417,2
1418,1
1419,1
1420,1
1421,7
1422,3
1423,4
1424,2
1425,1
1426,1
1427,1
1428,6
1429,4
1430,5
1431,1
1432,2
1433,3
1434,10
1435,3
1436,3
1437,2
1438,2
1439,2
1440,1
1441,13
1442,2
1443,5
1444,1
1445,4
1446,11
1447,1
1448,3
1449,9
1450,5
1451,3
1452,5
1453,2
1454,4
1455,2
1456,5
1457,2
1458,6
1459,6
1460,3
1461,2
1462,8
1463,6
1464,2
1465,2
1466,4
1467,1
1468,8
1469,14
1470,3
1471,2
1472,4
1473,2
1474,1
1475,4
1476,1
1477,4
1478,3
1479,7
1480,3
1481,7
1482,2
1483,1
1484,2
1485,13
1486,19
1487,1
1488,4
1489,6
1490,2
1491,6
1492,4
1493,5
1494,1
1495,2
1496,1
1497,6
1498,4
1499,8
1500,4
1501,2
1502,9
1503,3
1504,2
1505,10
1506,1
1507,1
1508,1
1509,2
1510,6
1511,7
1512,1
1513,3
1514,3
1515,3
1516,2
1517,3
1518,3
1519,1
1520,4
1521,1
1522,1
1523,2
1524,9
1525,9
1526,3
1527,1
1528,1
1529,6
1530,2
1531,3
1532,12
1533,5
1534,5
1535,4
1536,5
1537,5
1538,3
1539,5
1540,3
1541,2
1542,6
1543,6
1544,4
1545,2
1546,1
1547,1
1548,5
1549,1
1550,2
1551,3
1552,1
1553,2
1554,1
1555,3
1556,1
1557,1
1558,1
1559,4
1560,8
1561,2
1562,8
1563,3
1564,1
1565,5
1566,2
1567,1
1568,1
1569,9
1570,3
1571,4
1572,7
1573,1
1574,1
1575,1
1576,2
1577,5
1578,7
1579,13
1580,3
1581,4
1582,11
1583,5
1584,5
1585,11
1586,1
1587,4
1588,1
1589,2
1590,5
1591,3
1592,6
1593,1
1594,1
1595,2
1596,10
1597,13
1598,8
1599,1
1600,3
1601,4
1602,1
1603,1
1604,3
1605,2
1606,2
1607,2
1608,6
1609,6
1610,2
1611,3
1612,4
1613,8
1614,4
1615,3
1616,4
1617,2
1618,2
1619,7
1620,2
1621,5
1622,9
1623,4
1624,13
1625,9
1626,2
1627,4
1628,1
1629,1
1630,4
1631,7
1632,7
1633,6
1634,2
1635,2
1636,1
1637,3
1638,5
1639,2
1640,6
1641,14
1642,7
1643,12
1644,3
1645,10
1646,3
1647,5
1648,9
1649,1
1650,2
1651,7
1652,2
1653,2
1654,2
1655,14
1656,5
1657,10
1658,5
1659,11
1660,10
1661,9
1662,8
1663,5
1664,5
1665,15
1666,1
1667,3
1668,4
1669,5
1670,2
1671,5
1672,2
1673,4
1674,8
1675,1
1676,4
1677,5
1678,7
1679,2
1680,16
1681,25
1682,5
1683,3
1684,3
1685,5
1686,4
1687,3
1688,1
1689,6
1690,4
1691,1
1692,14
1693,2
1694,1
1695,4
1696,7
1697,7
1698,14
1699,3
1700,1
1701,5
1702,9
1703,12
1704,1
1705,4
1706,4
1707,1
1708,11
1709,14
1710,9
1711,2
1712,7
1713,4
1714,8
1715,4
1716,1
1717,8
1718,2
1719,2
1720,3
1721,1
1722,24
1723,8
1724,1
1725,7
1726,3
1727,1
1728,3
1729,2
1730,17
1731,1
1732,7
1733,3
1734,11
1735,5
1736,6
1737,1
1738,18
1739,8
1740,5
1741,8
1742,8
1743,15
1744,37
1745,16
1746,2
1747,8
1748,4
1749,1
1750,2
1751,13
1752,12
1753,23
1754,6
1755,6
1756,1
1757,6
1758,4
1759,10
1760,4
1761,5
1762,7
1763,1
1764,4
1765,12
1766,6
1767,2
1768,9
1769,6
1770,6
1771,14
1772,7
1773,21
1774,1
1775,6
1776,14
1777,6
1778,5
1779,4
1780,14
1781,6
1782,3
1783,4
1784,1
1785,1
1786,6
1787,23
1788,9
1789,6
1790,12
1791,4
1792,22
1793,24
1794,32
1795,7
1796,2
1797,9
1798,9
1799,10
1800,18
1801,6
1802,2
1803,5
1804,10
1805,2
1806,11
1807,5
1808,2
1809,2
1810,14
1811,10
1812,1
1813,1
1814,5
1815,3
1816,6
1817,3
1818,1
1819,23
1820,4
1821,2
1822,4
1823,2
1824,18
1825,10
1826,11
1827,6
1828,3
1829,5
1830,2
1831,1
1832,10
1833,5
1834,1
1835,2
1836,7
1837,2
1838,3
1839,1
1840,10
1841,3
1842,44
1843,7
1844,2
1845,3
1846,1
1847,4
1848,13
1849,16
1850,4
1851,2
1852,2
1853,4
1854,9
1855,1
1856,1
1857,9
1858,10
1859,6
1860,14
1861,8
1862,1
1863,5
1864,1
1865,8
1866,15
1867,5
1868,2
1869,14
1870,12
1871,10
1872,1
1873,5
1874,12
1875,8
1876,2
1877,13
1878,5
1879,4
1880,7
1881,1
1882,9
1883,3
1884,9
1885,1
1886,12
1887,36
1888,15
1889,1
1890,11
1891,3
1892,6
1893,1
1894,2
1895,14
1896,2
1897,5
1898,13
1899,3
1900,9
1901,8
1902,19
1903,3
1904,1
1905,6
1906,7
1907,2
1908,1
1909,1
1910,3
1911,6
1912,8
1913,7
1914,4
1915,3
1916,4
1917,6
1918,11
1919,4
1920,23
1921,11
1922,4
1923,11
1924,11
1925,2
1926,14
1927,4
1928,2
1929,5
1930,4
1931,1
1932,9
1933,5
1934,6
1935,1
1936,4
1937,1
1938,3
1939,8
1940,1
1941,9
1942,4
1943,6
1944,12
1945,7
1946,1
1947,14
1948,6
1949,9
1950,4
1951,2
1952,1
1953,8
1954,3
1955,1
1956,17
1957,4
1958,3
1959,12
1960,8
1961,2
1962,4
1963,1
1964,5
1965,2
1966,10
1967,2
1968,2
1969,1
1970,2
1971,3
1972,3
1973,5
1974,17
1975,2
1976,3
1977,9
1978,5
1979,2
1980,15
1981,2
1982,4
1983,1
1984,9
1985,2
1986,1
1987,12
1988,7
1989,1
1990,3
1991,1
1992,2
1993,9
1994,1
1995,2
1996,5
1997,3
1998,10
1999,4
2000,2
2001,4
2002,4
2003,4
2004,1
2005,19
2006,4
2007,9
2008,2
2009,1
2010,7
2011,4
2012,6
2013,3
2014,2
2015,1
2016,4
2017,3
2018,7
2019,5
2020,8
2021,1
2022,8
2023,2
2024,8
2025,1
2026,2
2027,6
2028,3
2029,7
2030,2
2031,5
2032,10
2033,1
2034,2
2035,3
2036,11
2037,1
2038,2
2039,3
2040,4
2041,3
2042,1
2043,6
2044,1
2045,4
2046,4
2047,1
2048,3
2049,3
2050,1
2051,1
2052,1
2053,2
2054,3
2055,2
2056,6
2057,1
2058,6
2059,8
2060,7
2061,10
2062,1
2063,5
2064,12
2065,2
2066,2
2067,2
2068,2
2069,4
2070,2
2071,2
2072,3
2073,2
2074,3
2075,4
2076,1
2077,5
2078,9
2079,2
2080,2
2081,6
2082,1
2083,2
2084,1
2085,9
2086,1
2087,2
2088,2
2089,9
2090,5
2091,3
2092,5
2093,2
2094,1
2095,2
2096,3
2097,2
2098,1
2099,2
2100,3
2101,7
2102,5
2103,3
2104,8
2105,7
2106,1
2107,3
2108,8
2109,4
2110,5
2111,1
2112,1
2113,7
2114,3
2115,15
2116,12
2117,4
2118,6
2119,1
2120,8
2121,1
2122,4
2123,1
2124,1
2125,2
2126,1
2127,7
2128,4
2129,4
2130,1
2131,6
2132,3
2133,4
2134,3
2135,1
2136,4
2137,11
2138,6
2139,7
2140,3
2141,6
2142,1
2143,22
2144,4
2145,2
2146,2
2147,12
2148,3
2149,2
2150,1
2151,11
2152,9
2153,6
2154,5
2155,3
2156,2
2157,4
2158,1
2159,2
2160,7
2161,1
2162,1
2163,12
2164,7
2165,5
2166,2
2167,7
2168,1
2169,14
2170,14
2171,12
2172,1
2173,9
2174,5
2175,13
2176,1
2177,11
2178,5
2179,1
2180,16
2181,3
2182,1
2183,8
2184,1
2185,4
2186,1
2187,12
2188,12
2189,14
2190,1
2191,2
2192,1
2193,14
2194,17
2195,13
2196,5
2197,1
2198,8
2199,6
2200,5
2201,2
2202,3
2203,2
2204,4
2205,3
2206,6
2207,16
2208,5
2209,3
2210,3
2211,16
2212,4
2213,4
2214,6
2215,1
2216,3
2217,17
2218,9
2219,4
2220,20
2221,4
2222,6
2223,2
2224,5
2225,3
2226,11
2227,12
2228,14
2229,8
2230,2
2231,9
2232,1
2233,1
2234,15
2235,22
2236,7
2237,1
2238,11
2239,11
2240,1
2241,12
2242,2
2243,7
2244,5
2245,23
2246,3
2247,1
2248,11
2249,2
2250,2
2251,1
2252,5
2253,21
2254,8
2255,1
2256,14
2257,3
2258,7
2259,4
2260,11
2261,4
2262,6
2263,1
2264,10
2265,12
2266,6
2267,2
2268,19
2269,6
2270,6
2271,15
2272,1
2273,9
2274,5
2275,8
2276,8
2277,21
2278,4
2279,7
2280,7
2281,1
2282,2
2283,2
2284,13
2285,3
2286,1
2287,5
2288,1
2289,1
2290,6
2291,25
2292,5
2293,1
2294,1
2295,13
2296,7
2297,1
2298,8
2299,11
2300,4
2301,4
2302,10
2303,8
2304,2
2305,1
2306,11
2307,5
2308,24
2309,4
2310,15
2311,9
2312,1
2313,7
2314,6
2315,2
2316,3
2317,4
2318,18
2319,3
2320,8
2321,9
2322,10
2323,6
2324,4
2325,15
2326,19
2327,3
2328,2
2329,11
2330,7
2331,2
2332,1
2333,9
2334,12
2335,14
2336,2
2337,7
2338,1
2339,23
2340,23
2341,62
2342,3
2343,45
2344,25
2345,2
2346,12
2347,10
2348,5
2349,4
2350,26
2351,5
2352,9
2353,26
2354,4
2355,33
2356,6
2357,1
2358,7
2359,5
2360,19
2361,30
2362,12
2363,30
2364,10
2365,4
2366,3
2367,11
2368,5
2369,20
2370,3
2371,6
2372,2
2373,2
2374,5
2375,14
2376,11
2377,32
2378,4
2379,13
2380,14
2381,5
2382,16
2383,16
2384,15
2385,7
2386,23
2387,6
2388,34
2389,42
2390,4
2391,12
2392,21
2393,30
2394,23
2395,3
2396,34
2397,1
2398,8
2399,8
2400,19
2401,6
2402,58
2403,23
2404,9
2405,8
2406,7
2407,21
2408,2
2409,20
2410,9
2411,24
2412,29
2413,8
2414,8
2415,32
2416,13
2417,10
2418,3
2419,4
2420,15
2421,33
2422,9
2423,3
2424,9
2425,12
2426,9
2427,6
2428,1
2429,17
2430,14
2431,37
2432,8
2433,13
2434,17
2435,2
2436,24
2437,12
2438,43
2439,1
2440,1
2441,38
2442,20
2443,4
2444,15
2445,46
2446,13
2447,3
2448,26
2449,6
2450,4
2451,11
2452,39
2453,10
2454,5
2455,37
2456,3
2457,49
2458,2
2459,5
2460,8
2461,27
2462,13
2463,13
2464,2
2465,6
2466,1
2467,13
2468,4
2469,14
2470,13
2471,2
2472,3
2473,19
2474,7
2475,49
2476,14
2477,5
2478,10
2479,6
2480,4
2481,7
2482,2
2483,17
2484,7
2485,10
2486,19
2487,11
2488,3
2489,37
2490,4
2491,5
2492,27
2493,9
2494,6
2495,4
2496,12
2497,15
2498,1
2499,13
2500,5
2501,25
2502,15
2503,5
2504,10
2505,13
2506,2
2507,10
2508,16
2509,15
2510,13
2511,62
2512,10
2513,7
2514,5
2515,7
2516,21
2517,20
2518,46
2519,9
2520,10
2521,9
2522,7
2523,6
2524,14
2525,5
2526,13
2527,42
2528,8
2529,44
2530,6
2531,17
2532,3
2533,20
2534,11
2535,6
2536,23
2537,28
2538,17
2539,14
2540,24
2541,43
2542,10
2543,5
2544,9
2545,4
2546,35
2547,34
2548,1
2549,1
2550,20
2551,67
2552,36
2553,11
2554,21
2555,4
2556,25
2557,10
2558,54
2559,2
2560,1
2561,16
2562,2
2563,2
2564,39
2565,6
2566,3
2567,8
2568,25
2569,4
2570,30
2571,7
2572,3
2573,7
2574,32
2575,59
2576,25
2577,10
2578,1
2579,18
2580,27
2581,9
2582,19
2583,11
2584,32
2585,4
2586,36
2587,14
2588,10
2589,17
2590,20
2591,37
2592,11
2593,3
2594,19
2595,15
2596,16
2597,23
2598,6
2599,30
2600,6
2601,3
2602,7
2603,7
2604,8
2605,4
2606,5
2607,7
2608,5
2609,4
2610,4
2611,13
2612,22
2613,1
2614,8
2615,8
2616,9
2617,3
2618,15
2619,51
2620,41
2621,6
2622,14
2623,1
2624,6
2625,24
2626,8
2627,19
2628,9
2629,6
2630,30
2631,5
2632,28
2633,1
2634,9
2635,2
2636,7
2637,32
2638,21
2639,57
2640,19
2641,24
2642,12
2643,7
2644,4
2645,21
2646,38
2647,1
2648,23
2649,39
2650,18
2651,8
2652,15
2653,32
2654,10
2655,5
2656,11
2657,19
2658,6
2659,1
2660,17
2661,9
2662,46
2663,2
2664,14
2665,13
2666,3
2667,31
2668,7
2669,13
2670,20
2671,1
2672,11
2673,2
2674,14
2675,5
2676,8
2677,2
2678,5
2679,20
2680,12
2681,1
2682,26
2683,14
2684,8
2685,23
2686,6
2687,19
2688,12
2689,3
2690,1
2691,4
2692,2
2693,7
2694,2
2695,2
2696,5
2697,7
2698,8
2699,10
2700,1
2701,7
2702,11
2703,12
2704,19
2705,32
2706,11
2707,1
2708,8
2709,18
2710,4
2711,4
2712,3
2713,8
2714,12
2715,25
2716,8
2717,7
2718,20
2719,29
2720,5
2721,22
2722,8
2723,10
2724,6
2725,7
2726,8
2727,17
2728,7
2729,11
2730,12
2731,7
2732,2
2733,10
2734,11
2735,7
2736,13
2737,18
2738,1
2739,8
2740,30
2741,31
2742,2
2743,8
2744,13
2745,13
2746,3
2747,3
2748,5
2749,17
2750,3
2751,8
2752,11
2753,7
2754,1
2755,13
2756,2
2757,8
2758,16
2759,22
2760,7
2761,1
2762,47
2763,8
2764,6
2765,10
2766,2
2767,9
2768,7
2769,6
2770,16
2771,20
2772,9
2773,5
2774,16
2775,30
2776,4
2777,17
2778,25
2779,32
2780,8
2781,3
2782,4
2783,4
2784,4
2785,10
2786,8
2787,9
2788,23
2789,9
2790,9
2791,9
2792,35
2793,16
2794,17
2795,2
2796,3
2797,12
2798,2
2799,19
2800,16
2801,5
2802,1
2803,30
2804,10
2805,28
2806,5
2807,4
2808,6
2809,19
2810,5
2811,15
2812,20
2813,2
2814,14
2815,6
2816,9
2817,30
2818,8
2819,4
2820,19
2821,13
2822,13
2823,3
2824,10
2825,2
2826,2
2827,2
2828,23
2829,1
2830,8
2831,1
2832,8
2833,4
2834,11
2835,10
2836,4
2837,6
2838,14
2839,1
2840,5
2841,19
2842,5
2843,12
2844,6
2845,14
2846,17
2847,3
2848,1
2849,22
2850,11
2851,6
2852,9
2853,1
2854,3
2855,5
2856,4
2857,6
2858,1
2859,7
2860,13
2861,1
2862,35
2863,4
2864,4
2865,2
2866,22
2867,1
2868,8
2869,2
2870,2
2871,11
2872,3
2873,1
2874,1
2875,9
2876,10
2877,4
2878,3
2879,23
2880,3
2881,1
2882,5
2883,10
2884,12
2885,4
2886,3
2887,9
2888,6
2889,5
2890,2
2891,2
2892,5
2893,13
2894,9
2895,2
2896,1
2897,3
2898,1
2899,9
2900,6
2901,9
2902,14
2903,20
2904,1
2905,1
2906,2
2907,4
2908,1
2909,12
2910,17
2911,2
2912,8
2913,4
2914,9
2915,8
2916,6
2917,8
2918,15
2919,7
2920,9
2921,2
2922,18
2923,5
2924,1
2925,4
2926,2
2927,6
2928,7
2929,16
2930,2
2931,21
2932,10
2933,6
2934,3
2935,5
2936,7
2937,3
2938,1
2939,5
2940,4
2941,7
2942,1
2943,7
2944,4
2945,5
2946,5
2947,3
2948,1
2949,3
2950,14
2951,8
2952,10
2953,4
2954,4
2955,2
2956,8
2957,11
2958,11
2959,1
2960,1
2961,4
2962,4
2963,1
2964,2
2965,15
2966,3
2967,9
2968,1
2969,1
2970,1
2971,14
2972,9
2973,10
2974,4
2975,1
2976,12
2977,1
2978,4
2979,6
2980,8
2981,1
2982,2
2983,9
2984,1
2985,3
2986,8
2987,1
2988,8
2989,1
2990,3
2991,3
2992,5
2993,12
2994,1
2995,2
2996,1
2997,7
2998,8
2999,10
3000,3
3001,2
3002,11
3003,3
3004,5
3005,3
3006,8
3007,1
3008,3
3009,13
3010,11
3011,1
3012,4
3013,2
3014,4
3015,2
3016,10
3017,3
3018,5
3019,6
3020,4
3021,4
3022,3
3023,1
3024,6
3025,4
3026,2
3027,3
3028,4
3029,6
3030,6
3031,7
3032,1
3033,16
3034,2
3035,1
3036,10
3037,2
3038,7
3039,1
3040,4
3041,15
3042,1
3043,15
3044,6
3045,8
3046,12
3047,7
3048,12
3049,14
3050,4
3051,1
3052,22
3053,2
3054,2
3055,2
3056,6
3057,14
3058,1
3059,2
3060,2
3061,9
3062,5
3063,10
3064,13
3065,3
3066,3
3067,4
3068,11
3069,3
3070,6
3071,6
3072,8
3073,11
3074,9
3075,11
3076,6
3077,8
3078,13
3079,5
3080,3
3081,3
3082,19
3083,6
3084,25
3085,2
3086,4
3087,3
3088,1
3089,18
3090,1
3091,4
3092,4
3093,17
3094,4
3095,7
3096,18
3097,2
3098,20
3099,1
3100,14
3101,6
3102,40
3103,11
3104,3
3105,20
3106,18
3107,3
3108,2
3109,1
3110,20
3111,2
3112,4
3113,10
3114,2
3115,1
3116,28
3117,1
3118,1
3119,8
3120,4
3121,5
3122,9
3123,14
3124,2
3125,15
3126,3
3127,5
3128,11
3129,3
3130,18
3131,17
3132,9
3133,10
3134,32
3135,5
3136,3
3137,26
3138,4
3139,4
3140,7
3141,16
3142,3
3143,7
3144,22
3145,5
3146,2
3147,1
3148,2
3149,1
3150,8
3151,3
3152,17
3153,5
3154,2
3155,23
3156,7
3157,3
3158,3
3159,1
3160,3
3161,3
3162,6
3163,4
3164,18
3165,1
3166,6
3167,4
3168,27
3169,15
3170,1
3171,7
3172,5
3173,7
3174,19
3175,4
3176,10
3177,7
3178,2
3179,23
3180,22
3181,18
3182,1
3183,3
3184,16
3185,25
3186,23
3187,4
3188,8
3189,15
3190,23
3191,8
3192,1
3193,5
3194,5
3195,3
3196,31
3197,4
3198,10
3199,3
3200,9
3201,2
3202,12
3203,4
3204,14
3205,5
3206,3
3207,4
3208,6
3209,4
3210,3
3211,7
3212,2
3213,6
3214,1
3215,9
3216,4
3217,1
3218,4
3219,1
3220,11
3221,10
3222,2
3223,13
3224,4
3225,10
3226,2
3227,24
3228,9
3229,9
3230,10
3231,17
3232,1
3233,2
3234,10
3235,6
3236,6
3237,2
3238,6
3239,1
3240,4
3241,1
3242,14
3243,9
3244,3
3245,1
3246,9
3247,1
3248,3
3249,1
3250,8
3251,3
3252,1
3253,5
3254,11
3255,17
3256,9
3257,4
3258,4
3259,7
3260,4
3261,6
3262,5
3263,10
3264,3
3265,11
3266,8
3267,3
3268,1
3269,2
3270,3
3271,2
3272,1
3273,2
3274,6
3275,2
3276,1
3277,4
3278,2
3279,5
3280,4
3281,1
3282,4
3283,6
3284,6
3285,6
3286,3
3287,10
3288,2
3289,1
3290,7
3291,5
3292,5
3293,1
3294,3
3295,6
3296,1
3297,6
3298,3
3299,4
3300,1
3301,1
3302,3
3303,2
3304,2
3305,3
3306,9
3307,3
3308,7
3309,5
3310,3
3311,2
3312,6
3313,11
3314,5
3315,1
3316,2
3317,3
3318,2
3319,7
3320,2
3321,8
3322,4
3323,2
3324,1
3325,2
3326,2
3327,7
3328,1
3329,2
3330,1
3331,3
3332,4
3333,6
3334,5
3335,8
3336,1
3337,1
3338,1
3339,2
3340,1
3341,6
3342,7
3343,7
3344,1
3345,4
3346,5
3347,5
3348,3
3349,2
3350,2
3351,3
3352,2
3353,3
3354,4
3355,2
3356,16
3357,9
3358,4
3359,1
3360,4
3361,7
3362,20
3363,1
3364,2
3365,1
3366,1
3367,5
3368,4
3369,3
3370,4
3371,5
3372,5
3373,2
3374,3
3375,8
3376,4
3377,4
3378,1
3379,3
3380,3
3381,16
3382,4
3383,7
3384,1
3385,1
3386,1
3387,4
3388,12
3389,5
3390,2
3391,6
3392,2
3393,3
3394,1
3395,2
3396,8
3397,2
3398,10
3399,7
3400,3
3401,13
3402,3
3403,4
3404,3
3405,9
3406,2
3407,2
3408,6
3409,7
3410,3
3411,1
3412,1
3413,7
3414,6
3415,7
3416,7
3417,4
3418,8
3419,3
3420,3
3421,4
3422,6
3423,4
3424,4
3425,3
3426,6
3427,3
3428,16
3429,6
3430,5
3431,3
3432,6
3433,1
3434,3
3435,3
3436,7
3437,1
3438,3
3439,2
3440,7
3441,3
3442,7
3443,6
3444,2
3445,6
3446,17
3447,14
3448,25
3449,2
3450,2
3451,1
3452,9
3453,2
3454,1
3455,3
3456,1
3457,1
3458,4
3459,8
3460,5
3461,5
3462,3
3463,1
3464,1
3465,5
3466,2
3467,2
3468,1
3469,1
3470,2
3471,3
3472,1
3473,4
3474,3
3475,1
3476,3
3477,1
3478,3
3479,5
3480,2
3481,2
3482,1
3483,6
3484,2
3485,4
3486,5
3487,3
3488,2
3489,3
3490,4
3491,4
3492,11
3493,2
3494,2
3495,5
3496,3
3497,2
3498,1
3499,1
3500,5
3501,3
3502,2
3503,2
3504,3
3505,1
3506,3
3507,8
3508,4
3509,3
3510,4
3511,3
3512,1
3513,2
3514,1
3515,1
3516,2
3517,1
3518,1
3519,2
3520,4
3521,9
3522,6
3523,1
3524,4
3525,1
3526,1
3527,5
3528,2
3529,4
3530,2
3531,3
3532,1
3533,1
3534,2
3535,5
3536,2
3537,1
3538,1
3539,1
3540,1
3541,4
3542,8
3543,4
3544,4
3545,1
3546,1
3547,3
3548,4
3549,2
3550,1
3551,1
3552,1
3553,7
3554,6
3555,3
3556,2
3557,4
3558,4
3559,2
3560,9
3561,4
3562,2
3563,2
3564,1
3565,2
3566,1
3567,5
3568,5
3569,6
3570,3
3571,1
3572,1
3573,4
3574,1
3575,2
3576,1
3577,6
3578,1
3579,1
3580,2
3581,7
3582,2
3583,1
3584,5
3585,6
3586,5
3587,2
3588,5
3589,1
3590,4
3591,2
3592,2
3593,2
3594,1
3595,4
3596,3
3597,3
3598,2
3599,3
3600,1
3601,4
3602,3
3603,1
3604,2
3605,1
3606,2
3607,5
3608,2
3609,1
3610,3
3611,1
3612,1
3613,2
3614,2
3615,4
3616,2
3617,3
3618,5
3619,2
3620,2
3621,3
3622,6
3623,1
3624,1
3625,3
3626,4
3627,1
3628,2
3629,4
3630,4
3631,3
3632,3
3633,1
3634,1
3635,8
3636,4
3637,1
3638,11
3639,9
3640,1
3641,3
3642,6
3643,7
3644,3
3645,4
3646,2
3647,3
3648,2
3649,1
3650,6
3651,4
3652,3
3653,1
3654,2
3655,2
3656,5
3657,12
3658,12
3659,3
3660,2
3661,3
3662,2
3663,7
3664,1
3665,2
3666,1
3667,2
3668,1
3669,2
3670,3
3671,2
3672,2
3673,1
3674,2
3675,4
3676,1
3677,2
3678,6
3679,1
3680,3
3681,3
3682,5
3683,3
3684,1
3685,1
3686,1
3687,1
3688,2
3689,4
3690,2
3691,1
3692,5
3693,3
3694,2
3695,1
3696,1
3697,1
3698,1
3699,1
3700,3
3701,1
3702,1
3703,2
3704,1
3705,1
3706,1
3707,3
3708,3
3709,2
3710,3
3711,4
3712,2
3713,2
3714,2
3715,5
3716,1
3717,2
3718,3
3719,8
3720,1
3721,3
3722,2
3723,3
3724,4
3725,2
3726,8
3727,1
3728,1
3729,2
3730,1
3731,7
3732,1
3733,1
3734,2
3735,4
3736,2
3737,1
3738,4
3739,2
3740,4
3741,1
3742,11
3743,1
3744,3
3745,3
3746,3
3747,1
3748,6
3749,1
3750,7
3751,1
3752,1
3753,2
3754,1
3755,11
3756,1
3757,4
3758,3
3759,2
3760,4
3761,3
3762,1
3763,7
3764,2
3765,1
3766,3
3767,3
3768,2
3769,2
3770,1
3771,1
3772,2
3773,1
3774,4
3775,3
3776,3
3777,3
3778,1
3779,7
3780,2
3781,1
3782,1
3783,4
3784,1
3785,4
3786,3
3787,1
3788,5
3789,1
3790,2
3791,1
3792,3
3793,1
3794,2
3795,4
3796,1
3797,9
3798,3
3799,3
3800,2
3801,1
3802,2
3803,3
3804,4
3805,8
3806,3
3807,3
3808,6
3809,5
3810,4
3811,6
3812,2
3813,3
3814,3
3815,3
3816,2
3817,2
3818,2
3819,1
3820,1
3821,2
3822,1
3823,2
3824,1
3825,2
3826,4
3827,10
3828,1
3829,4
3830,1
3831,2
3832,5
3833,6
3834,1
3835,2
3836,1
3837,1
3838,2
3839,5
3840,4
3841,2
3842,5
3843,2
3844,2
3845,3
3846,2
3847,2
3848,9
3849,2
3850,3
3851,1
3852,3
3853,1
3854,5
3855,1
3856,1
3857,1
3858,5
3859,2
3860,7
3861,6
3862,2
3863,5
3864,4
3865,2
3866,3
3867,6
3868,1
3869,10
3870,2
3871,7
3872,6
3873,2
3874,8
3875,1
3876,1
3877,4
3878,4
3879,7
3880,2
3881,2
3882,4
3883,1
3884,3
3885,2
3886,1
3887,2
3888,1
3889,2
3890,2
3891,7
3892,1
3893,1
3894,1
3895,2
3896,2
3897,2
3898,4
3899,1
3900,2
3901,8
3902,7
3903,3
3904,1
3905,1
3906,2
3907,11
3908,2
3909,3
3910,1
3911,6
3912,5
3913,4
3914,15
3915,4
3916,1
3917,2
3918,6
3919,1
3920,3
3921,4
3922,1
3923,19
3924,4
3925,2
3926,6
3927,1
3928,14
3929,6
3930,4
3931,1
3932,4
3933,5
3934,8
3935,8
3936,1
3937,2
3938,1
3939,9
3940,4
3941,8
3942,3
3943,20
3944,7
3945,3
3946,2
3947,2
3948,1
3949,11
3950,1
3951,4
3952,11
3953,7
3954,6
3955,6
3956,22
3957,6
3958,1
3959,8
3960,11
3961,12
3962,1
3963,4
3964,5
3965,5
3966,1
3967,14
3968,5
3969,3
3970,19
3971,4
3972,5
3973,3
3974,2
3975,4
3976,1
3977,5
3978,3
3979,7
3980,4
3981,3
3982,4
3983,3
3984,1
3985,8
3986,11
3987,3
3988,1
3989,1
3990,1
3991,1
3992,2
3993,5
3994,2
3995,4
3996,3
3997,1
3998,2
3999,7
4000,3
4001,10
4002,1
4003,4
4004,2
4005,12
4006,3
4007,1
4008,1
4009,7
4010,1
4011,8
4012,2
4013,2
4014,8
4015,7
4016,6
4017,2
4018,1
4019,1
4020,4
4021,9
4022,4
4023,4
4024,1
4025,1
4026,8
4027,1
4028,3
4029,2
4030,3
4031,9
4032,7
4033,6
4034,2
4035,5
4036,13
4037,2
4038,8
4039,2
4040,6
4041,1
4042,5
4043,5
4044,14
4045,4
4046,5
4047,14
4048,1
4049,9
4050,1
4051,2
4052,1
4053,9
4054,1
4055,22
4056,14
4057,4
4058,1
4059,1
4060,11
4061,5
4062,2
4063,4
4064,10
4065,3
4066,3
4067,12
4068,19
4069,5
4070,7
4071,9
4072,1
4073,3
4074,4
4075,1
4076,4
4077,6
4078,1
4079,12
4080,14
4081,2
4082,3
4083,1
4084,5
4085,1
4086,12
4087,2
4088,7
4089,2
4090,1
4091,8
4092,7
4093,7
4094,2
4095,1
4096,2
4097,2
4098,3
4099,2
4100,1
4101,8
4102,8
4103,5
4104,7
4105,4
4106,6
4107,5
4108,8
4109,2
4110,1
4111,10
4112,5
4113,5
4114,6
4115,4
4116,2
4117,4
4118,9
4119,1
4120,5
4121,9
4122,2
4123,16
4124,3
4125,11
4126,1
4127,2
4128,1
4129,2
4130,1
4131,4
4132,1
4133,13
4134,3
4135,3
4136,7
4137,1
4138,1
4139,3
4140,7
4141,7
4142,1
4143,3
4144,1
4145,1
4146,1
4147,2
4148,15
4149,3
4150,2
4151,7
4152,2
4153,4
4154,4
4155,5
4156,2
4157,3
4158,1
4159,4
4160,3
4161,2
4162,9
4163,3
4164,3
4165,2
4166,5
4167,9
4168,4
4169,1
4170,7
4171,8
4172,6
4173,4
4174,7
4175,2
4176,2
4177,12
4178,4
4179,7
4180,6
4181,3
4182,9
4183,2
4184,12
4185,7
4186,18
4187,23
4188,25
4189,3
4190,7
4191,4
4192,3
4193,7
4194,3
4195,2
4196,2
4197,3
4198,3
4199,10
4200,6
4201,10
4202,1
4203,2
4204,7
4205,10
4206,6
4207,8
4208,1
4209,5
4210,1
4211,16
4212,8
4213,10
4214,13
4215,3
4216,6
4217,1
4218,5
4219,1
4220,11
4221,4
4222,7
4223,9
4224,5
4225,11
4226,3
4227,14
4228,11
4229,4
4230,7
4231,2
4232,2
4233,8
4234,4
4235,4
4236,6
4237,8
4238,22
4239,13
4240,7
4241,7
4242,3
4243,6
4244,2
4245,1
4246,13
4247,2
4248,7
4249,5
4250,9
4251,15
4252,4
4253,2
4254,3
4255,2
4256,12
4257,5
4258,6
4259,1
4260,8
4261,1
4262,1
4263,2
4264,3
4265,1
4266,4
4267,3
4268,1
4269,8
4270,6
4271,1
4272,4
4273,1
4274,2
4275,2
4276,6
4277,2
4278,5
4279,5
4280,1
4281,3
4282,2
4283,2
4284,1
4285,4
4286,1
4287,1
4288,7
4289,2
4290,6
4291,3
4292,1
4293,8
4294,12
4295,1
4296,2
4297,3
4298,1
4299,7
4300,4
4301,2
4302,6
4303,5
4304,1
4305,1
4306,1
4307,4
4308,3
4309,1
4310,3
4311,4
4312,2
4313,5
4314,3
4315,2
4316,2
4317,4
4318,3
4319,4
4320,7
4321,8
4322,6
4323,2
4324,5
4325,3
4326,3
4327,2
4328,1
4329,6
4330,3
4331,1
4332,5
4333,7
4334,5
4335,1
4336,4
4337,4
4338,7
4339,4
4340,1
4341,2
4342,2
4343,3
4344,7
4345,1
4346,1
4347,6
4348,2
4349,3
4350,4
4351,4
4352,4
4353,3
4354,5
4355,2
4356,3
4357,8
4358,1
4359,1
4360,4
4361,3
4362,12
4363,3
4364,3
4365,7
4366,2
4367,3
4368,1
4369,3
4370,2
4371,1
4372,1
4373,5
4374,1
4375,3
4376,1
4377,6
4378,2
4379,1
4380,3
4381,4
4382,3
4383,1
4384,1
4385,1
4386,6
4387,1
4388,2
4389,1
4390,1
4391,1
4392,6
4393,9
4394,2
4395,5
4396,2
4397,1
4398,2
4399,1
4400,4
4401,1
4402,2
4403,1
4404,8
4405,3
4406,4
4407,1
4408,2
4409,3
4410,1
4411,2
4412,3
4413,3
4414,1
4415,10
4416,4
4417,1
4418,3
4419,12
4420,1
4421,16
4422,2
4423,3
4424,3
4425,5
4426,5
4427,2
4428,4
4429,1
4430,5
4431,1
4432,1
4433,1
4434,2
4435,1
4436,2
4437,1
4438,2
4439,1
4440,7
4441,1
4442,1
4443,3
4444,6
4445,4
4446,1
4447,2
4448,6
4449,1
4450,2
4451,4
4452,1
4453,1
4454,8
4455,1
4456,3
4457,2
4458,3
4459,2
4460,9
4461,2
4462,1
4463,4
4464,2
4465,8
4466,3
4467,1
4468,2
4469,1
4470,9
4471,2
4472,6
4473,5
4474,5
4475,2
4476,6
4477,2
4478,3
4479,3
4480,4
4481,1
4482,1
4483,6
4484,1
4485,3
4486,6
4487,4
4488,7
4489,2
4490,2
4491,2
4492,2
4493,2
4494,16
4495,1
4496,8
4497,1
4498,8
4499,2
4500,12
4501,6
4502,1
4503,1
4504,1
4505,1
4506,3
4507,1
4508,6
4509,3
4510,3
4511,1
4512,3
4513,1
4514,2
4515,2
4516,3
4517,1
4518,4
4519,3
4520,1
4521,4
4522,1
4523,7
4524,3
4525,1
4526,3
4527,3
4528,4
4529,2
4530,3
4531,1
4532,4
4533,1
4534,3
4535,2
4536,2
4537,9
4538,1
4539,4
4540,2
4541,4
4542,1
4543,1
4544,2
4545,5
4546,1
4547,3
4548,1
4549,1
4550,4
4551,1
4552,2
4553,1
4554,4
4555,2
4556,5
4557,2
4558,2
4559,3
4560,4
4561,3
4562,1
4563,4
4564,2
4565,1
4566,1
4567,2
4568,2
4569,7
4570,1
4571,4
4572,3
4573,2
4574,4
4575,1
4576,1
4577,2
4578,1
4579,6
4580,1
4581,8
4582,2
4583,4
4584,1
4585,3
4586,3
4587,1
4588,4
4589,2
4590,1
4591,1
4592,1
4593,9
4594,2
4595,3
4596,3
4597,5
4598,2
4599,3
4600,2
4601,1
4602,4
4603,11
4604,1
4605,4
4606,5
4607,2
4608,8
4609,5
4610,4
4611,1
4612,2
4613,10
4614,1
4615,2
4616,1
4617,4
4618,10
4619,1
4620,6
4621,15
4622,1
4623,2
4624,3
4625,14
4626,11
4627,4
4628,3
4629,4
4630,1
4631,29
4632,6
4633,2
4634,4
4635,20
4636,22
4637,38
4638,4
4639,19
4640,7
4641,13
4642,24
4643,2
4644,6
4645,5
4646,17
4647,1
4648,7
4649,5
4650,1
4651,15
4652,8
4653,2
4654,2
4655,5
4656,17
4657,6
4658,10
4659,7
4660,7
4661,2
4662,7
4663,5
4664,12
4665,4
4666,4
4667,1
4668,5
4669,10
4670,8
4671,3
4672,10
4673,3
4674,3
4675,1
4676,23
4677,13
4678,5
4679,7
4680,21
4681,4
4682,8
4683,7
4684,3
4685,6
4686,3
4687,7
4688,3
4689,2
4690,3
4691,3
4692,2
4693,1
4694,1
4695,17
4696,2
4697,13
4698,31
4699,3
4700,4
4701,2
4702,9
4703,13
4704,22
4705,8
4706,4
4707,2
4708,5
4709,4
4710,8
4711,4
4712,3
4713,6
4714,4
4715,6
4716,2
4717,13
4718,1
4719,1
4720,24
4721,2
4722,3
4723,4
4724,9
4725,1
4726,3
4727,4
4728,7
4729,6
4730,3
4731,2
4732,14
4733,7
4734,1
4735,12
4736,2
4737,1
4738,5
4739,3
4740,1
4741,3
4742,2
4743,2
4744,5
4745,5
4746,4
4747,3
4748,10
4749,7
4750,6
4751,10
4752,8
4753,8
4754,4
4755,5
4756,14
4757,2
4758,4
4759,3
4760,2
4761,6
4762,4
4763,3
4764,2
4765,8
4766,4
4767,9
4768,2
4769,10
4770,5
4771,1
4772,4
4773,1
4774,1
4775,5
4776,2
4777,9
4778,6
4779,2
4780,20
4781,3
4782,13
4783,16
4784,9
4785,8
4786,1
4787,8
4788,8
4789,2
4790,2
4791,1
4792,3
4793,13
4794,3
4795,11
4796,4
4797,5
4798,2
4799,2
4800,4
4801,17
4802,6
4803,4
4804,8
4805,4
4806,8
4807,2
4808,11
4809,14
4810,5
4811,9
4812,2
4813,4
4814,13
4815,11
4816,19
4817,2
4818,5
4819,1
4820,2
4821,2
4822,22
4823,1
4824,6
4825,4
4826,5
4827,2
4828,9
4829,1
4830,2
4831,21
4832,14
4833,3
4834,4
4835,5
4836,4
4837,3
4838,2
4839,1
4840,12
4841,2
4842,4
4843,14
4844,3
4845,23
4846,5
4847,6
4848,2
4849,2
4850,15
4851,8
4852,16
4853,15
4854,17
4855,1
4856,13
4857,3
4858,2
4859,3
4860,23
4861,11
4862,1
4863,2
4864,4
4865,1
4866,19
4867,11
4868,10
4869,27
4870,1
4871,7
4872,1
4873,3
4874,9
4875,2
4876,4
4877,6
4878,3
4879,9
4880,17
4881,8
4882,9
4883,3
4884,14
4885,2
4886,7
4887,9
4888,4
4889,12
4890,7
4891,3
4892,2
4893,2
4894,5
4895,2
4896,2
4897,2
4898,1
4899,2
4900,3
4901,1
4902,3
4903,2
4904,1
4905,1
4906,2
4907,2
4908,3
4909,4
4910,4
4911,5
4912,4
4913,3
4914,1
4915,1
4916,2
4917,1
4918,1
4919,1
4920,2
4921,3
4922,4
4923,2
4924,6
4925,1
4926,2
4927,2
4928,2
4929,4
4930,2
4931,1
4932,3
4933,2
4934,1
4935,1
4936,1
4937,2
4938,1
4939,2
4940,1
4941,2
4942,3
4943,6
4944,1
4945,1
4946,2
4947,8
4948,2
4949,2
4950,1
4951,1
4952,3
4953,4
4954,1
4955,5
4956,6
4957,1
4958,7
4959,3
4960,2
4961,1
4962,6
4963,2
4964,1
4965,4
4966,1
4967,4
4968,4
4969,1
4970,5
4971,4
4972,3
4973,2
4974,1
4975,7
4976,3
4977,2
4978,3
4979,3
4980,1
4981,1
4982,4
4983,1
4984,7
4985,4
4986,1
4987,2
4988,3
4989,2
4990,3
4991,2
4992,2
4993,8
4994,10
4995,1
4996,1
4997,1
4998,1
4999,4
5000,3
5001,1
5002,5
5003,6
5004,6
5005,4
5006,4
5007,2
5008,1
5009,3
5010,3
5011,2
5012,5
5013,4
5014,3
5015,1
5016,6
5017,1
5018,1
5019,2
5020,3
5021,7
5022,2
5023,2
5024,1
5025,2
5026,1
5027,2
5028,4
5029,2
5030,1
5031,3
5032,1
5033,4
5034,3
5035,1
5036,1
5037,1
5038,3
5039,4
5040,2
5041,6
5042,3
5043,2
5044,1
5045,1
5046,1
5047,1
5048,1
5049,1
5050,1
5051,1
5052,5
5053,1
5054,5
5055,1
5056,3
5057,2
5058,1
5059,2
5060,1
5061,2
5062,5
5063,4
5064,13
5065,4
5066,3
5067,6
5068,4
5069,2
5070,4
5071,11
5072,2
5073,2
5074,3
5075,5
5076,1
5077,1
5078,1
5079,1
5080,16
5081,1
5082,3
5083,2
5084,2
5085,4
5086,3
5087,5
5088,1
5089,1
5090,1
5091,1
5092,2
5093,5
5094,2
5095,2
5096,3
5097,6
5098,3
5099,2
5100,13
5101,1
5102,1
5103,1
5104,1
5105,1
5106,1
5107,1
5108,1
5109,3
5110,2
5111,2
5112,1
5113,1
5114,2
5115,1
5116,1
5117,2
5118,2
5119,1
5120,4
5121,1
5122,1
5123,1
5124,3
5125,2
5126,2
5127,2
5128,1
5129,3
5130,2
5131,9
5132,2
5133,4
5134,7
5135,2
5136,7
5137,5
5138,2
5139,4
5140,1
5141,5
5142,2
5143,6
5144,2
5145,3
5146,2
5147,8
5148,1
5149,1
5150,4
5151,4
5152,5
5153,2
5154,2
5155,1
5156,1
5157,2
5158,1
5159,8
5160,1
5161,3
5162,2
5163,2
5164,1
5165,2
5166,2
5167,3
5168,4
5169,5
5170,4
5171,1
5172,1
5173,1
5174,8
5175,3
5176,3
5177,4
5178,2
5179,1
5180,1
5181,8
5182,5
5183,1
5184,1
5185,5
5186,3
5187,1
5188,2
5189,1
5190,7
5191,1
5192,1
5193,1
5194,4
5195,4
5196,1
5197,1
5198,2
5199,3
5200,4
5201,1
5202,3
5203,1
5204,1
5205,2
5206,1
5207,2
5208,1
5209,1
5210,1
5211,1
5212,8
5213,3
5214,4
5215,4
5216,2
5217,3
5218,3
5219,1
5220,2
5221,1
5222,1
5223,1
5224,3
5225,4
5226,5
5227,1
5228,1
5229,3
5230,5
5231,2
5232,5
5233,7
5234,2
5235,1
5236,1
5237,1
5238,1
5239,1
5240,4
5241,2
5242,1
5243,1
5244,3
5245,6
5246,2
5247,1
5248,15
5249,2
5250,4
5251,9
5252,2
5253,3
5254,1
5255,1
5256,6
5257,4
5258,2
5259,3
5260,1
5261,1
5262,1
5263,1
5264,1
5265,2
5266,4
5267,3
5268,9
5269,1
5270,2
5271,6
5272,4
5273,7
5274,6
5275,3
5276,5
5277,2
5278,6
5279,6
5280,1
5281,4
5282,2
5283,4
5284,1
5285,4
5286,7
5287,1
5288,3
5289,3
5290,2
5291,9
5292,4
5293,5
5294,8
5295,1
5296,2
5297,2
5298,4
5299,1
5300,1
5301,5
5302,1
5303,5
5304,1
5305,3
5306,10
5307,1
5308,7
5309,1
5310,1
5311,4
5312,7
5313,6
5314,1
5315,5
5316,10
5317,3
5318,9
5319,1
5320,9
5321,5
5322,8
5323,2
5324,4
5325,3
5326,6
5327,2
5328,4
5329,2
5330,4
5331,2
5332,5
5333,4
5334,2
5335,4
5336,1
5337,1
5338,2
5339,1
5340,4
5341,3
5342,10
5343,12
5344,4
5345,4
5346,10
5347,7
5348,5
5349,2
5350,6
5351,5
5352,2
5353,2
5354,3
5355,1
5356,4
5357,2
5358,7
5359,2
5360,1
5361,2
5362,1
5363,5
5364,1
5365,4
5366,1
5367,5
5368,1
5369,3
5370,4
5371,7
5372,2
5373,2
5374,1
5375,1
5376,1
5377,2
5378,2
5379,1
5380,1
5381,2
5382,1
5383,2
5384,3
5385,1
5386,1
5387,5
5388,4
5389,6
5390,1
5391,2
5392,1
5393,2
5394,2
5395,3
5396,6
5397,1
5398,4
5399,5
5400,1
5401,1
5402,1
5403,1
5404,1
5405,1
5406,5
5407,11
5408,4
5409,1
5410,9
5411,1
5412,2
5413,3
5414,1
5415,6
5416,1
5417,1
5418,1
5419,1
5420,1
5421,1
5422,7
5423,3
5424,1
5425,11
5426,11
5427,3
5428,5
5429,6
5430,2
5431,1
5432,9
5433,4
5434,4
5435,2
5436,1
5437,4
5438,2
5439,7
5440,1
5441,1
5442,3
5443,1
5444,2
5445,2
5446,2
5447,3
5448,1
5449,4
5450,9
5451,3
5452,1
5453,2
5454,1
5455,1
5456,1
5457,3
5458,1
5459,1
5460,1
5461,1
5462,1
5463,5
5464,2
5465,2
5466,2
5467,1
5468,2
5469,7
5470,2
5471,1
5472,8
5473,3
5474,3
5475,5
5476,1
5477,1
5478,5
5479,1
5480,3
5481,4
5482,2
5483,3
5484,1
5485,2
5486,5
5487,6
5488,4
5489,5
5490,1
5491,5
5492,1
5493,9
5494,3
5495,4
5496,4
5497,1
5498,4
5499,2
5500,3
5501,3
5502,2
5503,2
5504,4
5505,1
5506,3
5507,6
5508,6
5509,12
5510,3
5511,6
5512,1
5513,6
5514,5
5515,4
5516,5
5517,2
5518,3
5519,3
5520,3
5521,1
5522,6
5523,4
5524,8
5525,4
5526,5
5527,1
5528,2
5529,1
5530,5
5531,19
5532,4
5533,5
5534,1
5535,2
5536,3
5537,9
5538,1
5539,3
5540,3
5541,2
5542,15
5543,7
5544,1
5545,1
5546,5
5547,1
5548,1
5549,1
5550,5
5551,1
5552,2
5553,4
5554,2
5555,1
5556,2
5557,5
5558,1
5559,4
5560,1
5561,1
5562,2
5563,1
5564,5
5565,6
5566,2
5567,3
5568,7
5569,2
5570,1
5571,2
5572,3
5573,4
5574,8
5575,1
5576,2
5577,5
5578,5
5579,9
5580,3
5581,4
5582,5
5583,1
5584,1
5585,3
5586,4
5587,3
5588,3
5589,1
5590,2
5591,6
5592,5
5593,4
5594,1
5595,1
5596,2
5597,1
5598,2
5599,1
5600,6
5601,1
5602,2
5603,2
5604,1
5605,1
5606,5
5607,2
5608,3
5609,6
5610,1
5611,3
5612,6
5613,15
5614,20
5615,1
5616,9
5617,10
5618,3
5619,3
5620,1
5621,2
5622,4
5623,15
5624,12
5625,1
5626,5
5627,6
5628,16
5629,6
5630,3
5631,2
5632,5
5633,2
5634,7
5635,4
5636,1
5637,1
5638,4
5639,12
5640,1
5641,9
5642,6
5643,14
5644,2
5645,2
5646,3
5647,4
5648,15
5649,2
5650,2
5651,4
5652,7
5653,1
5654,2
5655,5
5656,3
5657,1
5658,3
5659,11
5660,8
5661,8
5662,3
5663,12
5664,7
5665,8
5666,8
5667,12
5668,7
5669,12
5670,5
5671,3
5672,11
5673,17
5674,1
5675,13
5676,10
5677,1
5678,6
5679,18
5680,3
5681,12
5682,5
5683,4
5684,3
5685,1
5686,9
5687,3
5688,15
5689,7
5690,5
5691,6
5692,2
5693,9
5694,4
5695,8
5696,5
5697,3
5698,3
5699,7
5700,4
5701,3
5702,11
5703,3
5704,6
5705,12
5706,33
5707,7
5708,5
5709,54
5710,11
5711,3
5712,38
5713,15
5714,13
5715,5
5716,1
5717,1
5718,6
5719,14
5720,17
5721,8
5722,8
5723,3
5724,14
5725,3
5726,13
5727,17
5728,7
5729,9
5730,2
5731,31
5732,16
5733,2
5734,7
5735,6
5736,6
5737,1
5738,1
5739,36
5740,2
5741,2
5742,16
5743,2
5744,1
5745,13
5746,3
5747,3
5748,3
5749,1
5750,4
5751,7
5752,6
5753,1
5754,8
5755,28
5756,2
5757,5
5758,16
5759,4
5760,7
5761,12
5762,7
5763,17
5764,13
5765,12
5766,47
5767,2
5768,5
5769,2
5770,10
5771,6
5772,5
5773,7
5774,1
5775,4
5776,10
5777,1
5778,8
5779,6
5780,8
5781,1
5782,8
5783,7
5784,42
5785,1
5786,7
5787,51
5788,8
5789,25
5790,2
5791,5
5792,3
5793,3
5794,4
5795,1
5796,3
5797,11
5798,1
5799,5
5800,8
5801,5
5802,1
5803,3
5804,1
5805,2
5806,2
5807,2
5808,3
5809,1
5810,2
5811,1
5812,5
5813,1
5814,2
5815,2
5816,4
5817,2
5818,15
5819,3
5820,1
5821,6
5822,4
5823,6
5824,1
5825,3
5826,7
5827,2
5828,3
5829,1
5830,7
5831,1
5832,1
5833,3
5834,2
5835,3
5836,1
5837,1
5838,1
5839,4
5840,6
5841,2
5842,2
5843,6
5844,1
5845,1
5846,3
5847,5
5848,3
5849,6
5850,3
5851,1
5852,8
5853,5
5854,1
5855,4
5856,1
5857,3
5858,4
5859,1
5860,6
5861,2
5862,3
5863,4
5864,8
5865,3
5866,3
5867,1
5868,5
5869,6
5870,4
5871,2
5872,8
5873,1
5874,2
5875,2
5876,7
5877,2
5878,4
5879,4
5880,5
5881,3
5882,4
5883,6
5884,1
5885,4
5886,4
5887,1
5888,2
5889,1
5890,1
5891,2
5892,1
5893,1
5894,4
5895,2
5896,6
5897,1
5898,2
5899,6
5900,3
5901,3
5902,2
5903,1
5904,2
5905,1
5906,1
5907,1
5908,1
5909,6
5910,1
5911,2
5912,6
5913,1
5914,1
5915,1
5916,4
5917,2
5918,9
5919,4
5920,10
5921,1
5922,4
5923,1
5924,1
5925,2
5926,5
5927,2
5928,3
5929,1
5930,3
5931,1
5932,1
5933,1
5934,2
5935,1
5936,3
5937,9
5938,7
5939,4
5940,1
5941,1
5942,3
5943,2
5944,2
5945,2
5946,1
5947,1
5948,2
5949,1
5950,1
5951,1
5952,2
5953,1
5954,2
5955,1
5956,1
5957,1
5958,2
5959,3
5960,1
5961,2
5962,2
5963,5
5964,1
5965,2
5966,1
5967,1
5968,3
5969,1
5970,3
5971,2
5972,9
5973,1
5974,2
5975,3
5976,1
5977,3
5978,3
5979,2
5980,7
5981,4
5982,5
5983,1
5984,2
5985,4
5986,3
5987,3
5988,8
5989,5
5990,1
5991,2
5992,3
5993,1
5994,15
5995,1
5996,4
5997,12
5998,3
5999,5
6000,1
6001,2
6002,9
6003,7
6004,1
6005,2
6006,11
6007,7
6008,2
6009,4
6010,6
6011,1
6012,10
6013,3
6014,1
6015,6
6016,4
6017,2
6018,2
6019,1
6020,1
6021,1
6022,3
6023,3
6024,1
6025,2
6026,5
6027,6
6028,2
6029,5
6030,2
6031,2
6032,1
6033,2
6034,2
6035,5
6036,1
6037,2
6038,1
6039,2
6040,6
6041,2
6042,3
6043,4
6044,1
6045,4
6046,1
6047,3
6048,2
6049,1
6050,10
6051,6
6052,5
6053,2
6054,1
6055,4
6056,4
6057,1
6058,2
6059,1
6060,1
6061,5
6062,2
6063,7
6064,4
6065,3
6066,1
6067,1
6068,3
6069,1
6070,1
6071,2
6072,6
6073,2
6074,9
6075,7
6076,1
6077,1
6078,1
6079,9
6080,6
6081,5
6082,1
6083,1
6084,10
6085,1
6086,3
6087,5
6088,6
6089,4
6090,13
6091,9
6092,4
6093,1
6094,1
6095,6
6096,7
6097,8
6098,2
6099,2
6100,3
6101,3
6102,6
6103,5
6104,1
6105,3
6106,11
6107,11
6108,2
6109,1
6110,4
6111,8
6112,15
6113,1
6114,5
6115,1
6116,2
6117,1
6118,6
6119,6
6120,2
6121,2
6122,13
6123,4
6124,8
6125,1
6126,8
6127,4
6128,2
6129,1
6130,4
6131,3
6132,3
6133,2
6134,2
6135,5
6136,4
6137,8
6138,7
6139,1
6140,9
6141,4
6142,8
6143,2
6144,1
6145,14
6146,1
6147,2
6148,16
6149,2
6150,1
6151,1
6152,5
6153,3
6154,2
6155,1
6156,1
6157,1
6158,2
6159,1
6160,6
6161,3
6162,2
6163,2
6164,3
6165,2
6166,1
6167,2
6168,2
6169,2
6170,4
6171,2
6172,1
6173,3
6174,1
6175,2
6176,5
6177,3
6178,1
6179,2
6180,4
6181,1
6182,1
6183,1
6184,1
6185,3
6186,2
6187,1
6188,1
6189,2
6190,2
6191,1
6192,2
6193,1
6194,2
6195,5
6196,1
6197,3
6198,5
6199,3
6200,2
6201,1
6202,2
6203,1
6204,1
6205,3
6206,1
6207,1
6208,1
6209,2
6210,1
6211,3
6212,2
6213,2
6214,4
6215,1
6216,2
6217,1
6218,2
6219,2
6220,7
6221,3
6222,1
6223,1
6224,2
6225,1
6226,4
6227,1
6228,2
6229,2
6230,2
6231,1
6232,3
6233,1
6234,3
6235,1
6236,1
6237,1
6238,5
6239,1
6240,3
6241,1
6242,1
6243,1
6244,2
6245,4
6246,2
6247,1
6248,2
6249,2
6250,5
6251,3
6252,1
6253,1
6254,1
6255,1
6256,6
6257,6
6258,3
6259,1
6260,4
6261,4
6262,1
6263,3
6264,1
6265,4
6266,3
6267,2
6268,2
6269,3
6270,1
6271,1
6272,1
6273,1
6274,1
6275,4
6276,1
6277,2
6278,3
6279,2
6280,3
6281,4
6282,2
6283,2
6284,2
6285,3
6286,1
6287,3
6288,2
6289,1
6290,2
6291,1
6292,5
6293,1
6294,4
6295,3
6296,2
6297,1
6298,3
6299,3
6300,1
6301,3
6302,4
6303,6
6304,7
6305,4
6306,1
6307,5
6308,3
6309,3
6310,2
6311,1
6312,3
6313,1
6314,3
6315,4
6316,7
6317,1
6318,4
6319,1
6320,4
6321,1
6322,1
6323,2
6324,2
6325,2
6326,1
6327,2
6328,1
6329,1
6330,1
6331,1
6332,2
6333,1
6334,9
6335,3
6336,2
6337,2
6338,1
6339,2
6340,2
6341,4
6342,2
6343,8
6344,3
6345,1
6346,6
6347,2
6348,3
6349,5
6350,3
6351,1
6352,1
6353,2
6354,1
6355,3
6356,6
6357,2
6358,1
6359,4
6360,3
6361,4
6362,3
6363,1
6364,2
6365,8
6366,4
6367,4
6368,1
6369,3
6370,1
6371,1
6372,7
6373,1
6374,2
6375,2
6376,2
6377,2
6378,2
6379,1
6380,4
6381,4
6382,1
6383,1
6384,4
6385,3
6386,4
6387,3
6388,2
6389,3
6390,2
6391,1
6392,3
6393,1
6394,5
6395,1
6396,8
6397,2
6398,7
6399,8
6400,1
6401,1
6402,1
6403,1
6404,5
6405,2
6406,4
6407,2
6408,5
6409,3
6410,1
6411,3
6412,2
6413,2
6414,1
6415,2
6416,9
6417,2
6418,1
6419,2
6420,5
6421,2
6422,2
6423,4
6424,5
6425,1
6426,3
6427,1
6428,11
6429,3
6430,2
6431,1
6432,1
6433,4
6434,3
6435,1
6436,4
6437,1
6438,5
6439,1
6440,2
6441,1
6442,4
6443,3
6444,1
6445,2
6446,2
6447,7
6448,9
6449,13
6450,3
6451,4
6452,1
6453,4
6454,1
6455,2
6456,5
6457,2
6458,9
6459,1
6460,1
6461,6
6462,5
6463,2
6464,1
6465,3
6466,4
6467,1
6468,4
6469,7
6470,5
6471,4
6472,3
6473,2
6474,1
6475,2
6476,3
6477,5
6478,2
6479,1
6480,1
6481,2
6482,6
6483,3
6484,2
6485,3
6486,6
6487,2
6488,4
6489,4
6490,7
6491,5
6492,2
6493,3
6494,2
6495,2
6496,3
6497,1
6498,1
6499,2
6500,1
6501,14
6502,2
6503,3
6504,2
6505,2
6506,1
6507,3
6508,1
6509,3
6510,2
6511,2
6512,1
6513,6
6514,2
6515,2
6516,1
6517,1
6518,1
6519,3
6520,4
6521,3
6522,1
6523,1
6524,3
6525,2
6526,2
6527,1
6528,5
6529,1
6530,1
6531,2
6532,3
6533,3
6534,5
6535,4
6536,1
6537,1
6538,3
6539,2
6540,1
6541,1
6542,2
6543,1
6544,14
6545,1
6546,4
6547,4
6548,3
6549,12
6550,3
6551,7
6552,2
6553,2
6554,2
6555,3
6556,3
6557,1
6558,2
6559,3
6560,8
6561,1
6562,2
6563,2
6564,2
6565,3
6566,5
6567,1
6568,2
6569,2
6570,4
6571,6
6572,1
6573,1
6574,1
6575,1
6576,1
6577,6
6578,2
6579,4
6580,1
6581,1
6582,3
6583,3
6584,3
6585,1
6586,2
6587,6
6588,2
6589,1
6590,3
6591,1
6592,2
6593,6
6594,1
6595,6
6596,1
6597,2
6598,3
6599,1
6600,1
6601,1
6602,1
6603,3
6604,1
6605,4
6606,2
6607,5
6608,1
6609,5
6610,6
6611,1
6612,8
6613,2
6614,4
6615,1
6616,1
6617,6
6618,2
6619,8
6620,3
6621,5
6622,1
6623,2
6624,4
6625,2
6626,5
6627,3
6628,1
6629,4
6630,1
6631,3
6632,1
6633,1
6634,2
6635,1
6636,5
6637,1
6638,2
6639,3
6640,2
6641,3
6642,2
6643,1
6644,2
6645,5
6646,2
6647,1
6648,2
6649,3
6650,1
6651,11
6652,7
6653,1
6654,3
6655,3
6656,4
6657,1
6658,3
6659,6
6660,9
6661,3
6662,5
6663,4
6664,1
6665,5
6666,6
6667,1
6668,1
6669,2
6670,1
6671,2
6672,4
6673,4
6674,2
6675,2
6676,7
6677,12
6678,2
6679,2
6680,4
6681,3
6682,3
6683,2
6684,1
6685,3
6686,2
6687,3
6688,1
6689,10
6690,3
6691,1
6692,1
6693,1
6694,1
6695,3
6696,2
6697,1
6698,2
6699,8
6700,3
6701,3
6702,3
6703,1
6704,3
6705,1
6706,1
6707,2
6708,2
6709,2
6710,1
6711,1
6712,1
6713,3
6714,3
6715,1
6716,6
6717,1
6718,1
6719,1
6720,2
6721,5
6722,5
6723,2
6724,4
6725,2
6726,2
6727,1
6728,2
6729,1
6730,1
6731,5
6732,4
6733,2
6734,2
6735,1
6736,2
6737,2
6738,4
6739,3
6740,5
6741,3
6742,1
6743,2
6744,2
6745,7
6746,2
6747,1
6748,1
6749,2
6750,1
6751,2
6752,7
6753,5
6754,1
6755,3
6756,1
6757,1
6758,1
6759,1
6760,1
6761,2
6762,3
6763,5
6764,3
6765,1
6766,2
6767,4
6768,8
6769,8
6770,1
6771,1
6772,2
6773,2
6774,3
6775,2
6776,1
6777,1
6778,2
6779,1
6780,2
6781,1
6782,3
6783,1
6784,4
6785,5
6786,1
6787,2
6788,2
6789,1
6790,2
6791,1
6792,1
6793,1
6794,1
6795,3
6796,2
6797,1
6798,2
6799,1
6800,2
6801,3
6802,1
6803,1
6804,1
6805,2
6806,2
6807,2
6808,1
6809,2
6810,2
6811,1
6812,3
6813,1
6814,5
6815,2
6816,4
6817,4
6818,1
6819,1
6820,1
6821,3
6822,2
6823,3
6824,3
6825,1
6826,1
6827,7
6828,1
6829,2
6830,1
6831,1
6832,2
6833,1
6834,2
6835,1
6836,2
6837,2
6838,2
6839,1
6840,4
6841,4
6842,3
6843,4
6844,6
6845,1
6846,1
6847,6
6848,3
6849,2
6850,2
6851,2
6852,3
6853,1
6854,2
6855,2
6856,5
6857,1
6858,4
6859,1
6860,5
6861,2
6862,6
6863,6
6864,1
6865,1
6866,1
6867,1
6868,4
6869,3
6870,4
6871,4
6872,2
6873,2
6874,5
6875,1
6876,1
6877,2
6878,1
6879,4
6880,1
6881,6
6882,2
6883,1
6884,2
6885,1
6886,1
6887,1
6888,1
6889,4
6890,1
6891,1
6892,1
6893,1
6894,1
6895,1
6896,1
6897,1
6898,1
6899,1
6900,1
6901,2
6902,1
6903,3
6904,5
6905,3
6906,3
6907,3
6908,3
6909,4
6910,3
6911,4
6912,2
6913,1
6914,1
6915,1
6916,3
6917,2
6918,2
6919,1
6920,10
6921,1
6922,2
6923,1
6924,3
6925,4
6926,1
6927,2
6928,1
6929,1
6930,2
6931,1
6932,2
6933,1
6934,1
6935,3
6936,3
6937,7
6938,1
6939,1
6940,1
6941,1
6942,1
6943,2
6944,1
6945,4
6946,2
6947,1
6948,1
6949,2
6950,3
6951,2
6952,2
6953,1
6954,1
6955,1
6956,4
6957,2
6958,2
6959,3
6960,1
6961,1
6962,1
6963,5
6964,1
6965,2
6966,2
6967,1
6968,2
6969,1
6970,1
6971,1
6972,1
6973,2
6974,2
6975,3
6976,1
6977,2
6978,2
6979,3
6980,4
6981,1
6982,1
6983,3
6984,1
6985,6
6986,2
6987,8
6988,1
6989,1
6990,2
6991,3
6992,8
6993,1
6994,4
6995,2
6996,4
6997,2
6998,1
6999,2
7000,1
7001,1
7002,3
7003,1
7004,1
7005,2
7006,2
7007,4
7008,6
7009,3
7010,2
7011,3
7012,3
7013,3
7014,1
7015,1
7016,1
7017,5
7018,8
7019,9
7020,1
7021,4
7022,2
7023,1
7024,1
7025,1
7026,6
7027,5
7028,2
7029,1
7030,1
7031,4
7032,4
7033,1
7034,7
7035,3
7036,3
7037,1
7038,7
7039,3
7040,3
7041,4
7042,2
7043,2
7044,5
7045,9
7046,3
7047,3
7048,2
7049,8
7050,5
7051,3
7052,1
7053,2
7054,1
7055,3
7056,2
7057,1
7058,2
7059,1
7060,2
7061,2
7062,4
7063,1
7064,2
7065,1
7066,8
7067,3
7068,3
7069,2
7070,3
7071,5
7072,3
7073,2
7074,2
7075,2
7076,1
7077,1
7078,1
7079,4
7080,3
7081,2
7082,6
7083,3
7084,1
7085,3
7086,2
7087,2
7088,3
7089,5
7090,1
7091,1
7092,1
7093,1
7094,5
7095,4
7096,1
7097,6
7098,2
7099,2
7100,1
7101,3
7102,1
7103,1
7104,2
7105,4
7106,4
7107,1
7108,3
7109,1
7110,1
7111,4
7112,4
7113,2
7114,2
7115,10
7116,5
7117,1
7118,7
7119,2
7120,5
7121,4
7122,2
7123,1
7124,1
7125,1
7126,4
7127,7
7128,1
7129,3
7130,2
7131,1
7132,1
7133,1
7134,2
7135,6
7136,7
7137,1
7138,7
7139,3
7140,1
7141,4
7142,1
7143,1
7144,5
7145,4
7146,4
7147,2
7148,2
7149,1
7150,4
7151,1
7152,4
7153,1
7154,6
7155,2
7156,1
7157,4
7158,5
7159,1
7160,6
7161,7
7162,2
7163,4
7164,1
7165,1
7166,1
7167,2
7168,1
7169,9
7170,1
7171,6
7172,1
7173,3
7174,4
7175,1
7176,6
7177,7
7178,1
7179,3
7180,3
7181,3
7182,4
7183,8
7184,1
7185,4
7186,1
7187,5
7188,12
7189,2
7190,2
7191,5
7192,1
7193,3
7194,3
7195,3
7196,6
7197,5
7198,3
7199,2
7200,5
7201,2
7202,13
7203,5
7204,10
7205,2
7206,3
7207,2
7208,1
7209,2
7210,1
7211,1
7212,2
7213,7
7214,1
7215,10
7216,3
7217,8
7218,1
7219,9
7220,4
7221,6
7222,5
7223,1
7224,1
7225,5
7226,5
7227,6
7228,2
7229,2
7230,2
7231,5
7232,1
7233,2
7234,1
7235,1
7236,3
7237,1
7238,1
7239,1
7240,4
7241,1
7242,3
7243,3
7244,3
7245,10
7246,1
7247,3
7248,6
7249,3
7250,1
7251,1
7252,2
7253,3
7254,3
7255,2
7256,1
7257,2
7258,8
7259,1
7260,1
7261,1
7262,2
7263,2
7264,2
7265,4
7266,2
7267,1
7268,1
7269,3
7270,1
7271,1
7272,5
7273,2
7274,1
7275,1
7276,3
7277,2
7278,6
7279,2
7280,3
7281,2
7282,2
7283,2
7284,1
7285,2
7286,2
7287,4
7288,3
7289,2
7290,4
7291,2
7292,1
7293,2
7294,2
7295,4
7296,3
7297,1
7298,2
7299,4
7300,1
7301,1
7302,4
7303,6
7304,2
7305,4
7306,1
7307,1
7308,1
7309,2
7310,9
7311,1
7312,4
7313,1
7314,1
7315,3
7316,5
7317,2
7318,3
7319,7
7320,1
7321,1
7322,2
7323,3
7324,1
7325,2
7326,3
7327,1
7328,1
7329,2
7330,1
7331,2
7332,2
7333,1
7334,1
7335,4
7336,3
7337,1
7338,1
7339,1
7340,3
7341,1
7342,2
7343,2
7344,2
7345,3
7346,3
7347,1
7348,2
7349,3
7350,2
7351,2
7352,2
7353,3
7354,1
7355,1
7356,5
7357,1
7358,1
7359,2
7360,2
7361,2
7362,1
7363,1
7364,1
7365,2
7366,2
7367,6
7368,1
7369,4
7370,3
7371,1
7372,2
7373,4
7374,4
7375,3
7376,3
7377,1
7378,2
7379,3
7380,2
7381,6
7382,1
7383,2
7384,2
7385,4
7386,2
7387,1
7388,6
7389,1
7390,3
7391,2
7392,4
7393,3
7394,1
7395,1
7396,1
7397,1
7398,1
7399,3
7400,1
7401,1
7402,2
7403,1
7404,1
7405,1
7406,1
7407,4
7408,1
7409,2
7410,7
7411,3
7412,4
7413,3
7414,3
7415,2
7416,3
7417,2
7418,3
7419,2
7420,3
7421,3
7422,4
7423,4
7424,4
7425,2
7426,2
7427,3
7428,2
7429,1
7430,1
7431,1
7432,5
7433,2
7434,1
7435,1
7436,2
7437,7
7438,2
7439,1
7440,1
7441,2
7442,3
7443,3
7444,2
7445,5
7446,3
7447,5
7448,6
7449,2
7450,8
7451,2
7452,4
7453,2
7454,2
7455,2
7456,1
7457,1
7458,4
7459,1
7460,11
7461,5
7462,6
7463,3
7464,1
7465,1
7466,1
7467,10
7468,1
7469,3
7470,2
7471,1
7472,1
7473,3
7474,1
7475,3
7476,2
7477,2
7478,3
7479,3
7480,1
7481,4
7482,1
7483,2
7484,1
7485,1
7486,1
7487,1
7488,1
7489,3
7490,6
7491,1
7492,5
7493,1
7494,3
7495,1
7496,1
7497,2
7498,1
7499,1
7500,1
7501,1
7502,1
7503,2
7504,4
7505,2
7506,3
7507,1
7508,2
7509,1
7510,3
7511,3
7512,1
7513,1
7514,2
7515,4
7516,2
7517,9
7518,4
7519,7
7520,7
7521,1
7522,3
7523,2
7524,2
7525,3
7526,5
7527,1
7528,1
7529,5
7530,4
7531,23
7532,6
7533,22
7534,2
7535,2
7536,5
7537,4
7538,2
7539,5
7540,14
7541,14
7542,1
7543,18
7544,12
7545,1
7546,16
7547,9
7548,1
7549,1
7550,10
7551,1
7552,1
7553,7
7554,1
7555,4
7556,3
7557,2
7558,2
7559,5
7560,1
7561,2
7562,12
7563,3
7564,1
7565,4
7566,9
7567,1
7568,6
7569,5
7570,1
7571,5
7572,7
7573,1
7574,9
7575,1
7576,8
7577,10
7578,4
7579,7
7580,14
7581,1
7582,4
7583,5
7584,1
7585,5
7586,2
7587,2
7588,2
7589,3
7590,1
7591,1
7592,4
7593,3
7594,2
7595,4
7596,1
7597,1
7598,1
7599,1
7600,1
7601,2
7602,2
7603,1
7604,1
7605,1
7606,2
7607,2
7608,4
7609,3
7610,2
7611,1
7612,1
7613,2
7614,2
7615,1
7616,4
7617,1
7618,2
7619,1
7620,1
7621,5
7622,4
7623,3
7624,5
7625,3
7626,2
7627,2
7628,2
7629,5
7630,6
7631,1
7632,5
7633,1
7634,1
7635,3
7636,4
7637,1
7638,3
7639,2
7640,5
7641,3
7642,1
7643,3
7644,2
7645,1
7646,1
7647,1
7648,3
7649,4
7650,1
7651,1
7652,4
7653,3
7654,2
7655,2
7656,1
7657,6
7658,1
7659,1
7660,1
7661,2
7662,1
7663,2
7664,4
7665,1
7666,1
7667,2
7668,1
7669,1
7670,5
7671,1
7672,2
7673,1
7674,1
7675,4
7676,1
7677,1
7678,1
7679,2
7680,2
7681,2
7682,2
7683,2
7684,2
7685,2
7686,3
7687,5
7688,1
7689,1
7690,1
7691,1
7692,2
7693,3
7694,1
7695,1
7696,1
7697,1
7698,1
7699,1
7700,1
7701,1
7702,1
7703,1
7704,1
7705,1
7706,3
7707,2
7708,1
7709,1
7710,1
7711,2
7712,1
7713,2
7714,1
7715,2
7716,1
7717,1
7718,1
7719,1
7720,2
7721,1
7722,1
7723,1
7724,3
7725,1
7726,1
7727,1
7728,2
7729,1
7730,2
7731,1
7732,1
7733,1
7734,3
7735,1
7736,2
7737,1
7738,1
7739,1
7740,2
7741,1
7742,5
7743,1
7744,5
7745,4
7746,2
7747,3
7748,4
7749,3
7750,3
7751,1
7752,1
7753,2
7754,5
7755,2
7756,1
7757,7
7758,1
7759,2
7760,1
7761,1
7762,2
7763,3
7764,4
7765,1
7766,6
7767,2
7768,1
7769,2
7770,1
7771,8
7772,2
7773,1
7774,1
7775,1
7776,1
7777,3
7778,2
7779,5
7780,1
7781,1
7782,2
7783,4
7784,4
7785,2
7786,3
7787,1
7788,3
7789,1
7790,3
7791,1
7792,4
7793,2
7794,3
7795,2
7796,1
7797,3
7798,1
7799,1
7800,2
7801,1
7802,3
7803,1
7804,1
7805,1
7806,2
7807,1
7808,3
7809,1
7810,1
7811,2
7812,1
7813,2
7814,1
7815,1
7816,1
7817,5
7818,1
7819,3
7820,1
7821,1
7822,3
7823,2
7824,3
7825,1
7826,1
7827,2
7828,1
7829,1
7830,2
7831,8
7832,2
7833,1
7834,9
7835,1
7836,6
7837,1
7838,5
7839,1
7840,4
7841,3
7842,3
7843,5
7844,3
7845,1
7846,1
7847,3
7848,1
7849,5
7850,2
7851,1
7852,1
7853,1
7854,1
7855,1
7856,1
7857,1
7858,2
7859,1
7860,2
7861,2
7862,1
7863,1
7864,2
7865,2
7866,2
7867,2
7868,2
7869,2
7870,2
7871,3
7872,1
7873,1
7874,2
7875,3
7876,1
7877,1
7878,2
7879,1
7880,1
7881,2
7882,2
7883,3
7884,4
7885,7
7886,1
7887,1
7888,1
7889,6
7890,1
7891,1
7892,1
7893,3
7894,1
7895,1
7896,3
7897,1
7898,2
7899,2
7900,3
7901,1
7902,1
7903,3
7904,1
7905,2
7906,2
7907,1
7908,2
7909,2
7910,1
7911,1
7912,2
7913,2
7914,2
7915,1
7916,1
7917,1
7918,1
7919,1
7920,1
7921,2
7922,1
7923,2
7924,2
7925,1
7926,1
7927,1
7928,3
7929,3
7930,5
7931,2
7932,2
7933,2
7934,2
7935,8
7936,1
7937,1
7938,1
7939,4
7940,1
7941,2
7942,4
7943,1
7944,3
7945,2
7946,4
7947,1
7948,2
7949,3
7950,6
7951,1
7952,1
7953,3
7954,1
7955,1
7956,1
7957,2
7958,3
7959,5
7960,1
7961,4
7962,1
7963,2
7964,1
7965,1
7966,1
7967,1
7968,1
7969,1
7970,1
7971,2
7972,1
7973,1
7974,1
7975,2
7976,8
7977,3
7978,2
7979,1
7980,1
7981,2
7982,1
7983,3
7984,2
7985,1
7986,4
7987,2
7988,2
7989,2
7990,2
7991,1
7992,1
7993,2
7994,1
7995,5
7996,1
7997,1
7998,1
7999,1
8000,2
8001,2
8002,1
8003,5
8004,1
8005,1
8006,1
8007,4
8008,1
8009,6
8010,1
8011,1
8012,1
8013,2
8014,3
8015,4
8016,1
8017,4
8018,2
8019,1
8020,1
8021,2
8022,6
8023,2
8024,1
8025,1
8026,4
8027,13
8028,5
8029,5
8030,1
8031,4
8032,1
8033,2
8034,1
8035,6
8036,2
8037,1
8038,7
8039,5
8040,7
8041,1
8042,1
8043,1
8044,2
8045,2
8046,1
8047,1
8048,5
8049,1
8050,4
8051,3
8052,7
8053,1
8054,3
8055,1
8056,2
8057,1
8058,1
8059,2
8060,1
8061,5
8062,8
8063,3
8064,1
8065,3
8066,2
8067,1
8068,1
8069,2
8070,1
8071,4
8072,13
8073,2
8074,4
8075,1
8076,1
8077,1
8078,1
8079,1
8080,2
8081,4
8082,2
8083,1
8084,9
8085,5
8086,3
8087,3
8088,6
8089,4
8090,5
8091,5
8092,3
8093,1
8094,1
8095,1
8096,2
8097,6
8098,9
8099,1
8100,10
8101,1
8102,1
8103,3
8104,2
8105,6
8106,9
8107,5
8108,7
8109,1
8110,7
8111,2
8112,1
8113,1
8114,9
8115,4
8116,1
8117,1
8118,2
8119,5
8120,2
8121,1
8122,3
8123,3
8124,1
8125,4
8126,2
8127,3
8128,1
8129,2
8130,6
8131,1
8132,1
8133,6
8134,1
8135,2
8136,7
8137,1
8138,1
8139,2
8140,5
8141,3
8142,3
8143,1
8144,5
8145,5
8146,1
8147,1
8148,1
8149,3
8150,7
8151,6
8152,1
8153,1
8154,6
8155,1
8156,5
8157,1
8158,3
8159,3
8160,1
8161,4
8162,4
8163,2
8164,1
8165,2
8166,3
8167,1
8168,1
8169,1
8170,4
8171,1
8172,2
8173,3
8174,1
8175,2
8176,1
8177,9
8178,5
8179,10
8180,3
8181,1
8182,2
8183,4
8184,1
8185,1
8186,7
8187,1
8188,2
8189,1
8190,1
8191,1
8192,2
8193,1
8194,1
8195,8
8196,2
8197,1
8198,2
8199,2
8200,1
8201,5
8202,2
8203,2
8204,8
8205,6
8206,7
8207,1
8208,3
8209,4
8210,4
8211,1
8212,1
8213,6
8214,1
8215,7
8216,1
8217,2
8218,2
8219,2
8220,1
8221,4
8222,3
8223,1
8224,1
8225,1
8226,1
8227,1
8228,1
8229,1
8230,3
8231,2
8232,3
8233,2
8234,1
8235,3
8236,5
8237,1
8238,1
8239,3
8240,3
8241,2
8242,1
8243,2
8244,8
8245,2
8246,4
8247,2
8248,2
8249,1
8250,5
8251,1
8252,1
8253,3
8254,7
8255,2
8256,1
8257,3
8258,1
8259,3
8260,1
8261,2
8262,1
8263,1
8264,3
8265,2
8266,1
8267,5
8268,1
8269,4
8270,2
8271,1
8272,1
8273,1
8274,2
8275,1
8276,1
8277,1
8278,1
8279,1
8280,1
8281,2
8282,1
8283,3
8284,3
8285,2
8286,2
8287,3
8288,1
8289,1
8290,1
8291,1
8292,1
8293,3
8294,2
8295,1
8296,3
8297,1
8298,3
8299,2
8300,1
8301,1
8302,1
8303,1
8304,4
8305,2
8306,3
8307,3
8308,4
8309,1
8310,1
8311,1
8312,3
8313,1
8314,2
8315,2
8316,2
8317,1
8318,1
8319,1
8320,1
8321,1
8322,2
8323,1
8324,1
8325,3
8326,7
8327,1
8328,3
8329,4
8330,2
8331,1
8332,6
8333,5
8334,3
8335,1
8336,2
8337,1
8338,2
8339,1
8340,2
8341,4
8342,1
8343,2
8344,5
8345,2
8346,4
8347,3
8348,2
8349,1
8350,3
8351,4
8352,1
8353,4
8354,9
8355,1
8356,2
8357,4
8358,2
8359,1
8360,4
8361,2
8362,1
8363,2
8364,1
8365,2
8366,1
8367,6
8368,4
8369,1
8370,1
8371,4
8372,1
8373,2
8374,1
8375,5
8376,4
8377,5
8378,2
8379,1
8380,6
8381,3
8382,3
8383,1
8384,1
8385,2
8386,7
8387,2
8388,5
8389,4
8390,3
8391,5
8392,2
8393,1
8394,2
8395,3
8396,1
8397,4
8398,1
8399,6
8400,7
8401,1
8402,3
8403,1
8404,3
8405,2
8406,2
8407,1
8408,6
8409,1
8410,2
8411,1
8412,2
8413,2
8414,1
8415,1
8416,1
8417,4
8418,1
8419,1
8420,1
8421,2
8422,2
8423,3
8424,3
8425,3
8426,2
8427,2
8428,3
8429,1
8430,4
8431,1
8432,2
8433,1
8434,1
8435,6
8436,1
8437,2
8438,3
8439,1
8440,1
8441,1
8442,3
8443,1
8444,1
8445,5
8446,2
8447,1
8448,4
8449,1
8450,1
8451,2
8452,1
8453,1
8454,1
8455,1
8456,2
8457,1
8458,2
8459,1
8460,3
8461,3
8462,1
8463,1
8464,1
8465,4
8466,1
8467,1
8468,3
8469,1
8470,1
8471,1
8472,6
8473,2
8474,3
8475,1
8476,1
8477,6
8478,2
8479,3
8480,1
8481,1
8482,1
8483,3
8484,1
8485,3
8486,7
8487,2
8488,5
8489,2
8490,2
8491,1
8492,2
8493,1
8494,2
8495,2
8496,6
8497,1
8498,1
8499,6
8500,1
8501,1
8502,1
8503,3
8504,1
8505,1
8506,9
8507,1
8508,3
8509,1
8510,1
8511,2
8512,1
8513,3
8514,4
8515,1
8516,3
8517,6
8518,3
8519,1
8520,1
8521,1
8522,3
8523,1
8524,1
8525,1
8526,2
8527,2
8528,3
8529,3
8530,1
8531,1
8532,1
8533,2
8534,2
8535,1
8536,6
8537,3
8538,2
8539,1
8540,2
8541,5
8542,3
8543,3
8544,2
8545,2
8546,1
8547,1
8548,1
8549,2
8550,1
8551,2
8552,1
8553,1
8554,2
8555,1
8556,1
8557,1
8558,2
8559,2
8560,2
8561,1
8562,1
8563,4
8564,4
8565,2
8566,1
8567,1
8568,1
8569,1
8570,4
8571,2
8572,2
8573,2
8574,2
8575,1
8576,3
8577,3
8578,1
8579,1
8580,1
8581,1
8582,2
8583,4
8584,1
8585,3
8586,1
8587,1
8588,1
8589,3
8590,1
8591,1
8592,1
8593,1
8594,3
8595,2
8596,1
8597,1
8598,1
8599,1
8600,1
8601,1
8602,1
8603,2
8604,2
8605,2
8606,1
8607,1
8608,2
8609,2
8610,1
8611,1
8612,3
8613,1
8614,4
8615,4
8616,1
8617,1
8618,2
8619,2
8620,1
8621,4
8622,5
8623,2
8624,1
8625,1
8626,1
8627,1
8628,1
8629,1
8630,7
8631,1
8632,1
8633,2
8634,6
8635,1
8636,5
8637,2
8638,2
8639,5
8640,1
8641,1
8642,2
8643,1
8644,3
8645,2
8646,3
8647,3
8648,3
8649,1
8650,1
8651,2
8652,1
8653,3
8654,3
8655,1
8656,1
8657,2
8658,3
8659,2
8660,2
8661,2
8662,3
8663,3
8664,1
8665,5
8666,1
8667,1
8668,1
8669,3
8670,2
8671,9
8672,1
8673,3
8674,1
8675,1
8676,5
8677,3
8678,8
8679,2
8680,6
8681,1
8682,2
8683,1
8684,2
8685,8
8686,3
8687,5
8688,1
8689,3
8690,4
8691,1
8692,1
8693,3
8694,5
8695,3
8696,8
8697,8
8698,1
8699,2
8700,6
8701,10
8702,6
8703,2
8704,2
8705,2
8706,5
8707,11
8708,1
8709,16
8710,4
8711,4
8712,3
8713,9
8714,2
8715,4
8716,6
8717,3
8718,1
8719,3
8720,5
8721,1
8722,6
8723,2
8724,1
8725,1
8726,3
8727,4
8728,2
8729,4
8730,2
8731,2
8732,12
8733,1
8734,4
8735,5
8736,5
8737,3
8738,2
8739,12
8740,4
8741,2
8742,2
8743,1
8744,3
8745,8
8746,8
8747,8
8748,4
8749,5
8750,7
8751,6
8752,6
8753,4
8754,3
8755,2
8756,4
8757,1
8758,1
8759,2
8760,2
8761,8
8762,5
8763,4
8764,10
8765,1
8766,3
8767,9
8768,11
8769,6
8770,3
8771,9
8772,12
8773,8
8774,4
8775,8
8776,4
8777,1
8778,2
8779,1
8780,3
8781,3
8782,3
8783,5
8784,3
8785,2
8786,2
8787,1
8788,7
8789,1
8790,2
8791,11
8792,5
8793,1
8794,7
8795,1
8796,2
8797,1
8798,3
8799,3
8800,3
8801,2
8802,2
8803,5
8804,1
8805,5
8806,3
8807,1
8808,7
8809,4
8810,1
8811,2
8812,1
8813,1
8814,2
8815,5
8816,4
8817,1
8818,1
8819,8
8820,1
8821,2
8822,6
8823,5
8824,3
8825,1
8826,3
8827,1
8828,2
8829,2
8830,1
8831,1
8832,4
8833,2
8834,2
8835,1
8836,3
8837,7
8838,7
8839,1
8840,4
8841,6
8842,3
8843,1
8844,1
8845,4
8846,3
8847,11
8848,4
8849,5
8850,5
8851,10
8852,1
8853,2
8854,5
8855,2
8856,3
8857,1
8858,3
8859,1
8860,2
8861,3
8862,2
8863,2
8864,2
8865,3
8866,3
8867,1
8868,1
8869,5
8870,1
8871,2
8872,1
8873,1
8874,3
8875,2
8876,1
8877,1
8878,1
8879,1
8880,1
8881,1
8882,2
8883,4
8884,1
8885,1
8886,2
8887,2
8888,2
8889,1
8890,7
8891,1
8892,2
8893,5
8894,2
8895,1
8896,3
8897,3
8898,6
8899,1
8900,4
8901,5
8902,3
8903,4
8904,6
8905,3
8906,7
8907,1
8908,2
8909,1
8910,1
8911,5
8912,3
8913,3
8914,6
8915,1
8916,2
8917,1
8918,6
8919,1
8920,2
8921,8
8922,1
8923,3
8924,1
8925,3
8926,4
8927,2
8928,2
8929,1
8930,4
8931,5
8932,1
8933,1
8934,5
8935,1
8936,7
8937,4
8938,2
8939,3
8940,1
8941,1
8942,8
8943,1
8944,6
8945,4
8946,1
8947,6
8948,6
8949,1
8950,1
8951,1
8952,4
8953,3
8954,3
8955,1
8956,3
8957,1
8958,3
8959,3
8960,3
8961,1
8962,2
8963,1
8964,3
8965,1
8966,1
8967,2
8968,2
8969,2
8970,3
8971,1
8972,1
8973,1
8974,3
8975,6
8976,1
8977,1
8978,2
8979,1
8980,4
8981,1
8982,2
8983,2
8984,7
8985,1
8986,1
8987,1
8988,2
8989,1
8990,2
8991,1
8992,5
8993,1
8994,1
8995,1
8996,2
8997,6
8998,1
8999,3
9000,1
9001,6
9002,3
9003,1
9004,3
9005,2
9006,3
9007,1
9008,3
9009,3
9010,6
9011,2
9012,3
9013,1
9014,2
9015,6
9016,1
9017,1
9018,2
9019,2
9020,3
9021,4
9022,5
9023,2
9024,2
9025,6
9026,4
9027,3
9028,1
9029,3
9030,4
9031,1
9032,3
9033,1
9034,2
9035,4
9036,1
9037,1
9038,1
9039,2
9040,4
9041,3
9042,1
9043,1
9044,1
9045,2
9046,1
9047,1
9048,2
9049,1
9050,3
9051,1
9052,3
9053,1
9054,3
9055,1
9056,4
9057,7
9058,4
9059,7
9060,3
9061,6
9062,11
9063,1
9064,9
9065,4
9066,2
9067,3
9068,4
9069,1
9070,2
9071,2
9072,5
9073,4
9074,1
9075,1
9076,1
9077,3
9078,1
9079,2
9080,5
9081,6
9082,9
9083,6
9084,8
9085,3
9086,3
9087,2
9088,6
9089,1
9090,3
9091,4
9092,1
9093,1
9094,2
9095,3
9096,1
9097,1
9098,9
9099,8
9100,2
9101,2
9102,2
9103,2
9104,3
9105,2
9106,1
9107,5
9108,9
9109,6
9110,3
9111,1
9112,1
9113,6
9114,3
9115,2
9116,2
9117,1
9118,2
9119,2
9120,1
9121,1
9122,7
9123,3
9124,3
9125,10
9126,3
9127,8
9128,18
9129,2
9130,7
9131,10
9132,1
9133,6
9134,4
9135,7
9136,1
9137,2
9138,7
9139,6
9140,4
9141,1
9142,3
9143,17
9144,7
9145,2
9146,6
9147,1
9148,4
9149,4
9150,12
9151,6
9152,1
9153,1
9154,2
9155,5
9156,2
9157,3
9158,1
9159,1
9160,2
9161,1
9162,2
9163,1
9164,2
9165,3
9166,4
9167,2
9168,4
9169,3
9170,1
9171,4
9172,5
9173,2
9174,8
9175,7
9176,13
9177,15
9178,7
9179,1
9180,2
9181,1
9182,9
9183,6
9184,1
9185,6
9186,1
9187,2
9188,5
9189,9
9190,1
9191,2
9192,5
9193,11
9194,5
9195,5
9196,1
9197,1
9198,1
9199,10
9200,4
9201,4
9202,4
9203,11
9204,2
9205,1
9206,5
9207,6
9208,4
9209,1
9210,5
9211,1
9212,5
9213,11
9214,3
9215,8
9216,7
9217,17
9218,1
9219,15
9220,3
9221,1
9222,1
9223,10
9224,2
9225,2
9226,11
9227,3
9228,3
9229,5
9230,1
9231,4
9232,1
9233,12
9234,7
9235,2
9236,6
9237,8
9238,2
9239,1
9240,21
9241,9
9242,30
9243,10
9244,2
9245,6
9246,11
9247,6
9248,3
9249,2
9250,4
9251,5
9252,16
9253,2
9254,31
9255,11
9256,11
9257,25
9258,17
9259,6
9260,10
9261,9
9262,6
9263,3
9264,5
9265,24
9266,1
9267,13
9268,13
9269,1
9270,2
9271,32
9272,26
9273,1
9274,1
9275,37
9276,8
9277,2
9278,2
9279,20
9280,2
9281,6
9282,3
9283,19
9284,28
9285,2
9286,4
9287,9
9288,7
9289,11
9290,7
9291,7
9292,11
9293,2
9294,24
9295,10
9296,3
9297,6
9298,1
9299,1
9300,18
9301,5
9302,4
9303,6
9304,3
9305,3
9306,9
9307,2
9308,10
9309,1
9310,15
9311,3
9312,8
9313,1
9314,3
9315,9
9316,16
9317,14
9318,10
9319,4
9320,18
9321,25
9322,8
9323,15
9324,5
9325,2
9326,3
9327,2
9328,16
9329,27
9330,1
9331,17
9332,1
9333,5
9334,1
9335,8
9336,11
9337,8
9338,10
9339,3
9340,31
9341,8
9342,3
9343,3
9344,1
9345,9
9346,12
9347,1
9348,4
9349,2
9350,7
9351,8
9352,6
9353,22
9354,1
9355,8
9356,1
9357,13
9358,4
9359,1
9360,11
9361,1
9362,7
9363,5
9364,10
9365,17
9366,9
9367,3
9368,16
9369,1
9370,1
9371,5
9372,6
9373,7
9374,2
9375,8
9376,9
9377,6
9378,26
9379,4
9380,4
9381,14
9382,11
9383,1
9384,1
9385,11
9386,7
9387,10
9388,12
9389,2
9390,3
9391,2
9392,1
9393,9
9394,15
9395,12
9396,26
9397,3
9398,3
9399,29
9400,24
9401,44
9402,1
9403,10
9404,11
9405,1
9406,13
9407,21
9408,11
9409,6
9410,10
9411,28
9412,13
9413,21
9414,9
9415,1
9416,8
9417,30
9418,1
9419,23
9420,2
9421,16
9422,51
9423,8
9424,8
9425,18
9426,1
9427,1
9428,1
9429,4
9430,45
9431,16
9432,18
9433,14
9434,32
9435,5
9436,19
9437,2
9438,6
9439,14
9440,1
9441,16
9442,3
9443,27
9444,4
9445,9
9446,14
9447,13
9448,21
9449,1
9450,6
9451,7
9452,2
9453,17
9454,30
9455,34
9456,6
9457,35
9458,10
9459,6
9460,9
9461,11
9462,14
9463,10
9464,5
9465,10
9466,10
9467,16
9468,25
9469,9
9470,15
9471,24
9472,7
9473,3
9474,3
9475,11
9476,12
9477,9
9478,46
9479,10
9480,2
9481,3
9482,14
9483,11
9484,1
9485,37
9486,4
9487,16
9488,9
9489,24
9490,14
9491,1
9492,14
9493,3
9494,22
9495,4
9496,10
9497,1
9498,5
9499,25
9500,7
9501,8
9502,4
9503,5
9504,2
9505,4
9506,12
9507,4
9508,21
9509,17
9510,16
9511,9
9512,2
9513,7
9514,4
9515,3
9516,4
9517,2
9518,11
9519,3
9520,8
9521,9
9522,5
9523,4
9524,14
9525,1
9526,1
9527,6
9528,22
9529,1
9530,5
9531,9
9532,6
9533,12
9534,12
9535,12
9536,3
9537,2
9538,3
9539,4
9540,1
9541,8
9542,1
9543,19
9544,16
9545,12
9546,9
9547,7
9548,7
9549,7
9550,13
9551,3
9552,7
9553,1
9554,13
9555,11
9556,30
9557,6
9558,3
9559,3
9560,7
9561,26
9562,7
9563,7
9564,4
9565,2
9566,4
9567,4
9568,12
9569,4
9570,24
9571,7
9572,1
9573,9
9574,11
9575,1
9576,8
9577,14
9578,2
9579,25
9580,6
9581,5
9582,8
9583,10
9584,4
9585,11
9586,10
9587,2
9588,9
9589,4
9590,12
9591,6
9592,10
9593,4
9594,1
9595,13
9596,5
9597,5
9598,5
9599,3
9600,6
9601,6
9602,1
9603,1
9604,4
9605,2
9606,4
9607,1
9608,9
9609,7
9610,4
9611,2
9612,5
9613,10
9614,1
9615,3
9616,3
9617,2
9618,4
9619,2
9620,2
9621,1
9622,1
9623,2
9624,4
9625,5
9626,4
9627,2
9628,2
9629,9
9630,3
9631,1
9632,2
9633,5
9634,6
9635,1
9636,1
9637,1
9638,2
9639,8
9640,4
9641,8
9642,1
9643,2
9644,2
9645,1
9646,5
9647,4
9648,1
9649,2
9650,3
9651,2
9652,7
9653,1
9654,1
9655,9
9656,1
9657,8
9658,7
9659,9
9660,3
9661,2
9662,1
9663,7
9664,2
9665,1
9666,2
9667,9
9668,11
9669,2
9670,1
9671,1
9672,2
9673,4
9674,5
9675,1
9676,2
9677,2
9678,1
9679,5
9680,3
9681,3
9682,3
9683,6
9684,1
9685,4
9686,5
9687,6
9688,3
9689,3
9690,1
9691,2
9692,2
9693,7
9694,1
9695,6
9696,1
9697,5
9698,1
9699,1
9700,1
9701,2
9702,1
9703,1
9704,6
9705,2
9706,1
9707,1
9708,2
9709,3
9710,4
9711,5
9712,1
9713,12
9714,8
9715,1
9716,3
9717,2
9718,4
9719,2
9720,1
9721,9
9722,4
9723,1
9724,2
9725,7
9726,2
9727,1
9728,8
9729,1
9730,1
9731,2
9732,3
9733,4
9734,5
9735,7
9736,1
9737,1
9738,5
9739,7
9740,4
9741,1
9742,2
9743,1
9744,12
9745,2
9746,1
9747,5
9748,3
9749,1
9750,5
9751,4
9752,4
9753,1
9754,2
9755,4
9756,3
9757,5
9758,1
9759,6
9760,2
9761,2
9762,1
9763,1
9764,6
9765,3
9766,1
9767,2
9768,2
9769,2
9770,2
9771,7
9772,10
9773,2
9774,1
9775,2
9776,5
9777,6
9778,10
9779,1
9780,2
9781,3
9782,2
9783,2
9784,7
9785,3
9786,3
9787,1
9788,6
9789,1
9790,7
9791,3
9792,4
9793,3
9794,1
9795,1
9796,4
9797,9
9798,2
9799,4
9800,1
9801,1
9802,4
9803,3
9804,4
9805,2
9806,3
9807,1
9808,4
9809,2
9810,3
9811,2
9812,2
9813,1
9814,1
9815,3
9816,1
9817,3
9818,4
9819,1
9820,1
9821,2
9822,1
9823,1
9824,1
9825,1
9826,1
9827,2
9828,3
9829,1
9830,2
9831,2
9832,2
9833,2
9834,1
9835,1
9836,1
9837,1
9838,2
9839,1
9840,1
9841,1
9842,2
9843,2
9844,1
9845,3
9846,4
9847,3
9848,3
9849,4
9850,4
9851,5
9852,1
9853,4
9854,4
9855,5
9856,4
9857,2
9858,1
9859,1
9860,2
9861,1
9862,2
9863,2
9864,1
9865,1
9866,7
9867,2
9868,6
9869,3
9870,6
9871,2
9872,1
9873,1
9874,1
9875,3
9876,3
9877,3
9878,3
9879,1
9880,1
9881,3
9882,1
9883,5
9884,2
9885,1
9886,7
9887,2
9888,1
9889,1
9890,4
9891,1
9892,4
9893,4
9894,1
9895,7
9896,3
9897,5
9898,1
9899,1
9900,1
9901,1
9902,3
9903,1
9904,1
9905,2
9906,2
9907,2
9908,1
9909,1
9910,1
9911,2
9912,1
9913,1
9914,2
9915,4
9916,1
9917,1
9918,1
9919,1
9920,1
9921,1
9922,2
9923,3
9924,5
9925,2
9926,2
9927,1
9928,12
9929,2
9930,1
9931,3
9932,5
9933,5
9934,4
9935,1
9936,2
9937,4
9938,1
9939,1
9940,2
9941,5
9942,2
9943,3
9944,5
9945,3
9946,5
9947,2
9948,2
9949,2
9950,5
9951,2
9952,4
9953,4
9954,5
9955,3
9956,1
9957,1
9958,3
9959,3
9960,1
9961,2
9962,3
9963,16
9964,2
9965,8
9966,8
9967,2
9968,3
9969,4
9970,5
9971,4
9972,4
9973,2
9974,3
9975,8
9976,5
9977,1
9978,4
9979,2
9980,6
9981,2
9982,1
9983,1
9984,1
9985,13
9986,2
9987,9
9988,2
9989,2
9990,6
9991,1
9992,3
9993,1
9994,11
9995,14
9996,1
9997,3
9998,10
9999,5
10000,6
10001,11
10002,6
10003,5
10004,5
10005,2
10006,1
10007,7
10008,4
10009,1
10010,3
10011,6
10012,2
10013,1
10014,1
10015,1
10016,8
10017,2
10018,9
10019,5
10020,9
10021,1
10022,2
10023,4
10024,3
10025,3
10026,1
10027,4
10028,4
10029,1
10030,9
10031,1
10032,5
10033,2
10034,9
10035,23
10036,10
10037,7
10038,9
10039,1
10040,4
10041,7
10042,2
10043,6
10044,2
10045,4
10046,5
10047,10
10048,1
10049,7
10050,7
10051,10
10052,1
10053,3
10054,1
10055,9
10056,2
10057,4
10058,1
10059,3
10060,5
10061,1
10062,3
10063,4
10064,4
10065,3
10066,4
10067,7
10068,2
10069,3
10070,3
10071,1
10072,2
10073,1
10074,6
10075,10
10076,1
10077,1
10078,3
10079,2
10080,2
10081,5
10082,7
10083,9
10084,1
10085,3
10086,1
10087,8
10088,1
10089,1
10090,8
10091,4
10092,1
10093,13
10094,11
10095,3
10096,2
10097,1
10098,4
10099,4
10100,4
10101,2
10102,1
10103,10
10104,2
10105,3
10106,9
10107,5
10108,1
10109,6
10110,1
10111,4
10112,1
10113,2
10114,3
10115,7
10116,2
10117,2
10118,1
10119,1
10120,1
10121,6
10122,3
10123,1
10124,4
10125,1
10126,4
10127,2
10128,7
10129,1
10130,2
10131,11
10132,3
10133,4
10134,2
10135,7
10136,2
10137,1
10138,4
10139,2
10140,1
10141,3
10142,9
10143,10
10144,1
10145,1
10146,2
10147,1
10148,5
10149,1
10150,14
10151,2
10152,1
10153,1
10154,24
10155,5
10156,2
10157,11
10158,6
10159,3
10160,10
10161,7
10162,9
10163,5
10164,7
10165,15
10166,4
10167,5
10168,7
10169,8
10170,12
10171,6
10172,1
10173,2
10174,11
10175,11
10176,1
10177,3
10178,2
10179,12
10180,1
10181,6
10182,3
10183,10
10184,5
10185,1
10186,2
10187,6
10188,7
10189,2
10190,5
10191,3
10192,1
10193,1
10194,1
10195,6
10196,11
10197,1
10198,3
10199,4
10200,3
10201,1
10202,1
10203,1
10204,1
10205,2
10206,5
10207,1
10208,5
10209,7
10210,3
10211,7
10212,7
10213,5
10214,5
10215,2
10216,2
10217,10
10218,14
10219,2
10220,1
10221,2
10222,2
10223,1
10224,11
10225,3
10226,1
10227,7
10228,1
10229,4
10230,3
10231,2
10232,7
10233,1
10234,8
10235,10
10236,3
10237,9
10238,3
10239,1
10240,4
10241,2
10242,1
10243,6
10244,1
10245,8
10246,8
10247,4
10248,3
10249,1
10250,1
10251,3
10252,3
10253,3
10254,4
10255,5
10256,1
10257,2
10258,3
10259,7
10260,6
10261,1
10262,8
10263,1
10264,2
10265,6
10266,2
10267,3
10268,5
10269,1
10270,5
10271,4
10272,4
10273,1
10274,2
10275,3
10276,6
10277,7
10278,8
10279,5
10280,5
10281,3
10282,5
10283,1
10284,2
10285,5
10286,4
10287,3
10288,2
10289,2
10290,6
10291,1
10292,16
10293,1
10294,2
10295,3
10296,5
10297,3
10298,4
10299,10
10300,1
10301,6
10302,1
10303,2
10304,6
10305,2
10306,2
10307,4
10308,11
10309,8
10310,9
10311,2
10312,3
10313,3
10314,4
10315,8
10316,2
10317,6
10318,13
10319,4
10320,2
10321,4
10322,2
10323,3
10324,2
10325,3
10326,15
10327,2
10328,8
10329,1
10330,16
10331,2
10332,12
10333,1
10334,5
10335,5
10336,4
10337,2
10338,2
10339,17
10340,1
10341,2
10342,2
10343,8
10344,9
10345,10
10346,14
10347,11
10348,9
10349,1
10350,5
10351,9
10352,4
10353,3
10354,4
10355,19
10356,3
10357,11
10358,3
10359,8
10360,5
10361,6
10362,8
10363,13
10364,2
10365,4
10366,7
10367,15
10368,7
10369,1
10370,4
10371,1
10372,3
10373,2
10374,4
10375,3
10376,1
10377,7
10378,1
10379,7
10380,1
10381,3
10382,7
10383,8
10384,7
10385,19
10386,2
10387,6
10388,19
10389,4
10390,5
10391,14
10392,10
10393,4
10394,8
10395,28
10396,8
10397,7
10398,1
10399,1
10400,10
10401,2
10402,9
10403,5
10404,15
10405,3
10406,10
10407,4
10408,6
10409,4
10410,2
10411,1
10412,2
10413,3
10414,20
10415,1
10416,4
10417,12
10418,1
10419,24
10420,9
10421,14
10422,12
10423,11
10424,1
10425,10
10426,4
10427,10
10428,11
10429,1
10430,6
10431,8
10432,6
10433,18
10434,2
10435,13
10436,10
10437,16
10438,10
10439,1
10440,1
10441,5
10442,3
10443,8
10444,16
10445,8
10446,7
10447,9
10448,6
10449,18
10450,5
10451,5
10452,8
10453,3
10454,7
10455,1
10456,2
10457,8
10458,1
10459,22
10460,27
10461,6
10462,13
10463,24
10464,1
10465,13
10466,3
10467,2
10468,6
10469,4
10470,3
10471,13
10472,16
10473,16
10474,1
10475,4
10476,24
10477,2
10478,8
10479,3
10480,28
10481,17
10482,12
10483,20
10484,19
10485,1
10486,15
10487,5
10488,2
10489,15
10490,6
10491,2
10492,7
10493,8
10494,1
10495,1
10496,23
10497,20
10498,8
10499,7
10500,5
10501,3
10502,7
10503,18
10504,1
10505,28
10506,3
10507,11
10508,2
10509,26
10510,13
10511,9
10512,12
10513,24
10514,3
10515,9
10516,14
10517,11
10518,1
10519,30
10520,4
10521,8
10522,26
10523,15
10524,4
10525,12
10526,11
10527,10
10528,3
10529,3
10530,5
10531,4
10532,6
10533,13
10534,28
10535,4
10536,21
10537,9
10538,8
10539,11
10540,5
10541,40
10542,17
10543,25
10544,58
10545,3
10546,11
10547,16
10548,2
10549,15
10550,1
10551,11
10552,56
10553,60
10554,13
10555,21
10556,25
10557,1
10558,7
10559,8
10560,10
10561,2
10562,6
10563,12
10564,25
10565,4
10566,27
10567,2
10568,6
10569,5
10570,16
10571,3
10572,31
10573,1
10574,23
10575,6
10576,15
10577,7
10578,8
10579,11
10580,1
10581,3
10582,11
10583,5
10584,18
10585,3
10586,7
10587,13
10588,19
10589,7
10590,7
10591,4
10592,9
10593,15
10594,1
10595,22
10596,8
10597,19
10598,6
10599,3
10600,2
10601,3
10602,2
10603,2
10604,2
10605,10
10606,1
10607,6
10608,3
10609,5
10610,10
10611,10
10612,2
10613,5
10614,4
10615,7
10616,8
10617,15
10618,11
10619,2
10620,4
10621,3
10622,2
10623,2
10624,14
10625,6
10626,5
10627,2
10628,6
10629,2
10630,11
10631,12
10632,2
10633,3
10634,8
10635,3
10636,16
10637,9
10638,13
10639,7
10640,15
10641,13
10642,13
10643,3
10644,7
10645,2
10646,5
10647,18
10648,11
10649,2
10650,2
10651,12
10652,2
10653,2
10654,8
10655,2
10656,1
10657,7
10658,2
10659,2
10660,2
10661,4
10662,6
10663,7
10664,1
10665,3
10666,1
10667,12
10668,9
10669,6
10670,6
10671,1
10672,7
10673,10
10674,11
10675,2
10676,5
10677,14
10678,10
10679,4
10680,16
10681,1
10682,6
10683,2
10684,2
10685,1
10686,1
10687,1
10688,1
10689,2
10690,2
10691,1
10692,1
10693,6
10694,1
10695,1
10696,1
10697,1
10698,2
10699,2
10700,1
10701,3
10702,4
10703,4
10704,1
10705,1
10706,1
10707,3
10708,2
10709,2
10710,2
10711,1
10712,4
10713,2
10714,1
10715,6
10716,3
10717,1
10718,5
10719,2
10720,4
10721,7
10722,1
10723,4
10724,2
10725,5
10726,1
10727,4
10728,2
10729,1
10730,1
10731,1
10732,1
10733,1
10734,4
10735,2
10736,1
10737,7
10738,1
10739,6
10740,1
10741,1
10742,3
10743,1
10744,1
10745,2
10746,1
10747,2
10748,1
10749,1
10750,2
10751,4
10752,3
10753,2
10754,1
10755,2
10756,1
10757,3
10758,1
10759,3
10760,1
10761,1
10762,3
10763,2
10764,1
10765,1
10766,1
10767,1
10768,1
10769,4
10770,1
10771,4
10772,1
10773,1
10774,5
10775,2
10776,1
10777,1
10778,1
10779,1
10780,1
10781,1
10782,1
10783,1
10784,2
10785,1
10786,1
10787,2
10788,1
10789,2
10790,3
10791,1
10792,1
10793,3
10794,2
10795,3
10796,1
10797,1
10798,1
10799,4
10800,1
