1,7
2,2
3,3
4,1
5,1
6,3
7,2
8,1
9,1
10,14
11,1
12,5
13,1
14,1
15,2
16,7
17,2
18,4
19,1
20,1
21,13
22,4
23,2
24,2
25,6
26,1
27,8
28,2
29,1
30,1
31,4
32,6
33,2
34,3
35,1
36,9
37,5
38,7
39,11
40,1
41,1
42,14
43,2
44,3
45,9
46,7
47,2
48,6
49,2
50,6
51,2
52,1
53,5
54,1
55,1
56,2
57,1
58,2
59,6
60,11
61,5
62,4
63,1
64,6
65,1
66,3
67,1
68,4
69,2
70,7
71,7
72,14
73,9
74,2
75,7
76,4
77,1
78,2
79,18
80,1
81,3
82,2
83,2
84,2
85,2
86,4
87,2
88,1
89,1
90,10
91,5
92,3
93,4
94,3
95,2
96,5
97,2
98,2
99,2
100,8
101,9
102,2
103,6
104,4
105,3
106,2
107,6
108,1
109,1
110,4
111,4
112,4
113,5
114,6
115,3
116,1
117,4
118,8
119,2
120,6
121,1
122,8
123,1
124,6
125,1
126,1
127,1
128,10
129,8
130,11
131,1
132,4
133,7
134,6
135,5
136,1
137,3
138,10
139,1
140,1
141,5
142,5
143,5
144,1
145,2
146,19
147,3
148,13
149,12
150,1
151,8
152,9
153,2
154,4
155,2
156,1
157,4
158,1
159,6
160,4
161,1
162,12
163,4
164,4
165,7
166,10
167,2
168,1
169,1
170,7
171,6
172,1
173,2
174,1
175,7
176,1
177,2
178,5
179,6
180,3
181,2
182,2
183,1
184,1
185,3
186,7
187,4
188,2
189,3
190,4
191,6
192,3
193,2
194,4
195,5
196,2
197,12
198,3
199,9
200,2
201,3
202,4
203,5
204,12
205,2
206,1
207,2
208,1
209,2
210,1
211,24
212,1
213,2
214,2
215,4
216,1
217,2
218,3
219,2
220,9
221,1
222,2
223,4
224,4
225,3
226,1
227,2
228,4
229,4
230,1
231,2
232,3
233,8
234,10
235,5
236,15
237,2
238,2
239,2
240,1
241,1
242,2
243,1
244,10
245,1
246,1
247,2
248,1
249,2
250,4
251,5
252,6
253,12
254,2
255,8
256,3
257,1
258,2
259,1
260,2
261,1
262,1
263,1
264,13
265,4
266,12
267,2
268,1
269,1
270,13
271,9
272,2
273,8
274,4
275,6
276,4
277,7
278,2
279,5
280,7
281,2
282,2
283,1
284,1
285,1
286,4
287,7
288,2
289,2
290,2
291,5
292,6
293,8
294,1
295,5
296,7
297,5
298,17
299,2
300,4
301,12
302,11
303,5
304,4
305,2
306,1
307,8
308,6
309,7
310,3
311,2
312,2
313,6
314,1
315,3
316,1
317,15
318,4
319,4
320,5
321,2
322,6
323,8
324,6
325,3
326,5
327,2
328,1
329,3
330,4
331,5
332,1
333,4
334,7
335,2
336,1
337,1
338,3
339,3
340,1
341,13
342,9
343,2
344,3
345,2
346,2
347,3
348,6
349,1
350,2
351,1
352,6
353,8
354,1
355,6
356,3
357,2
358,11
359,7
360,5
361,3
362,3
363,3
364,4
365,6
366,9
367,11
368,1
369,9
370,5
371,4
372,5
373,2
374,9
375,3
376,4
377,1
378,4
379,2
380,10
381,6
382,4
383,2
384,3
385,3
386,2
387,1
388,3
389,5
390,6
391,9
392,2
393,4
394,4
395,5
396,11
397,1
398,1
399,8
400,1
401,4
402,5
403,4
404,8
405,3
406,3
407,1
408,7
409,5
410,7
411,2
412,11
413,4
414,2
415,5
416,7
417,2
418,8
419,2
420,2
421,14
422,4
423,3
424,5
425,2
426,12
427,3
428,1
429,4
430,3
431,2
432,1
433,7
434,1
435,1
436,5
437,1
438,10
439,1
440,16
441,8
442,10
443,8
444,2
445,2
446,2
447,2
448,2
449,10
450,12
451,9
452,2
453,2
454,6
455,3
456,1
457,1
458,8
459,5
460,3
461,5
462,2
463,3
464,1
465,5
466,4
467,1
468,3
469,4
470,6
471,5
472,2
473,2
474,1
475,10
476,1
477,1
478,2
479,6
480,6
481,10
482,6
483,2
484,6
485,8
486,1
487,1
488,3
489,2
490,10
491,3
492,5
493,2
494,2
495,2
496,11
497,4
498,1
499,1
500,4
501,7
502,5
503,7
504,1
505,14
506,1
507,10
508,2
509,5
510,1
511,1
512,8
513,1
514,2
515,9
516,2
517,8
518,4
519,12
520,14
521,1
522,4
523,7
524,10
525,1
526,15
527,9
528,1
529,9
530,4
531,8
532,1
533,1
534,1
535,6
536,11
537,8
538,9
539,2
540,7
541,2
542,1
543,6
544,3
545,2
546,1
547,3
548,5
549,5
550,1
551,6
552,2
553,6
554,1
555,7
556,1
557,2
558,5
559,1
560,7
561,2
562,5
563,6
564,5
565,8
566,5
567,2
568,1
569,6
570,2
571,5
572,1
573,3
574,3
575,1
576,1
577,3
578,1
579,2
580,2
581,3
582,2
583,9
584,3
585,5
586,1
587,3
588,5
589,1
590,9
591,1
592,1
593,2
594,2
595,2
596,1
597,4
598,3
599,2
600,2
601,2
602,5
603,1
604,6
605,2
606,1
607,1
608,4
609,2
610,1
611,3
612,2
613,7
614,3
615,1
616,3
617,2
618,1
619,1
620,6
621,1
622,1
623,1
624,1
625,2
626,2
627,1
628,1
629,4
630,4
631,7
632,9
633,1
634,3
635,13
636,2
637,8
638,16
639,7
640,13
641,15
642,3
643,7
644,1
645,2
646,5
647,1
648,2
649,8
650,1
651,3
652,16
653,3
654,3
655,19
656,3
657,2
658,2
659,3
660,12
661,3
662,8
663,8
664,8
665,17
666,3
667,2
668,16
669,3
670,9
671,8
672,6
673,10
674,1
675,5
676,13
677,14
678,5
679,10
680,6
681,8
682,17
683,7
684,5
685,26
686,6
687,12
688,16
689,8
690,16
691,3
692,1
693,3
694,4
695,15
696,6
697,2
698,3
699,10
700,10
701,5
702,5
703,8
704,11
705,1
706,4
707,5
708,3
709,8
710,11
711,3
712,3
713,7
714,7
715,3
716,1
717,6
718,3
719,3
720,1
721,2
722,10
723,2
724,13
725,3
726,9
727,1
728,13
729,1
730,5
731,7
732,7
733,3
734,2
735,5
736,3
737,3
738,5
739,5
740,2
741,7
742,3
743,2
744,3
745,2
746,9
747,8
748,1
749,6
750,5
751,1
752,2
753,2
754,1
755,4
756,4
757,1
758,2
759,3
760,13
761,3
762,9
763,4
764,2
765,1
766,4
767,1
768,5
769,1
770,3
771,4
772,2
773,3
774,2
775,1
776,1
777,2
778,2
779,5
780,1
781,2
782,2
783,3
784,3
785,1
786,14
787,3
788,1
789,3
790,2
791,4
792,1
793,1
794,2
795,1
796,1
797,2
798,1
799,7
800,3
801,3
802,1
803,2
804,1
805,3
806,3
807,7
808,2
809,1
810,2
811,2
812,2
813,4
814,1
815,7
816,4
817,1
818,4
819,16
820,2
821,1
822,8
823,7
824,1
825,1
826,4
827,6
828,1
829,1
830,1
831,5
832,4
833,5
834,10
835,3
836,1
837,5
838,1
839,7
840,2
841,1
842,1
843,9
844,4
845,5
846,2
847,12
848,13
849,6
850,5
851,11
852,1
853,21
854,2
855,3
856,17
857,4
858,15
859,11
860,6
861,5
862,5
863,5
864,6
865,3
866,3
867,2
868,2
869,5
870,1
871,1
872,4
873,1
874,2
875,4
876,4
877,2
878,1
879,3
880,2
881,2
882,2
883,2
884,2
885,4
886,6
887,1
888,5
889,2
890,4
891,1
892,1
893,3
894,4
895,3
896,1
897,1
898,2
899,2
900,1
901,6
902,5
903,1
904,4
905,2
906,1
907,2
908,6
909,3
910,1
911,4
912,3
913,1
914,1
915,2
916,2
917,5
918,7
919,2
920,3
921,2
922,1
923,1
924,10
925,4
926,2
927,3
928,2
929,1
930,5
931,9
932,11
933,1
934,2
935,9
936,7
937,9
938,4
939,11
940,2
941,8
942,9
943,2
944,4
945,18
946,6
947,7
948,3
949,1
950,22
951,13
952,3
953,13
954,1
955,3
956,1
957,1
958,4
959,1
960,3
961,6
962,3
963,9
964,2
965,1
966,2
967,2
968,7
969,12
970,13
971,3
972,6
973,4
974,23
975,1
976,1
977,1
978,12
979,3
980,3
981,12
982,1
983,4
984,2
985,15
986,8
987,8
988,4
989,5
990,2
991,1
992,20
993,41
994,1
995,20
996,10
997,7
998,1
999,13
1000,3
1001,24
1002,22
1003,1
1004,3
1005,1
1006,2
1007,4
1008,2
1009,5
1010,16
1011,1
1012,1
1013,8
1014,6
1015,10
1016,7
1017,7
1018,5
1019,9
1020,34
1021,1
1022,4
1023,10
1024,8
1025,11
1026,2
1027,4
1028,4
1029,2
1030,3
1031,3
1032,8
1033,15
1034,25
1035,2
1036,8
1037,4
1038,4
1039,3
1040,7
1041,6
1042,10
1043,17
1044,2
1045,2
1046,9
1047,23
1048,1
1049,1
1050,8
1051,4
1052,3
1053,2
1054,1
1055,6
1056,1
1057,5
1058,30
1059,1
1060,4
1061,1
1062,15
1063,4
1064,1
1065,4
1066,29
1067,1
1068,16
1069,1
1070,12
1071,22
1072,12
1073,2
1074,26
1075,5
1076,13
1077,1
1078,7
1079,12
1080,8
1081,1
1082,27
1083,9
1084,3
1085,14
1086,3
1087,6
1088,4
1089,1
1090,10
1091,15
1092,4
1093,8
1094,2
1095,5
1096,2
1097,1
1098,3
1099,7
1100,3
1101,4
1102,1
1103,8
1104,4
1105,22
1106,12
1107,7
1108,2
1109,7
1110,11
1111,8
1112,13
1113,7
1114,14
1115,7
1116,3
1117,20
1118,28
1119,4
1120,16
1121,6
1122,7
1123,6
1124,2
1125,2
1126,11
1127,14
1128,27
1129,4
1130,6
1131,1
1132,15
1133,1
1134,2
1135,2
1136,2
1137,2
1138,13
1139,3
1140,3
1141,11
1142,11
1143,33
1144,2
1145,1
1146,14
1147,5
1148,2
1149,4
1150,15
1151,4
1152,9
1153,1
1154,3
1155,4
1156,12
1157,34
1158,11
1159,7
1160,19
1161,1
1162,6
1163,6
1164,4
1165,13
1166,23
1167,3
1168,2
1169,5
1170,1
1171,7
1172,17
1173,16
1174,15
1175,11
1176,7
1177,7
1178,20
1179,19
1180,8
1181,1
1182,3
1183,5
1184,10
1185,23
1186,3
1187,5
1188,2
1189,5
1190,6
1191,3
1192,10
1193,8
1194,15
1195,1
1196,16
1197,4
1198,7
1199,5
1200,1
1201,1
1202,14
1203,1
1204,7
1205,4
1206,6
1207,9
1208,3
1209,39
1210,2
1211,19
1212,4
1213,1
1214,5
1215,17
1216,6
1217,6
1218,9
1219,11
1220,9
1221,6
1222,16
1223,34
1224,3
1225,11
1226,4
1227,2
1228,12
1229,4
1230,16
1231,6
1232,1
1233,1
1234,5
1235,2
1236,6
1237,3
1238,2
1239,10
1240,18
1241,12
1242,5
1243,2
1244,6
1245,4
1246,2
1247,1
1248,3
1249,5
1250,5
1251,5
1252,1
1253,21
1254,1
1255,8
1256,3
1257,16
1258,3
1259,8
1260,3
1261,6
1262,3
1263,10
1264,1
1265,8
1266,4
1267,15
1268,2
1269,9
1270,1
1271,5
1272,6
1273,1
1274,1
1275,1
1276,7
1277,2
1278,9
1279,3
1280,10
1281,7
1282,1
1283,5
1284,1
1285,3
1286,1
1287,5
1288,9
1289,19
1290,8
1291,2
1292,1
1293,2
1294,2
1295,2
1296,14
1297,11
1298,6
1299,3
1300,2
1301,2
1302,2
1303,3
1304,5
1305,3
1306,1
1307,2
1308,3
1309,2
1310,1
1311,5
1312,1
1313,2
1314,2
1315,2
1316,1
1317,3
1318,1
1319,3
1320,1
1321,9
1322,3
1323,9
1324,1
1325,15
1326,2
1327,4
1328,4
1329,3
1330,3
1331,1
1332,1
1333,5
1334,13
1335,6
1336,4
1337,4
1338,9
1339,1
1340,3
1341,5
1342,4
1343,1
1344,2
1345,3
1346,1
1347,1
1348,8
1349,4
1350,3
1351,4
1352,11
1353,1
1354,4
1355,3
1356,1
1357,15
1358,6
1359,4
1360,8
1361,2
1362,3
1363,12
1364,1
1365,2
1366,1
1367,9
1368,2
1369,4
1370,6
1371,1
1372,1
1373,1
1374,2
1375,6
1376,2
1377,1
1378,12
1379,4
1380,13
1381,2
1382,7
1383,1
1384,8
1385,1
1386,6
1387,10
1388,2
1389,4
1390,3
1391,6
1392,1
1393,2
1394,2
1395,1
1396,2
1397,8
1398,9
1399,13
1400,5
1401,1
1402,5
1403,1
1404,7
1405,1
1406,1
1407,6
1408,9
1409,4
1410,5
1411,3
1412,1
1413,3
1414,1
1415,2
1416,9
1417,9
1418,1
1419,5
1420,3
1421,5
1422,2
1423,3
1424,6
1425,1
1426,3
1427,6
1428,2
1429,1
1430,1
1431,6
1432,2
1433,1
1434,1
1435,2
1436,1
1437,2
1438,1
1439,1
1440,3
1441,1
1442,1
1443,3
1444,5
1445,2
1446,8
1447,2
1448,8
1449,6
1450,2
1451,2
1452,1
1453,4
1454,1
1455,6
1456,10
1457,2
1458,3
1459,6
1460,1
1461,1
1462,2
1463,16
1464,6
1465,5
1466,11
1467,1
1468,4
1469,1
1470,1
1471,1
1472,3
1473,7
1474,3
1475,2
1476,5
1477,4
1478,6
1479,2
1480,9
1481,2
1482,7
1483,10
1484,1
1485,12
1486,3
1487,15
1488,3
1489,10
1490,1
1491,6
1492,2
1493,1
1494,1
1495,2
1496,1
1497,4
1498,7
1499,4
1500,6
1501,4
1502,2
1503,2
1504,24
1505,4
1506,3
1507,11
1508,9
1509,5
1510,1
1511,2
1512,5
1513,1
1514,2
1515,6
1516,2
1517,7
1518,1
1519,9
1520,1
1521,3
1522,6
1523,4
1524,5
1525,5
1526,1
1527,2
1528,11
1529,1
1530,3
1531,1
1532,3
1533,1
1534,2
1535,4
1536,8
1537,6
1538,6
1539,1
1540,1
1541,5
1542,4
1543,2
1544,7
1545,1
1546,6
1547,2
1548,4
1549,10
1550,2
1551,5
1552,6
1553,4
1554,3
1555,3
1556,1
1557,5
1558,4
1559,5
1560,3
1561,1
1562,6
1563,5
1564,7
1565,8
1566,3
1567,1
1568,7
1569,1
1570,3
1571,2
1572,1
1573,1
1574,11
1575,2
1576,2
1577,12
1578,1
1579,1
1580,3
1581,3
1582,2
1583,1
1584,3
1585,1
1586,1
1587,9
1588,1
1589,9
1590,2
1591,3
1592,3
1593,1
1594,1
1595,2
1596,2
1597,3
1598,2
1599,10
1600,3
1601,2
1602,7
1603,6
1604,5
1605,9
1606,2
1607,4
1608,2
1609,4
1610,3
1611,4
1612,3
1613,8
1614,4
1615,4
1616,10
1617,2
1618,2
1619,10
1620,4
1621,1
1622,2
1623,2
1624,1
1625,7
1626,3
1627,2
1628,6
1629,5
1630,4
1631,3
1632,2
1633,7
1634,8
1635,4
1636,2
1637,2
1638,2
1639,4
1640,9
1641,9
1642,9
1643,2
1644,1
1645,8
1646,6
1647,1
1648,13
1649,2
1650,3
1651,2
1652,7
1653,2
1654,4
1655,3
1656,4
1657,5
1658,9
1659,2
1660,1
1661,10
1662,2
1663,5
1664,3
1665,4
1666,6
1667,1
1668,3
1669,3
1670,2
1671,2
1672,2
1673,17
1674,9
1675,8
1676,4
1677,5
1678,1
1679,16
1680,17
1681,5
1682,25
1683,18
1684,4
1685,5
1686,1
1687,5
1688,1
1689,5
1690,3
1691,13
1692,2
1693,6
1694,21
1695,1
1696,10
1697,6
1698,17
1699,5
1700,4
1701,5
1702,4
1703,2
1704,1
1705,12
1706,10
1707,1
1708,11
1709,6
1710,1
1711,17
1712,2
1713,15
1714,3
1715,5
1716,10
1717,3
1718,5
1719,24
1720,7
1721,23
1722,10
1723,3
1724,3
1725,10
1726,1
1727,15
1728,1
1729,16
1730,4
1731,16
1732,1
1733,4
1734,16
1735,3
1736,17
1737,1
1738,1
1739,9
1740,14
1741,4
1742,10
1743,17
1744,1
1745,7
1746,1
1747,6
1748,2
1749,7
1750,5
1751,5
1752,8
1753,3
1754,17
1755,1
1756,5
1757,2
1758,1
1759,1
1760,18
1761,8
1762,12
1763,1
1764,3
1765,1
1766,1
1767,20
1768,18
1769,4
1770,4
1771,17
1772,3
1773,9
1774,2
1775,4
1776,13
1777,1
1778,10
1779,15
1780,4
1781,2
1782,12
1783,14
1784,5
1785,19
1786,19
1787,4
1788,20
1789,21
1790,7
1791,15
1792,4
1793,34
1794,9
1795,5
1796,7
1797,16
1798,3
1799,17
1800,16
1801,1
1802,1
1803,6
1804,2
1805,3
1806,10
1807,7
1808,6
1809,17
1810,14
1811,6
1812,3
1813,22
1814,18
1815,3
1816,17
1817,7
1818,7
1819,6
1820,4
1821,18
1822,28
1823,8
1824,5
1825,7
1826,15
1827,2
1828,16
1829,2
1830,10
1831,12
1832,3
1833,4
1834,7
1835,3
1836,11
1837,8
1838,3
1839,24
1840,6
1841,6
1842,8
1843,12
1844,2
1845,9
1846,6
1847,13
1848,15
1849,14
1850,22
1851,18
1852,5
1853,1
1854,13
1855,23
1856,13
1857,32
1858,16
1859,4
1860,9
1861,19
1862,31
1863,11
1864,9
1865,16
1866,7
1867,4
1868,4
1869,2
1870,7
1871,17
1872,1
1873,3
1874,6
1875,6
1876,28
1877,15
1878,2
1879,3
1880,6
1881,5
1882,22
1883,3
1884,2
1885,23
1886,27
1887,5
1888,4
1889,3
1890,7
1891,7
1892,2
1893,1
1894,12
1895,5
1896,10
1897,3
1898,13
1899,10
1900,6
1901,13
1902,5
1903,11
1904,4
1905,5
1906,7
1907,2
1908,5
1909,12
1910,6
1911,3
1912,1
1913,6
1914,8
1915,3
1916,9
1917,9
1918,1
1919,13
1920,2
1921,4
1922,1
1923,1
1924,2
1925,2
1926,5
1927,5
1928,4
1929,1
1930,5
1931,2
1932,5
1933,4
1934,1
1935,6
1936,4
1937,4
1938,3
1939,5
1940,2
1941,1
1942,7
1943,1
1944,7
1945,7
1946,3
1947,8
1948,2
1949,1
1950,1
1951,11
1952,7
1953,3
1954,9
1955,2
1956,1
1957,8
1958,4
1959,1
1960,6
1961,1
1962,1
1963,9
1964,1
1965,7
1966,1
1967,9
1968,5
1969,4
1970,3
1971,10
1972,2
1973,5
1974,1
1975,2
1976,1
1977,8
1978,1
1979,4
1980,2
1981,1
1982,9
1983,9
1984,4
1985,1
1986,5
1987,4
1988,4
1989,1
1990,2
1991,6
1992,5
1993,1
1994,5
1995,5
1996,8
1997,2
1998,5
1999,9
2000,1
2001,1
2002,2
2003,10
2004,1
2005,1
2006,3
2007,2
2008,10
2009,8
2010,8
2011,1
2012,4
2013,9
2014,5
2015,2
2016,9
2017,15
2018,8
2019,4
2020,5
2021,12
2022,1
2023,2
2024,7
2025,8
2026,7
2027,1
2028,3
2029,7
2030,5
2031,1
2032,7
2033,6
2034,4
2035,9
2036,4
2037,4
2038,5
2039,2
2040,5
2041,2
2042,9
2043,9
2044,4
2045,1
2046,7
2047,4
2048,1
2049,1
2050,3
2051,5
2052,2
2053,6
2054,2
2055,2
2056,1
2057,6
2058,6
2059,1
2060,1
2061,1
2062,2
2063,4
2064,11
2065,2
2066,6
2067,12
2068,1
2069,2
2070,12
2071,6
2072,3
2073,3
2074,2
2075,6
2076,3
2077,7
2078,4
2079,11
2080,1
2081,12
2082,7
2083,2
2084,14
2085,3
2086,2
2087,3
2088,4
2089,2
2090,8
2091,11
2092,8
2093,9
2094,12
2095,3
2096,12
2097,1
2098,3
2099,3
2100,7
2101,9
2102,1
2103,2
2104,3
2105,2
2106,11
2107,7
2108,5
2109,2
2110,5
2111,2
2112,5
2113,1
2114,6
2115,1
2116,9
2117,5
2118,14
2119,4
2120,12
2121,1
2122,4
2123,7
2124,8
2125,9
2126,2
2127,8
2128,6
2129,8
2130,9
2131,1
2132,9
2133,1
2134,1
2135,5
2136,5
2137,1
2138,1
2139,7
2140,2
2141,5
2142,5
2143,1
2144,3
2145,1
2146,7
2147,3
2148,2
2149,5
2150,1
2151,3
2152,5
2153,2
2154,7
2155,11
2156,15
2157,8
2158,6
2159,1
2160,4
2161,3
2162,1
2163,6
2164,2
2165,2
2166,2
2167,2
2168,23
2169,7
2170,2
2171,8
2172,1
2173,23
2174,28
2175,1
2176,13
2177,5
2178,3
2179,10
2180,3
2181,7
2182,5
2183,13
2184,2
2185,21
2186,4
2187,1
2188,3
2189,3
2190,1
2191,3
2192,4
2193,1
2194,2
2195,1
2196,24
2197,10
2198,2
2199,5
2200,6
2201,13
2202,10
2203,10
2204,7
2205,1
2206,5
2207,4
2208,23
2209,5
2210,2
2211,1
2212,2
2213,23
2214,8
2215,4
2216,13
2217,4
2218,1
2219,11
2220,3
2221,1
2222,16
2223,46
2224,4
2225,3
2226,5
2227,2
2228,1
2229,2
2230,8
2231,1
2232,15
2233,17
2234,7
2235,2
2236,2
2237,18
2238,19
2239,2
2240,10
2241,17
2242,5
2243,6
2244,8
2245,6
2246,8
2247,2
2248,10
2249,1
2250,6
2251,12
2252,7
2253,17
2254,5
2255,9
2256,6
2257,3
2258,2
2259,7
2260,15
2261,2
2262,2
2263,5
2264,4
2265,9
2266,5
2267,15
2268,8
2269,6
2270,1
2271,11
2272,8
2273,1
2274,9
2275,23
2276,3
2277,3
2278,4
2279,7
2280,8
2281,8
2282,1
2283,1
2284,7
2285,12
2286,13
2287,6
2288,18
2289,7
2290,10
2291,4
2292,3
2293,6
2294,4
2295,16
2296,11
2297,33
2298,20
2299,2
2300,2
2301,15
2302,4
2303,2
2304,2
2305,22
2306,8
2307,11
2308,28
2309,14
2310,21
2311,12
2312,20
2313,1
2314,7
2315,16
2316,8
2317,5
2318,1
2319,4
2320,6
2321,4
2322,1
2323,2
2324,26
2325,1
2326,8
2327,2
2328,7
2329,22
2330,15
2331,5
2332,3
2333,6
2334,9
2335,22
2336,23
2337,5
2338,17
2339,6
2340,14
2341,3
2342,20
2343,10
2344,12
2345,19
2346,6
2347,4
2348,9
2349,21
2350,4
2351,7
2352,1
2353,40
2354,30
2355,8
2356,20
2357,19
2358,6
2359,26
2360,8
2361,2
2362,1
2363,5
2364,3
2365,10
2366,6
2367,44
2368,11
2369,4
2370,25
2371,15
2372,27
2373,4
2374,8
2375,4
2376,35
2377,15
2378,2
2379,1
2380,40
2381,46
2382,28
2383,4
2384,6
2385,11
2386,11
2387,29
2388,1
2389,7
2390,37
2391,36
2392,2
2393,14
2394,32
2395,18
2396,6
2397,3
2398,5
2399,19
2400,3
2401,67
2402,3
2403,28
2404,3
2405,8
2406,3
2407,6
2408,12
2409,2
2410,10
2411,1
2412,12
2413,5
2414,38
2415,3
2416,6
2417,4
2418,3
2419,34
2420,14
2421,60
2422,64
2423,12
2424,47
2425,15
2426,5
2427,6
2428,47
2429,30
2430,19
2431,3
2432,4
2433,4
2434,2
2435,8
2436,17
2437,12
2438,1
2439,11
2440,14
2441,12
2442,1
2443,17
2444,10
2445,21
2446,28
2447,29
2448,2
2449,4
2450,2
2451,4
2452,9
2453,1
2454,25
2455,4
2456,1
2457,18
2458,22
2459,4
2460,12
2461,10
2462,8
2463,6
2464,23
2465,1
2466,23
2467,20
2468,17
2469,40
2470,2
2471,48
2472,33
2473,1
2474,1
2475,12
2476,6
2477,37
2478,18
2479,4
2480,1
2481,14
2482,8
2483,10
2484,30
2485,2
2486,4
2487,14
2488,5
2489,10
2490,21
2491,31
2492,2
2493,14
2494,22
2495,16
2496,6
2497,4
2498,60
2499,4
2500,32
2501,41
2502,9
2503,1
2504,31
2505,15
2506,3
2507,8
2508,24
2509,25
2510,24
2511,9
2512,2
2513,10
2514,1
2515,9
2516,5
2517,15
2518,14
2519,7
2520,2
2521,2
2522,12
2523,36
2524,28
2525,4
2526,2
2527,23
2528,17
2529,20
2530,11
2531,9
2532,17
2533,1
2534,21
2535,39
2536,12
2537,28
2538,12
2539,47
2540,37
2541,49
2542,10
2543,13
2544,5
2545,39
2546,6
2547,6
2548,72
2549,9
2550,17
2551,14
2552,29
2553,36
2554,2
2555,15
2556,3
2557,7
2558,10
2559,38
2560,51
2561,4
2562,24
2563,15
2564,7
2565,3
2566,14
2567,8
2568,16
2569,1
2570,26
2571,9
2572,44
2573,20
2574,17
2575,19
2576,5
2577,10
2578,36
2579,30
2580,43
2581,4
2582,42
2583,8
2584,10
2585,14
2586,4
2587,29
2588,6
2589,3
2590,31
2591,17
2592,3
2593,37
2594,8
2595,1
2596,12
2597,7
2598,19
2599,4
2600,26
2601,29
2602,27
2603,2
2604,14
2605,18
2606,7
2607,50
2608,3
2609,19
2610,8
2611,2
2612,9
2613,4
2614,5
2615,35
2616,27
2617,11
2618,24
2619,7
2620,10
2621,17
2622,1
2623,33
2624,41
2625,2
2626,45
2627,10
2628,14
2629,4
2630,14
2631,5
2632,14
2633,7
2634,31
2635,20
2636,4
2637,1
2638,7
2639,19
2640,4
2641,10
2642,20
2643,90
2644,9
2645,1
2646,5
2647,14
2648,13
2649,1
2650,5
2651,1
2652,1
2653,17
2654,22
2655,25
2656,3
2657,19
2658,29
2659,19
2660,1
2661,13
2662,11
2663,1
2664,13
2665,17
2666,11
2667,1
2668,10
2669,19
2670,18
2671,2
2672,18
2673,29
2674,2
2675,8
2676,2
2677,14
2678,21
2679,6
2680,2
2681,13
2682,15
2683,10
2684,1
2685,9
2686,6
2687,6
2688,4
2689,18
2690,27
2691,18
2692,2
2693,20
2694,4
2695,9
2696,37
2697,3
2698,6
2699,3
2700,18
2701,18
2702,4
2703,6
2704,4
2705,18
2706,22
2707,11
2708,12
2709,15
2710,6
2711,19
2712,52
2713,3
2714,1
2715,22
2716,19
2717,7
2718,6
2719,2
2720,42
2721,4
2722,2
2723,16
2724,10
2725,2
2726,10
2727,11
2728,12
2729,39
2730,7
2731,12
2732,1
2733,6
2734,2
2735,13
2736,11
2737,10
2738,2
2739,18
2740,14
2741,16
2742,10
2743,4
2744,2
2745,43
2746,24
2747,22
2748,1
2749,2
2750,6
2751,15
2752,6
2753,5
2754,17
2755,7
2756,1
2757,9
2758,4
2759,5
2760,1
2761,1
2762,6
2763,25
2764,8
2765,33
2766,5
2767,24
2768,4
2769,21
2770,2
2771,9
2772,3
2773,5
2774,24
2775,21
2776,9
2777,2
2778,6
2779,4
2780,1
2781,11
2782,9
2783,13
2784,24
2785,4
2786,5
2787,8
2788,28
2789,3
2790,4
2791,19
2792,1
2793,4
2794,3
2795,4
2796,4
2797,14
2798,15
2799,2
2800,1
2801,12
2802,1
2803,6
2804,5
2805,16
2806,5
2807,23
2808,8
2809,11
2810,1
2811,37
2812,12
2813,8
2814,7
2815,14
2816,20
2817,2
2818,3
2819,15
2820,6
2821,1
2822,8
2823,9
2824,26
2825,4
2826,25
2827,10
2828,5
2829,16
2830,15
2831,7
2832,3
2833,7
2834,6
2835,11
2836,5
2837,28
2838,12
2839,7
2840,3
2841,6
2842,11
2843,13
2844,11
2845,2
2846,6
2847,10
2848,4
2849,7
2850,28
2851,9
2852,9
2853,4
2854,20
2855,14
2856,13
2857,9
2858,4
2859,24
2860,1
2861,2
2862,11
2863,9
2864,19
2865,3
2866,11
2867,12
2868,3
2869,5
2870,2
2871,14
2872,2
2873,4
2874,1
2875,25
2876,12
2877,5
2878,9
2879,7
2880,17
2881,4
2882,5
2883,2
2884,1
2885,20
2886,9
2887,29
2888,3
2889,7
2890,24
2891,8
2892,6
2893,1
2894,3
2895,1
2896,19
2897,4
2898,6
2899,6
2900,14
2901,6
2902,10
2903,6
2904,8
2905,2
2906,14
2907,1
2908,3
2909,10
2910,6
2911,3
2912,1
2913,9
2914,1
2915,3
2916,1
2917,8
2918,1
2919,2
2920,2
2921,3
2922,9
2923,13
2924,8
2925,4
2926,9
2927,3
2928,2
2929,3
2930,6
2931,1
2932,7
2933,8
2934,7
2935,3
2936,10
2937,1
2938,18
2939,3
2940,2
2941,3
2942,5
2943,1
2944,3
2945,4
2946,1
2947,7
2948,2
2949,5
2950,16
2951,7
2952,3
2953,1
2954,3
2955,2
2956,1
2957,1
2958,6
2959,4
2960,2
2961,3
2962,10
2963,7
2964,7
2965,4
2966,1
2967,6
2968,3
2969,11
2970,3
2971,1
2972,3
2973,1
2974,7
2975,12
2976,3
2977,4
2978,10
2979,4
2980,5
2981,8
2982,2
2983,1
2984,4
2985,9
2986,5
2987,1
2988,7
2989,5
2990,8
2991,3
2992,17
2993,1
2994,4
2995,9
2996,1
2997,8
2998,3
2999,2
3000,6
3001,5
3002,8
3003,6
3004,6
3005,4
3006,1
3007,3
3008,5
3009,16
3010,7
3011,13
3012,9
3013,1
3014,15
3015,2
3016,2
3017,4
3018,9
3019,1
3020,1
3021,2
3022,9
3023,10
3024,3
3025,4
3026,5
3027,13
3028,5
3029,5
3030,7
3031,6
3032,3
3033,5
3034,19
3035,2
3036,5
3037,17
3038,2
3039,15
3040,11
3041,4
3042,14
3043,3
3044,11
3045,6
3046,1
3047,6
3048,15
3049,19
3050,7
3051,5
3052,8
3053,1
3054,4
3055,19
3056,2
3057,4
3058,4
3059,6
3060,1
3061,4
3062,1
3063,2
3064,7
3065,2
3066,8
3067,8
3068,4
3069,6
3070,2
3071,1
3072,11
3073,2
3074,7
3075,9
3076,8
3077,2
3078,6
3079,8
3080,1
3081,1
3082,5
3083,2
3084,4
3085,4
3086,11
3087,3
3088,9
3089,18
3090,20
3091,9
3092,20
3093,6
3094,49
3095,26
3096,10
3097,7
3098,2
3099,6
3100,6
3101,31
3102,6
3103,3
3104,9
3105,5
3106,5
3107,2
3108,1
3109,3
3110,6
3111,14
3112,14
3113,2
3114,2
3115,3
3116,23
3117,7
3118,14
3119,21
3120,16
3121,5
3122,7
3123,12
3124,27
3125,12
3126,24
3127,1
3128,12
3129,4
3130,13
3131,10
3132,3
3133,19
3134,11
3135,16
3136,7
3137,2
3138,30
3139,46
3140,30
3141,6
3142,3
3143,14
3144,11
3145,13
3146,1
3147,2
3148,18
3149,1
3150,17
3151,14
3152,7
3153,7
3154,5
3155,2
3156,4
3157,3
3158,29
3159,5
3160,1
3161,9
3162,6
3163,18
3164,25
3165,7
3166,1
3167,4
3168,10
3169,2
3170,16
3171,4
3172,3
3173,7
3174,4
3175,9
3176,15
3177,19
3178,2
3179,11
3180,8
3181,4
3182,5
3183,1
3184,5
3185,15
3186,6
3187,16
3188,4
3189,15
3190,4
3191,5
3192,7
3193,16
3194,1
3195,2
3196,4
3197,6
3198,3
3199,11
3200,5
3201,2
3202,4
3203,7
3204,3
3205,17
3206,11
3207,5
3208,13
3209,3
3210,22
3211,5
3212,19
3213,1
3214,12
3215,18
3216,8
3217,16
3218,6
3219,13
3220,7
3221,7
3222,26
3223,6
3224,6
3225,2
3226,12
3227,6
3228,7
3229,1
3230,5
3231,2
3232,3
3233,9
3234,8
3235,5
3236,6
3237,16
3238,21
3239,9
3240,13
3241,1
3242,3
3243,9
3244,12
3245,4
3246,1
3247,5
3248,3
3249,6
3250,18
3251,2
3252,3
3253,10
3254,1
3255,1
3256,3
3257,3
3258,3
3259,2
3260,8
3261,8
3262,2
3263,9
3264,5
3265,3
3266,9
3267,12
3268,16
3269,17
3270,4
3271,12
3272,1
3273,1
3274,5
3275,6
3276,2
3277,2
3278,3
3279,5
3280,2
3281,3
3282,8
3283,4
3284,1
3285,1
3286,2
3287,3
3288,2
3289,1
3290,1
3291,3
3292,4
3293,5
3294,1
3295,1
3296,1
3297,1
3298,6
3299,7
3300,1
3301,2
3302,4
3303,4
3304,3
3305,6
3306,5
3307,1
3308,2
3309,3
3310,2
3311,1
3312,4
3313,4
3314,3
3315,8
3316,3
3317,1
3318,2
3319,2
3320,1
3321,1
3322,3
3323,7
3324,4
3325,5
3326,1
3327,1
3328,1
3329,13
3330,1
3331,9
3332,3
3333,2
3334,5
3335,2
3336,2
3337,5
3338,4
3339,2
3340,1
3341,1
3342,5
3343,1
3344,9
3345,5
3346,6
3347,8
3348,4
3349,3
3350,2
3351,8
3352,9
3353,6
3354,8
3355,7
3356,1
3357,3
3358,1
3359,5
3360,9
3361,9
3362,2
3363,15
3364,4
3365,6
3366,2
3367,4
3368,10
3369,14
3370,1
3371,2
3372,15
3373,4
3374,17
3375,12
3376,5
3377,2
3378,1
3379,2
3380,6
3381,3
3382,8
3383,1
3384,3
3385,3
3386,13
3387,8
3388,3
3389,1
3390,18
3391,1
3392,6
3393,6
3394,11
3395,2
3396,2
3397,8
3398,8
3399,3
3400,6
3401,4
3402,3
3403,16
3404,2
3405,7
3406,6
3407,9
3408,9
3409,2
3410,2
3411,1
3412,1
3413,1
3414,7
3415,1
3416,1
3417,10
3418,1
3419,3
3420,6
3421,1
3422,3
3423,1
3424,1
3425,3
3426,11
3427,5
3428,3
3429,4
3430,8
3431,1
3432,11
3433,1
3434,2
3435,1
3436,8
3437,13
3438,6
3439,11
3440,7
3441,18
3442,2
3443,3
3444,10
3445,12
3446,1
3447,7
3448,2
3449,4
3450,3
3451,2
3452,1
3453,6
3454,1
3455,4
3456,1
3457,1
3458,1
3459,1
3460,5
3461,5
3462,4
3463,1
3464,5
3465,2
3466,1
3467,2
3468,3
3469,2
3470,8
3471,3
3472,6
3473,1
3474,4
3475,3
3476,2
3477,12
3478,3
3479,1
3480,5
3481,1
3482,6
3483,9
3484,1
3485,1
3486,1
3487,1
3488,3
3489,3
3490,7
3491,2
3492,7
3493,6
3494,1
3495,1
3496,4
3497,6
3498,2
3499,8
3500,1
3501,2
3502,4
3503,2
3504,1
3505,5
3506,5
3507,1
3508,4
3509,2
3510,2
3511,3
3512,1
3513,1
3514,2
3515,9
3516,1
3517,3
3518,9
3519,2
3520,8
3521,2
3522,3
3523,4
3524,1
3525,3
3526,5
3527,6
3528,2
3529,1
3530,2
3531,1
3532,1
3533,5
3534,1
3535,1
3536,2
3537,1
3538,2
3539,8
3540,1
3541,3
3542,2
3543,2
3544,8
3545,8
3546,1
3547,8
3548,3
3549,1
3550,1
3551,1
3552,1
3553,2
3554,2
3555,1
3556,6
3557,3
3558,5
3559,2
3560,3
3561,5
3562,2
3563,4
3564,5
3565,2
3566,2
3567,2
3568,1
3569,1
3570,1
3571,2
3572,1
3573,2
3574,3
3575,5
3576,5
3577,2
3578,2
3579,6
3580,6
3581,1
3582,2
3583,1
3584,1
3585,1
3586,2
3587,2
3588,1
3589,6
3590,1
3591,1
3592,4
3593,1
3594,10
3595,1
3596,3
3597,7
3598,5
3599,1
3600,1
3601,4
3602,4
3603,3
3604,3
3605,3
3606,2
3607,9
3608,6
3609,9
3610,5
3611,1
3612,3
3613,1
3614,6
3615,2
3616,3
3617,8
3618,2
3619,1
3620,6
3621,2
3622,2
3623,8
3624,6
3625,1
3626,3
3627,2
3628,2
3629,2
3630,1
3631,1
3632,8
3633,2
3634,6
3635,1
3636,6
3637,4
3638,3
3639,2
3640,2
3641,1
3642,3
3643,1
3644,3
3645,4
3646,7
3647,1
3648,6
3649,11
3650,4
3651,1
3652,3
3653,3
3654,3
3655,1
3656,3
3657,8
3658,1
3659,1
3660,2
3661,1
3662,2
3663,1
3664,1
3665,1
3666,2
3667,1
3668,5
3669,1
3670,1
3671,2
3672,2
3673,1
3674,5
3675,2
3676,2
3677,4
3678,4
3679,1
3680,1
3681,2
3682,5
3683,3
3684,8
3685,2
3686,1
3687,4
3688,2
3689,4
3690,2
3691,3
3692,2
3693,1
3694,1
3695,3
3696,3
3697,5
3698,4
3699,3
3700,3
3701,1
3702,2
3703,2
3704,1
3705,1
3706,4
3707,1
3708,4
3709,6
3710,2
3711,1
3712,1
3713,1
3714,2
3715,1
3716,1
3717,2
3718,12
3719,3
3720,2
3721,1
3722,2
3723,6
3724,1
3725,6
3726,2
3727,7
3728,5
3729,1
3730,2
3731,1
3732,1
3733,3
3734,2
3735,4
3736,6
3737,2
3738,5
3739,5
3740,3
3741,10
3742,1
3743,1
3744,1
3745,2
3746,9
3747,3
3748,4
3749,5
3750,4
3751,2
3752,9
3753,3
3754,11
3755,2
3756,5
3757,2
3758,1
3759,3
3760,6
3761,1
3762,1
3763,1
3764,1
3765,1
3766,3
3767,2
3768,3
3769,5
3770,1
3771,1
3772,5
3773,2
3774,4
3775,4
3776,1
3777,2
3778,1
3779,4
3780,1
3781,6
3782,1
3783,1
3784,2
3785,1
3786,1
3787,1
3788,4
3789,5
3790,1
3791,2
3792,4
3793,3
3794,10
3795,1
3796,3
3797,2
3798,4
3799,4
3800,1
3801,7
3802,2
3803,1
3804,1
3805,2
3806,3
3807,1
3808,3
3809,1
3810,1
3811,2
3812,3
3813,5
3814,1
3815,9
3816,2
3817,2
3818,1
3819,1
3820,2
3821,2
3822,2
3823,1
3824,1
3825,4
3826,4
3827,8
3828,11
3829,5
3830,6
3831,5
3832,4
3833,3
3834,4
3835,5
3836,1
3837,3
3838,13
3839,2
3840,2
3841,6
3842,7
3843,3
3844,2
3845,4
3846,3
3847,2
3848,2
3849,3
3850,2
3851,3
3852,11
3853,2
3854,3
3855,1
3856,1
3857,8
3858,1
3859,3
3860,3
3861,7
3862,2
3863,6
3864,4
3865,1
3866,7
3867,2
3868,3
3869,2
3870,3
3871,3
3872,1
3873,1
3874,4
3875,6
3876,2
3877,3
3878,2
3879,1
3880,3
3881,3
3882,6
3883,4
3884,7
3885,1
3886,1
3887,3
3888,2
3889,6
3890,7
3891,1
3892,3
3893,6
3894,7
3895,1
3896,5
3897,2
3898,4
3899,1
3900,3
3901,2
3902,6
3903,1
3904,4
3905,8
3906,5
3907,2
3908,16
3909,4
3910,4
3911,4
3912,2
3913,11
3914,4
3915,16
3916,1
3917,2
3918,6
3919,8
3920,7
3921,19
3922,5
3923,12
3924,2
3925,5
3926,7
3927,21
3928,1
3929,3
3930,13
3931,18
3932,1
3933,7
3934,14
3935,21
3936,1
3937,16
3938,12
3939,6
3940,1
3941,4
3942,7
3943,3
3944,3
3945,1
3946,19
3947,2
3948,3
3949,2
3950,24
3951,1
3952,1
3953,1
3954,5
3955,12
3956,13
3957,2
3958,2
3959,12
3960,4
3961,3
3962,6
3963,1
3964,3
3965,1
3966,8
3967,1
3968,1
3969,8
3970,5
3971,5
3972,9
3973,9
3974,3
3975,13
3976,1
3977,4
3978,1
3979,3
3980,1
3981,3
3982,1
3983,8
3984,1
3985,1
3986,3
3987,2
3988,10
3989,5
3990,1
3991,1
3992,10
3993,2
3994,1
3995,3
3996,3
3997,4
3998,1
3999,2
4000,7
4001,1
4002,1
4003,11
4004,1
4005,3
4006,1
4007,5
4008,2
4009,1
4010,8
4011,5
4012,3
4013,11
4014,4
4015,1
4016,2
4017,4
4018,3
4019,2
4020,4
4021,8
4022,2
4023,6
4024,1
4025,9
4026,12
4027,3
4028,1
4029,12
4030,17
4031,6
4032,5
4033,15
4034,5
4035,4
4036,3
4037,3
4038,5
4039,5
4040,3
4041,3
4042,1
4043,2
4044,6
4045,9
4046,1
4047,2
4048,2
4049,3
4050,8
4051,2
4052,4
4053,7
4054,11
4055,3
4056,8
4057,8
4058,3
4059,6
4060,1
4061,10
4062,3
4063,8
4064,11
4065,31
4066,11
4067,3
4068,1
4069,7
4070,14
4071,2
4072,5
4073,2
4074,10
4075,2
4076,6
4077,2
4078,8
4079,5
4080,1
4081,5
4082,23
4083,8
4084,8
4085,1
4086,1
4087,6
4088,4
4089,11
4090,1
4091,8
4092,2
4093,3
4094,1
4095,1
4096,2
4097,4
4098,1
4099,1
4100,1
4101,2
4102,4
4103,1
4104,10
4105,4
4106,13
4107,1
4108,1
4109,1
4110,3
4111,9
4112,2
4113,1
4114,2
4115,3
4116,3
4117,7
4118,1
4119,2
4120,5
4121,12
4122,11
4123,4
4124,3
4125,3
4126,2
4127,3
4128,9
4129,5
4130,3
4131,3
4132,3
4133,4
4134,1
4135,1
4136,5
4137,4
4138,3
4139,2
4140,2
4141,5
4142,2
4143,1
4144,2
4145,6
4146,7
4147,5
4148,2
4149,4
4150,2
4151,1
4152,1
4153,4
4154,1
4155,5
4156,6
4157,4
4158,2
4159,3
4160,8
4161,9
4162,5
4163,1
4164,10
4165,4
4166,4
4167,7
4168,6
4169,1
4170,3
4171,2
4172,4
4173,1
4174,6
4175,9
4176,2
4177,3
4178,9
4179,2
4180,3
4181,4
4182,3
4183,2
4184,9
4185,5
4186,10
4187,3
4188,3
4189,6
4190,1
4191,3
4192,1
4193,6
4194,8
4195,11
4196,6
4197,4
4198,9
4199,10
4200,12
4201,2
4202,12
4203,6
4204,2
4205,4
4206,9
4207,10
4208,11
4209,12
4210,2
4211,1
4212,1
4213,2
4214,3
4215,1
4216,9
4217,5
4218,3
4219,12
4220,1
4221,3
4222,8
4223,2
4224,15
4225,5
4226,2
4227,8
4228,12
4229,9
4230,4
4231,5
4232,13
4233,5
4234,5
4235,1
4236,3
4237,1
4238,8
4239,1
4240,1
4241,3
4242,11
4243,18
4244,5
4245,8
4246,2
4247,1
4248,6
4249,3
4250,2
4251,9
4252,16
4253,1
4254,1
4255,4
4256,1
4257,3
4258,9
4259,3
4260,3
4261,1
4262,1
4263,10
4264,1
4265,2
4266,2
4267,1
4268,2
4269,1
4270,2
4271,1
4272,5
4273,2
4274,2
4275,7
4276,6
4277,6
4278,5
4279,1
4280,3
4281,4
4282,7
4283,4
4284,2
4285,2
4286,1
4287,8
4288,3
4289,1
4290,1
4291,2
4292,11
4293,2
4294,1
4295,3
4296,1
4297,2
4298,12
4299,1
4300,2
4301,5
4302,2
4303,1
4304,1
4305,2
4306,1
4307,4
4308,5
4309,2
4310,1
4311,1
4312,6
4313,3
4314,4
4315,4
4316,6
4317,1
4318,1
4319,1
4320,2
4321,4
4322,1
4323,1
4324,1
4325,1
4326,1
4327,8
4328,1
4329,1
4330,3
4331,5
4332,1
4333,1
4334,1
4335,1
4336,2
4337,4
4338,1
4339,1
4340,1
4341,2
4342,1
4343,1
4344,1
4345,5
4346,5
4347,1
4348,7
4349,3
4350,5
4351,2
4352,1
4353,1
4354,2
4355,9
4356,1
4357,4
4358,1
4359,2
4360,4
4361,2
4362,2
4363,1
4364,3
4365,1
4366,2
4367,6
4368,2
4369,5
4370,1
4371,4
4372,3
4373,2
4374,8
4375,4
4376,4
4377,3
4378,5
4379,6
4380,8
4381,15
4382,8
4383,1
4384,3
4385,1
4386,4
4387,11
4388,5
4389,2
4390,3
4391,4
4392,1
4393,3
4394,11
4395,1
4396,3
4397,1
4398,1
4399,1
4400,2
4401,2
4402,1
4403,4
4404,1
4405,6
4406,2
4407,4
4408,8
4409,1
4410,6
4411,3
4412,5
4413,2
4414,2
4415,3
4416,5
4417,1
4418,3
4419,1
4420,2
4421,4
4422,5
4423,4
4424,5
4425,1
4426,2
4427,7
4428,8
4429,5
4430,3
4431,1
4432,5
4433,4
4434,4
4435,4
4436,4
4437,7
4438,3
4439,1
4440,10
4441,4
4442,1
4443,2
4444,1
4445,1
4446,3
4447,5
4448,3
4449,6
4450,5
4451,1
4452,7
4453,3
4454,4
4455,9
4456,9
4457,4
4458,7
4459,2
4460,10
4461,6
4462,2
4463,2
4464,11
4465,1
4466,1
4467,1
4468,1
4469,1
4470,1
4471,4
4472,4
4473,6
4474,3
4475,6
4476,1
4477,1
4478,2
4479,6
4480,2
4481,3
4482,5
4483,1
4484,2
4485,2
4486,7
4487,5
4488,1
4489,6
4490,4
4491,2
4492,5
4493,2
4494,2
4495,4
4496,2
4497,9
4498,6
4499,6
4500,4
4501,1
4502,2
4503,2
4504,2
4505,4
4506,1
4507,6
4508,1
4509,5
4510,5
4511,1
4512,3
4513,2
4514,2
4515,3
4516,1
4517,3
4518,1
4519,1
4520,2
4521,1
4522,1
4523,3
4524,3
4525,2
4526,3
4527,7
4528,2
4529,2
4530,3
4531,5
4532,1
4533,3
4534,4
4535,3
4536,3
4537,3
4538,5
4539,5
4540,2
4541,2
4542,3
4543,7
4544,1
4545,5
4546,1
4547,5
4548,1
4549,2
4550,1
4551,3
4552,2
4553,1
4554,2
4555,1
4556,1
4557,1
4558,2
4559,3
4560,1
4561,1
4562,3
4563,2
4564,5
4565,4
4566,1
4567,2
4568,1
4569,4
4570,6
4571,2
4572,8
4573,2
4574,2
4575,2
4576,2
4577,5
4578,2
4579,1
4580,4
4581,1
4582,2
4583,5
4584,2
4585,2
4586,1
4587,1
4588,4
4589,3
4590,3
4591,5
4592,3
4593,8
4594,1
4595,2
4596,6
4597,5
4598,2
4599,2
4600,3
4601,5
4602,6
4603,4
4604,10
4605,4
4606,8
4607,1
4608,6
4609,8
4610,11
4611,2
4612,2
4613,6
4614,2
4615,3
4616,6
4617,3
4618,4
4619,6
4620,5
4621,18
4622,5
4623,2
4624,5
4625,4
4626,9
4627,5
4628,2
4629,5
4630,5
4631,4
4632,5
4633,2
4634,4
4635,3
4636,8
4637,1
4638,27
4639,6
4640,20
4641,4
4642,9
4643,10
4644,1
4645,1
4646,14
4647,2
4648,9
4649,1
4650,22
4651,6
4652,6
4653,32
4654,11
4655,5
4656,15
4657,12
4658,1
4659,2
4660,4
4661,41
4662,8
4663,19
4664,4
4665,4
4666,3
4667,6
4668,6
4669,17
4670,22
4671,25
4672,17
4673,4
4674,1
4675,11
4676,20
4677,2
4678,5
4679,10
4680,18
4681,3
4682,16
4683,6
4684,6
4685,7
4686,18
4687,10
4688,5
4689,3
4690,3
4691,1
4692,5
4693,3
4694,4
4695,6
4696,4
4697,3
4698,1
4699,1
4700,1
4701,3
4702,6
4703,1
4704,2
4705,8
4706,2
4707,6
4708,1
4709,11
4710,8
4711,3
4712,16
4713,7
4714,16
4715,13
4716,11
4717,3
4718,1
4719,7
4720,2
4721,5
4722,9
4723,1
4724,4
4725,14
4726,20
4727,1
4728,10
4729,4
4730,1
4731,7
4732,2
4733,2
4734,3
4735,10
4736,2
4737,7
4738,4
4739,2
4740,1
4741,1
4742,5
4743,6
4744,3
4745,7
4746,3
4747,2
4748,5
4749,2
4750,3
4751,5
4752,4
4753,2
4754,1
4755,8
4756,22
4757,12
4758,5
4759,6
4760,3
4761,1
4762,12
4763,4
4764,4
4765,3
4766,5
4767,4
4768,3
4769,7
4770,4
4771,10
4772,4
4773,2
4774,9
4775,14
4776,5
4777,4
4778,1
4779,2
4780,9
4781,5
4782,1
4783,13
4784,6
4785,3
4786,8
4787,6
4788,5
4789,3
4790,8
4791,6
4792,7
4793,5
4794,7
4795,7
4796,3
4797,9
4798,2
4799,3
4800,1
4801,3
4802,18
4803,8
4804,18
4805,11
4806,2
4807,23
4808,19
4809,3
4810,5
4811,6
4812,3
4813,1
4814,13
4815,6
4816,8
4817,48
4818,17
4819,24
4820,2
4821,11
4822,2
4823,12
4824,3
4825,13
4826,11
4827,1
4828,12
4829,8
4830,23
4831,10
4832,9
4833,10
4834,13
4835,6
4836,13
4837,20
4838,6
4839,2
4840,14
4841,2
4842,10
4843,1
4844,7
4845,2
4846,5
4847,21
4848,3
4849,8
4850,1
4851,3
4852,4
4853,3
4854,7
4855,2
4856,1
4857,5
4858,1
4859,3
4860,15
4861,2
4862,1
4863,4
4864,9
4865,1
4866,4
4867,1
4868,11
4869,4
4870,2
4871,13
4872,20
4873,5
4874,1
4875,11
4876,14
4877,7
4878,3
4879,7
4880,1
4881,12
4882,1
4883,2
4884,2
4885,1
4886,9
4887,25
4888,12
4889,11
4890,1
4891,4
4892,2
4893,3
4894,2
4895,7
4896,3
4897,7
4898,1
4899,1
4900,1
4901,3
4902,1
4903,8
4904,2
4905,1
4906,1
4907,5
4908,2
4909,3
4910,1
4911,2
4912,1
4913,6
4914,1
4915,7
4916,7
4917,2
4918,1
4919,4
4920,1
4921,1
4922,1
4923,3
4924,1
4925,1
4926,2
4927,3
4928,4
4929,2
4930,1
4931,6
4932,2
4933,2
4934,2
4935,4
4936,3
4937,3
4938,3
4939,5
4940,1
4941,1
4942,7
4943,1
4944,1
4945,4
4946,3
4947,2
4948,2
4949,6
4950,1
4951,1
4952,2
4953,2
4954,1
4955,1
4956,4
4957,4
4958,1
4959,1
4960,1
4961,6
4962,2
4963,1
4964,1
4965,2
4966,1
4967,1
4968,2
4969,4
4970,4
4971,2
4972,4
4973,5
4974,2
4975,2
4976,4
4977,6
4978,1
4979,1
4980,1
4981,3
4982,3
4983,5
4984,5
4985,4
4986,1
4987,6
4988,1
4989,3
4990,6
4991,2
4992,1
4993,1
4994,3
4995,7
4996,1
4997,1
4998,1
4999,8
5000,3
5001,3
5002,2
5003,2
5004,6
5005,5
5006,5
5007,7
5008,2
5009,2
5010,3
5011,2
5012,2
5013,2
5014,1
5015,2
5016,1
5017,3
5018,2
5019,3
5020,2
5021,1
5022,1
5023,5
5024,1
5025,1
5026,2
5027,4
5028,1
5029,1
5030,3
5031,1
5032,1
5033,2
5034,2
5035,2
5036,2
5037,1
5038,2
5039,1
5040,1
5041,1
5042,1
5043,7
5044,3
5045,3
5046,2
5047,1
5048,1
5049,2
5050,2
5051,2
5052,2
5053,2
5054,2
5055,2
5056,3
5057,1
5058,6
5059,4
5060,1
5061,2
5062,3
5063,7
5064,2
5065,1
5066,3
5067,2
5068,8
5069,10
5070,2
5071,3
5072,1
5073,2
5074,2
5075,6
5076,1
5077,1
5078,1
5079,1
5080,2
5081,1
5082,3
5083,4
5084,2
5085,2
5086,2
5087,5
5088,1
5089,6
5090,2
5091,2
5092,1
5093,1
5094,2
5095,1
5096,1
5097,1
5098,11
5099,2
5100,1
5101,1
5102,2
5103,2
5104,6
5105,2
5106,3
5107,4
5108,5
5109,1
5110,1
5111,1
5112,1
5113,1
5114,6
5115,2
5116,2
5117,1
5118,3
5119,1
5120,4
5121,3
5122,1
5123,3
5124,1
5125,1
5126,1
5127,2
5128,6
5129,1
5130,4
5131,1
5132,4
5133,2
5134,5
5135,8
5136,1
5137,1
5138,4
5139,1
5140,2
5141,4
5142,2
5143,2
5144,3
5145,2
5146,1
5147,2
5148,3
5149,3
5150,2
5151,1
5152,3
5153,5
5154,1
5155,3
5156,1
5157,2
5158,1
5159,3
5160,9
5161,5
5162,5
5163,1
5164,1
5165,2
5166,3
5167,4
5168,1
5169,4
5170,1
5171,2
5172,1
5173,3
5174,2
5175,9
5176,2
5177,7
5178,2
5179,4
5180,7
5181,2
5182,5
5183,3
5184,1
5185,8
5186,2
5187,1
5188,2
5189,5
5190,1
5191,2
5192,2
5193,3
5194,1
5195,1
5196,1
5197,2
5198,2
5199,6
5200,1
5201,1
5202,3
5203,3
5204,2
5205,4
5206,1
5207,1
5208,1
5209,9
5210,1
5211,1
5212,4
5213,3
5214,1
5215,1
5216,1
5217,1
5218,1
5219,3
5220,2
5221,1
5222,1
5223,2
5224,5
5225,2
5226,5
5227,1
5228,8
5229,3
5230,3
5231,3
5232,9
5233,5
5234,2
5235,2
5236,5
5237,1
5238,6
5239,2
5240,2
5241,1
5242,1
5243,2
5244,2
5245,3
5246,1
5247,3
5248,3
5249,9
5250,4
5251,2
5252,5
5253,10
5254,5
5255,1
5256,3
5257,2
5258,1
5259,3
5260,1
5261,4
5262,5
5263,7
5264,4
5265,3
5266,3
5267,2
5268,3
5269,4
5270,3
5271,3
5272,2
5273,1
5274,2
5275,3
5276,3
5277,3
5278,1
5279,1
5280,5
5281,3
5282,7
5283,2
5284,2
5285,1
5286,3
5287,2
5288,2
5289,1
5290,3
5291,2
5292,4
5293,1
5294,1
5295,1
5296,2
5297,16
5298,1
5299,1
5300,2
5301,1
5302,2
5303,3
5304,5
5305,6
5306,4
5307,2
5308,3
5309,3
5310,8
5311,4
5312,5
5313,1
5314,1
5315,4
5316,1
5317,1
5318,4
5319,4
5320,2
5321,4
5322,1
5323,6
5324,4
5325,6
5326,1
5327,4
5328,1
5329,2
5330,3
5331,4
5332,1
5333,8
5334,4
5335,1
5336,2
5337,1
5338,2
5339,1
5340,5
5341,2
5342,2
5343,2
5344,2
5345,1
5346,1
5347,7
5348,8
5349,3
5350,1
5351,1
5352,4
5353,3
5354,12
5355,1
5356,1
5357,1
5358,3
5359,5
5360,2
5361,1
5362,1
5363,4
5364,4
5365,4
5366,1
5367,1
5368,4
5369,1
5370,3
5371,2
5372,1
5373,3
5374,1
5375,7
5376,2
5377,3
5378,5
5379,2
5380,1
5381,4
5382,1
5383,7
5384,6
5385,1
5386,3
5387,4
5388,2
5389,5
5390,4
5391,7
5392,4
5393,2
5394,1
5395,3
5396,1
5397,2
5398,1
5399,1
5400,2
5401,3
5402,3
5403,1
5404,3
5405,3
5406,3
5407,3
5408,2
5409,5
5410,1
5411,1
5412,4
5413,2
5414,1
5415,1
5416,3
5417,1
5418,3
5419,3
5420,1
5421,1
5422,1
5423,1
5424,8
5425,4
5426,5
5427,1
5428,7
5429,1
5430,7
5431,3
5432,2
5433,1
5434,1
5435,2
5436,1
5437,2
5438,6
5439,3
5440,12
5441,5
5442,4
5443,1
5444,8
5445,7
5446,4
5447,1
5448,1
5449,1
5450,2
5451,3
5452,7
5453,4
5454,6
5455,4
5456,8
5457,1
5458,3
5459,3
5460,1
5461,2
5462,1
5463,4
5464,2
5465,2
5466,15
5467,2
5468,4
5469,3
5470,2
5471,1
5472,2
5473,1
5474,5
5475,7
5476,3
5477,1
5478,4
5479,1
5480,9
5481,3
5482,3
5483,1
5484,8
5485,4
5486,2
5487,5
5488,1
5489,2
5490,1
5491,2
5492,3
5493,6
5494,7
5495,6
5496,12
5497,8
5498,3
5499,1
5500,1
5501,1
5502,1
5503,3
5504,2
5505,1
5506,1
5507,1
5508,4
5509,3
5510,3
5511,1
5512,3
5513,3
5514,3
5515,6
5516,2
5517,6
5518,1
5519,10
5520,2
5521,2
5522,1
5523,1
5524,1
5525,1
5526,1
5527,2
5528,7
5529,3
5530,8
5531,3
5532,2
5533,1
5534,3
5535,1
5536,1
5537,4
5538,5
5539,3
5540,2
5541,10
5542,4
5543,2
5544,1
5545,2
5546,2
5547,1
5548,8
5549,2
5550,1
5551,1
5552,1
5553,2
5554,2
5555,3
5556,1
5557,1
5558,1
5559,7
5560,3
5561,2
5562,4
5563,2
5564,2
5565,1
5566,10
5567,5
5568,1
5569,3
5570,3
5571,7
5572,4
5573,3
5574,1
5575,1
5576,2
5577,2
5578,4
5579,2
5580,4
5581,1
5582,2
5583,1
5584,2
5585,4
5586,2
5587,3
5588,2
5589,2
5590,3
5591,2
5592,2
5593,3
5594,2
5595,1
5596,4
5597,3
5598,5
5599,6
5600,5
5601,5
5602,2
5603,1
5604,1
5605,1
5606,2
5607,2
5608,3
5609,4
5610,1
5611,11
5612,2
5613,11
5614,2
5615,2
5616,25
5617,3
5618,6
5619,2
5620,2
5621,8
5622,13
5623,4
5624,4
5625,4
5626,4
5627,12
5628,3
5629,6
5630,3
5631,9
5632,7
5633,12
5634,4
5635,1
5636,7
5637,2
5638,5
5639,4
5640,9
5641,7
5642,2
5643,1
5644,8
5645,4
5646,1
5647,3
5648,16
5649,1
5650,1
5651,11
5652,10
5653,7
5654,2
5655,15
5656,8
5657,9
5658,1
5659,7
5660,2
5661,7
5662,1
5663,7
5664,2
5665,6
5666,4
5667,5
5668,15
5669,2
5670,5
5671,1
5672,4
5673,3
5674,3
5675,2
5676,7
5677,14
5678,1
5679,7
5680,4
5681,5
5682,2
5683,6
5684,28
5685,2
5686,3
5687,7
5688,1
5689,6
5690,3
5691,17
5692,3
5693,2
5694,15
5695,4
5696,7
5697,2
5698,4
5699,1
5700,5
5701,17
5702,7
5703,18
5704,14
5705,4
5706,1
5707,4
5708,5
5709,2
5710,5
5711,1
5712,12
5713,8
5714,5
5715,16
5716,44
5717,2
5718,1
5719,4
5720,9
5721,5
5722,3
5723,3
5724,3
5725,11
5726,7
5727,6
5728,6
5729,9
5730,18
5731,3
5732,2
5733,2
5734,22
5735,18
5736,27
5737,4
5738,4
5739,9
5740,10
5741,2
5742,4
5743,4
5744,6
5745,16
5746,8
5747,2
5748,30
5749,1
5750,17
5751,5
5752,8
5753,33
5754,24
5755,20
5756,13
5757,14
5758,9
5759,1
5760,16
5761,3
5762,10
5763,3
5764,12
5765,8
5766,4
5767,5
5768,12
5769,8
5770,5
5771,10
5772,4
5773,2
5774,5
5775,4
5776,6
5777,10
5778,11
5779,3
5780,41
5781,3
5782,4
5783,8
5784,1
5785,23
5786,25
5787,1
5788,2
5789,3
5790,1
5791,2
5792,9
5793,5
5794,1
5795,4
5796,2
5797,2
5798,4
5799,1
5800,2
5801,4
5802,2
5803,3
5804,2
5805,1
5806,4
5807,7
5808,1
5809,1
5810,5
5811,1
5812,6
5813,5
5814,2
5815,1
5816,3
5817,4
5818,6
5819,6
5820,2
5821,12
5822,3
5823,1
5824,3
5825,5
5826,1
5827,11
5828,3
5829,1
5830,2
5831,3
5832,15
5833,4
5834,2
5835,3
5836,2
5837,1
5838,9
5839,1
5840,3
5841,5
5842,2
5843,2
5844,1
5845,1
5846,1
5847,4
5848,4
5849,2
5850,1
5851,3
5852,8
5853,1
5854,3
5855,2
5856,1
5857,6
5858,4
5859,1
5860,1
5861,2
5862,4
5863,2
5864,1
5865,4
5866,1
5867,1
5868,2
5869,1
5870,1
5871,1
5872,6
5873,3
5874,2
5875,1
5876,3
5877,2
5878,1
5879,1
5880,12
5881,2
5882,1
5883,1
5884,1
5885,8
5886,3
5887,1
5888,1
5889,2
5890,6
5891,1
5892,4
5893,3
5894,2
5895,7
5896,3
5897,2
5898,2
5899,3
5900,1
5901,1
5902,1
5903,1
5904,2
5905,1
5906,2
5907,1
5908,4
5909,1
5910,8
5911,1
5912,5
5913,2
5914,1
5915,6
5916,6
5917,1
5918,5
5919,4
5920,1
5921,2
5922,4
5923,1
5924,5
5925,8
5926,3
5927,11
5928,3
5929,1
5930,2
5931,1
5932,1
5933,6
5934,1
5935,1
5936,1
5937,1
5938,2
5939,1
5940,12
5941,3
5942,2
5943,5
5944,2
5945,1
5946,1
5947,3
5948,2
5949,2
5950,1
5951,2
5952,2
5953,3
5954,2
5955,1
5956,6
5957,4
5958,3
5959,2
5960,2
5961,4
5962,1
5963,1
5964,1
5965,2
5966,1
5967,2
5968,1
5969,1
5970,1
5971,4
5972,1
5973,4
5974,1
5975,4
5976,6
5977,7
5978,5
5979,4
5980,1
5981,1
5982,2
5983,2
5984,4
5985,5
5986,1
5987,6
5988,1
5989,1
5990,9
5991,1
5992,1
5993,2
5994,2
5995,5
5996,1
5997,1
5998,1
5999,1
6000,1
6001,1
6002,8
6003,9
6004,7
6005,1
6006,1
6007,10
6008,1
6009,2
6010,2
6011,6
6012,16
6013,6
6014,1
6015,1
6016,3
6017,1
6018,1
6019,3
6020,4
6021,2
6022,5
6023,3
6024,4
6025,5
6026,9
6027,3
6028,9
6029,3
6030,1
6031,1
6032,6
6033,1
6034,7
6035,1
6036,1
6037,1
6038,2
6039,2
6040,4
6041,1
6042,1
6043,1
6044,2
6045,2
6046,5
6047,5
6048,4
6049,3
6050,2
6051,1
6052,1
6053,2
6054,4
6055,3
6056,1
6057,1
6058,1
6059,2
6060,3
6061,1
6062,1
6063,2
6064,7
6065,1
6066,6
6067,8
6068,4
6069,10
6070,4
6071,5
6072,3
6073,5
6074,4
6075,1
6076,5
6077,4
6078,2
6079,2
6080,1
6081,2
6082,5
6083,3
6084,1
6085,11
6086,5
6087,1
6088,1
6089,12
6090,1
6091,13
6092,2
6093,10
6094,6
6095,6
6096,12
6097,5
6098,5
6099,7
6100,1
6101,17
6102,2
6103,1
6104,1
6105,4
6106,4
6107,6
6108,14
6109,1
6110,6
6111,2
6112,4
6113,11
6114,4
6115,1
6116,5
6117,5
6118,1
6119,5
6120,3
6121,1
6122,8
6123,7
6124,4
6125,3
6126,2
6127,2
6128,11
6129,14
6130,4
6131,10
6132,6
6133,19
6134,1
6135,3
6136,9
6137,4
6138,9
6139,3
6140,6
6141,15
6142,7
6143,3
6144,1
6145,5
6146,6
6147,12
6148,2
6149,3
6150,1
6151,1
6152,5
6153,2
6154,1
6155,1
6156,2
6157,1
6158,1
6159,1
6160,4
6161,1
6162,1
6163,1
6164,2
6165,1
6166,1
6167,2
6168,1
6169,3
6170,1
6171,2
6172,1
6173,1
6174,1
6175,1
6176,2
6177,3
6178,1
6179,1
6180,2
6181,1
6182,1
6183,3
6184,1
6185,2
6186,3
6187,3
6188,1
6189,2
6190,2
6191,2
6192,4
6193,2
6194,4
6195,1
6196,1
6197,1
6198,2
6199,1
6200,4
6201,1
6202,3
6203,1
6204,1
6205,2
6206,1
6207,3
6208,2
6209,2
6210,5
6211,1
6212,5
6213,2
6214,4
6215,1
6216,3
6217,1
6218,3
6219,1
6220,1
6221,1
6222,3
6223,1
6224,2
6225,3
6226,2
6227,4
6228,3
6229,1
6230,2
6231,3
6232,1
6233,3
6234,1
6235,1
6236,1
6237,1
6238,1
6239,1
6240,1
6241,6
6242,5
6243,1
6244,1
6245,5
6246,1
6247,10
6248,3
6249,2
6250,1
6251,3
6252,4
6253,9
6254,2
6255,3
6256,1
6257,2
6258,12
6259,2
6260,3
6261,2
6262,1
6263,1
6264,2
6265,1
6266,7
6267,1
6268,4
6269,2
6270,2
6271,3
6272,1
6273,1
6274,1
6275,1
6276,1
6277,3
6278,1
6279,1
6280,2
6281,2
6282,2
6283,1
6284,1
6285,3
6286,2
6287,2
6288,2
6289,1
6290,2
6291,2
6292,1
6293,2
6294,2
6295,1
6296,1
6297,2
6298,5
6299,1
6300,3
6301,1
6302,3
6303,7
6304,1
6305,7
6306,9
6307,4
6308,1
6309,3
6310,5
6311,2
6312,8
6313,2
6314,3
6315,4
6316,3
6317,2
6318,2
6319,1
6320,1
6321,7
6322,3
6323,3
6324,1
6325,3
6326,4
6327,1
6328,4
6329,2
6330,6
6331,3
6332,2
6333,4
6334,1
6335,1
6336,1
6337,1
6338,3
6339,1
6340,5
6341,4
6342,1
6343,1
6344,2
6345,5
6346,1
6347,2
6348,1
6349,2
6350,1
6351,1
6352,1
6353,1
6354,1
6355,4
6356,1
6357,3
6358,1
6359,4
6360,1
6361,2
6362,4
6363,10
6364,3
6365,3
6366,6
6367,2
6368,6
6369,2
6370,4
6371,4
6372,10
6373,1
6374,1
6375,3
6376,3
6377,2
6378,6
6379,3
6380,5
6381,4
6382,2
6383,5
6384,1
6385,6
6386,2
6387,4
6388,5
6389,2
6390,3
6391,10
6392,1
6393,1
6394,1
6395,4
6396,1
6397,2
6398,3
6399,4
6400,2
6401,2
6402,2
6403,3
6404,3
6405,2
6406,4
6407,1
6408,1
6409,5
6410,5
6411,3
6412,4
6413,3
6414,6
6415,2
6416,5
6417,3
6418,1
6419,5
6420,7
6421,2
6422,6
6423,6
6424,1
6425,3
6426,1
6427,3
6428,1
6429,1
6430,1
6431,3
6432,5
6433,1
6434,1
6435,3
6436,1
6437,7
6438,2
6439,6
6440,3
6441,1
6442,1
6443,2
6444,3
6445,2
6446,1
6447,3
6448,1
6449,4
6450,3
6451,8
6452,2
6453,12
6454,3
6455,1
6456,3
6457,2
6458,4
6459,2
6460,8
6461,2
6462,5
6463,5
6464,1
6465,2
6466,1
6467,3
6468,2
6469,1
6470,2
6471,6
6472,2
6473,2
6474,1
6475,4
6476,1
6477,1
6478,1
6479,1
6480,3
6481,1
6482,1
6483,7
6484,4
6485,4
6486,3
6487,3
6488,5
6489,2
6490,2
6491,3
6492,3
6493,2
6494,2
6495,3
6496,3
6497,1
6498,6
6499,1
6500,1
6501,3
6502,1
6503,1
6504,2
6505,1
6506,8
6507,2
6508,3
6509,4
6510,3
6511,1
6512,3
6513,1
6514,4
6515,2
6516,4
6517,1
6518,1
6519,3
6520,1
6521,3
6522,1
6523,4
6524,2
6525,3
6526,5
6527,4
6528,5
6529,1
6530,4
6531,4
6532,2
6533,2
6534,2
6535,1
6536,3
6537,5
6538,2
6539,2
6540,4
6541,1
6542,3
6543,1
6544,1
6545,1
6546,5
6547,2
6548,1
6549,1
6550,3
6551,1
6552,1
6553,8
6554,1
6555,4
6556,3
6557,1
6558,3
6559,2
6560,1
6561,8
6562,1
6563,1
6564,3
6565,2
6566,3
6567,1
6568,3
6569,2
6570,1
6571,1
6572,1
6573,1
6574,7
6575,2
6576,2
6577,3
6578,1
6579,1
6580,1
6581,2
6582,2
6583,2
6584,2
6585,1
6586,1
6587,2
6588,3
6589,1
6590,3
6591,2
6592,1
6593,2
6594,1
6595,4
6596,2
6597,1
6598,6
6599,6
6600,2
6601,3
6602,1
6603,2
6604,5
6605,1
6606,3
6607,2
6608,2
6609,3
6610,6
6611,5
6612,3
6613,9
6614,2
6615,2
6616,2
6617,8
6618,7
6619,1
6620,2
6621,3
6622,2
6623,4
6624,2
6625,2
6626,3
6627,2
6628,14
6629,3
6630,4
6631,2
6632,1
6633,9
6634,9
6635,1
6636,6
6637,3
6638,2
6639,1
6640,3
6641,1
6642,6
6643,1
6644,15
6645,2
6646,9
6647,3
6648,7
6649,1
6650,2
6651,2
6652,4
6653,2
6654,3
6655,5
6656,2
6657,9
6658,2
6659,2
6660,1
6661,2
6662,1
6663,2
6664,1
6665,2
6666,6
6667,2
6668,1
6669,4
6670,2
6671,5
6672,1
6673,2
6674,6
6675,6
6676,2
6677,1
6678,3
6679,1
6680,4
6681,1
6682,2
6683,3
6684,12
6685,3
6686,2
6687,7
6688,7
6689,2
6690,1
6691,1
6692,1
6693,3
6694,1
6695,1
6696,1
6697,2
6698,1
6699,1
6700,2
6701,1
6702,4
6703,2
6704,1
6705,1
6706,1
6707,2
6708,1
6709,1
6710,1
6711,1
6712,3
6713,1
6714,2
6715,1
6716,1
6717,1
6718,1
6719,1
6720,1
6721,1
6722,1
6723,1
6724,1
6725,6
6726,1
6727,1
6728,7
6729,2
6730,2
6731,2
6732,1
6733,2
6734,2
6735,1
6736,1
6737,2
6738,1
6739,1
6740,3
6741,1
6742,2
6743,8
6744,2
6745,2
6746,1
6747,4
6748,1
6749,6
6750,4
6751,2
6752,1
6753,2
6754,8
6755,2
6756,1
6757,1
6758,3
6759,1
6760,1
6761,1
6762,1
6763,2
6764,1
6765,1
6766,1
6767,3
6768,1
6769,2
6770,2
6771,1
6772,3
6773,3
6774,1
6775,2
6776,9
6777,1
6778,4
6779,5
6780,3
6781,2
6782,1
6783,1
6784,4
6785,1
6786,4
6787,3
6788,2
6789,1
6790,1
6791,1
6792,1
6793,1
6794,3
6795,2
6796,1
6797,2
6798,1
6799,2
6800,2
6801,1
6802,1
6803,1
6804,2
6805,1
6806,4
6807,1
6808,1
6809,2
6810,1
6811,1
6812,2
6813,1
6814,2
6815,1
6816,1
6817,1
6818,3
6819,2
6820,2
6821,2
6822,4
6823,4
6824,4
6825,5
6826,3
6827,1
6828,5
6829,1
6830,1
6831,5
6832,1
6833,5
6834,3
6835,3
6836,3
6837,1
6838,4
6839,6
6840,2
6841,3
6842,2
6843,2
6844,5
6845,1
6846,1
6847,1
6848,2
6849,1
6850,7
6851,1
6852,5
6853,4
6854,8
6855,2
6856,2
6857,2
6858,1
6859,2
6860,6
6861,5
6862,4
6863,4
6864,3
6865,2
6866,5
6867,2
6868,3
6869,1
6870,10
6871,3
6872,1
6873,2
6874,1
6875,2
6876,2
6877,1
6878,4
6879,1
6880,1
6881,1
6882,2
6883,1
6884,4
6885,2
6886,1
6887,1
6888,5
6889,2
6890,1
6891,1
6892,2
6893,4
6894,2
6895,1
6896,2
6897,3
6898,2
6899,1
6900,1
6901,1
6902,1
6903,2
6904,3
6905,1
6906,3
6907,1
6908,1
6909,2
6910,2
6911,7
6912,3
6913,3
6914,1
6915,4
6916,1
6917,1
6918,1
6919,6
6920,4
6921,3
6922,1
6923,7
6924,4
6925,1
6926,2
6927,3
6928,1
6929,3
6930,4
6931,7
6932,1
6933,3
6934,1
6935,3
6936,4
6937,1
6938,3
6939,1
6940,2
6941,7
6942,1
6943,1
6944,1
6945,2
6946,1
6947,1
6948,5
6949,1
6950,2
6951,1
6952,3
6953,1
6954,1
6955,2
6956,1
6957,1
6958,2
6959,2
6960,3
6961,5
6962,1
6963,2
6964,2
6965,1
6966,6
6967,1
6968,1
6969,6
6970,1
6971,7
6972,1
6973,2
6974,3
6975,1
6976,1
6977,6
6978,3
6979,1
6980,8
6981,8
6982,2
6983,1
6984,1
6985,1
6986,1
6987,4
6988,3
6989,2
6990,1
6991,1
6992,4
6993,2
6994,2
6995,2
6996,1
6997,2
6998,1
6999,3
7000,6
7001,3
7002,3
7003,3
7004,4
7005,1
7006,2
7007,1
7008,1
7009,3
7010,3
7011,1
7012,1
7013,2
7014,3
7015,1
7016,1
7017,2
7018,3
7019,2
7020,1
7021,6
7022,1
7023,2
7024,3
7025,2
7026,1
7027,4
7028,2
7029,8
7030,12
7031,4
7032,2
7033,3
7034,1
7035,1
7036,1
7037,1
7038,1
7039,3
7040,6
7041,2
7042,7
7043,4
7044,1
7045,1
7046,3
7047,1
7048,2
7049,3
7050,4
7051,2
7052,3
7053,3
7054,2
7055,4
7056,4
7057,2
7058,1
7059,1
7060,2
7061,1
7062,4
7063,1
7064,1
7065,1
7066,3
7067,4
7068,2
7069,2
7070,2
7071,1
7072,1
7073,4
7074,1
7075,1
7076,3
7077,2
7078,2
7079,1
7080,3
7081,3
7082,2
7083,3
7084,2
7085,2
7086,6
7087,3
7088,6
7089,1
7090,1
7091,1
7092,1
7093,1
7094,2
7095,4
7096,2
7097,2
7098,5
7099,1
7100,1
7101,5
7102,3
7103,3
7104,3
7105,1
7106,2
7107,1
7108,5
7109,1
7110,2
7111,4
7112,3
7113,5
7114,6
7115,3
7116,7
7117,5
7118,6
7119,1
7120,1
7121,8
7122,2
7123,1
7124,2
7125,3
7126,3
7127,2
7128,3
7129,7
7130,2
7131,4
7132,5
7133,3
7134,4
7135,2
7136,2
7137,1
7138,1
7139,1
7140,2
7141,2
7142,9
7143,2
7144,2
7145,4
7146,4
7147,1
7148,2
7149,1
7150,1
7151,2
7152,2
7153,6
7154,4
7155,5
7156,3
7157,6
7158,2
7159,8
7160,1
7161,4
7162,1
7163,1
7164,2
7165,2
7166,3
7167,3
7168,2
7169,2
7170,1
7171,5
7172,5
7173,2
7174,3
7175,1
7176,6
7177,8
7178,3
7179,13
7180,1
7181,5
7182,3
7183,1
7184,5
7185,2
7186,2
7187,5
7188,3
7189,4
7190,9
7191,5
7192,4
7193,2
7194,3
7195,5
7196,2
7197,1
7198,3
7199,9
7200,4
7201,3
7202,8
7203,7
7204,5
7205,1
7206,3
7207,5
7208,3
7209,1
7210,2
7211,1
7212,3
7213,4
7214,8
7215,13
7216,4
7217,6
7218,4
7219,10
7220,2
7221,3
7222,5
7223,1
7224,4
7225,5
7226,6
7227,6
7228,3
7229,2
7230,2
7231,1
7232,4
7233,6
7234,1
7235,1
7236,5
7237,6
7238,2
7239,1
7240,1
7241,1
7242,6
7243,2
7244,4
7245,3
7246,2
7247,3
7248,2
7249,2
7250,4
7251,1
7252,1
7253,1
7254,3
7255,8
7256,1
7257,5
7258,3
7259,9
7260,7
7261,2
7262,4
7263,5
7264,8
7265,1
7266,2
7267,2
7268,5
7269,1
7270,8
7271,8
7272,1
7273,1
7274,5
7275,1
7276,1
7277,9
7278,3
7279,3
7280,1
7281,2
7282,2
7283,1
7284,3
7285,4
7286,3
7287,2
7288,1
7289,2
7290,1
7291,5
7292,8
7293,1
7294,2
7295,1
7296,2
7297,1
7298,1
7299,1
7300,1
7301,2
7302,3
7303,1
7304,5
7305,6
7306,1
7307,1
7308,5
7309,4
7310,2
7311,8
7312,3
7313,1
7314,1
7315,4
7316,2
7317,2
7318,3
7319,1
7320,1
7321,1
7322,4
7323,3
7324,2
7325,2
7326,3
7327,1
7328,2
7329,1
7330,1
7331,3
7332,2
7333,1
7334,3
7335,2
7336,3
7337,1
7338,2
7339,1
7340,1
7341,2
7342,2
7343,4
7344,1
7345,2
7346,2
7347,3
7348,1
7349,1
7350,2
7351,3
7352,2
7353,3
7354,4
7355,3
7356,1
7357,2
7358,5
7359,3
7360,1
7361,2
7362,1
7363,1
7364,8
7365,2
7366,1
7367,1
7368,1
7369,2
7370,4
7371,9
7372,1
7373,1
7374,5
7375,1
7376,3
7377,1
7378,1
7379,4
7380,2
7381,3
7382,1
7383,5
7384,2
7385,1
7386,1
7387,2
7388,4
7389,1
7390,2
7391,1
7392,6
7393,3
7394,1
7395,1
7396,1
7397,1
7398,1
7399,1
7400,3
7401,2
7402,2
7403,6
7404,2
7405,2
7406,2
7407,3
7408,1
7409,3
7410,5
7411,1
7412,2
7413,1
7414,1
7415,3
7416,2
7417,2
7418,1
7419,1
7420,1
7421,1
7422,5
7423,5
7424,2
7425,1
7426,2
7427,1
7428,1
7429,1
7430,10
7431,2
7432,2
7433,2
7434,2
7435,3
7436,9
7437,1
7438,6
7439,5
7440,2
7441,3
7442,7
7443,5
7444,3
7445,7
7446,7
7447,1
7448,1
7449,10
7450,2
7451,6
7452,16
7453,1
7454,1
7455,1
7456,1
7457,1
7458,1
7459,1
7460,5
7461,1
7462,1
7463,1
7464,3
7465,1
7466,1
7467,4
7468,5
7469,2
7470,2
7471,1
7472,1
7473,1
7474,1
7475,1
7476,2
7477,1
7478,3
7479,2
7480,2
7481,4
7482,3
7483,2
7484,2
7485,1
7486,2
7487,1
7488,2
7489,1
7490,2
7491,5
7492,1
7493,1
7494,2
7495,1
7496,2
7497,3
7498,4
7499,2
7500,2
7501,2
7502,1
7503,1
7504,1
7505,3
7506,1
7507,5
7508,12
7509,2
7510,2
7511,1
7512,2
7513,1
7514,1
7515,7
7516,4
7517,1
7518,1
7519,3
7520,1
7521,2
7522,3
7523,4
7524,5
7525,5
7526,2
7527,3
7528,1
7529,6
7530,1
7531,1
7532,4
7533,5
7534,1
7535,6
7536,5
7537,2
7538,2
7539,1
7540,7
7541,1
7542,6
7543,10
7544,2
7545,7
7546,4
7547,3
7548,7
7549,12
7550,7
7551,13
7552,1
7553,5
7554,4
7555,1
7556,2
7557,16
7558,4
7559,2
7560,1
7561,8
7562,1
7563,2
7564,1
7565,3
7566,1
7567,1
7568,3
7569,7
7570,1
7571,1
7572,3
7573,6
7574,6
7575,2
7576,3
7577,2
7578,2
7579,3
7580,3
7581,4
7582,1
7583,3
7584,2
7585,3
7586,6
7587,7
7588,2
7589,1
7590,6
7591,1
7592,1
7593,5
7594,3
7595,2
7596,1
7597,1
7598,1
7599,1
7600,4
7601,2
7602,1
7603,1
7604,2
7605,3
7606,6
7607,3
7608,4
7609,5
7610,1
7611,4
7612,6
7613,1
7614,2
7615,3
7616,2
7617,2
7618,2
7619,3
7620,1
7621,1
7622,6
7623,1
7624,1
7625,3
7626,1
7627,1
7628,2
7629,5
7630,1
7631,1
7632,4
7633,1
7634,3
7635,1
7636,1
7637,4
7638,2
7639,3
7640,2
7641,1
7642,2
7643,5
7644,2
7645,1
7646,2
7647,1
7648,2
7649,1
7650,3
7651,1
7652,2
7653,1
7654,1
7655,1
7656,1
7657,1
7658,1
7659,3
7660,1
7661,1
7662,1
7663,6
7664,1
7665,4
7666,2
7667,1
7668,2
7669,1
7670,1
7671,1
7672,1
7673,1
7674,2
7675,1
7676,6
7677,1
7678,3
7679,2
7680,1
7681,5
7682,1
7683,1
7684,1
7685,1
7686,1
7687,5
7688,1
7689,1
7690,1
7691,1
7692,1
7693,1
7694,2
7695,6
7696,3
7697,1
7698,1
7699,1
7700,1
7701,3
7702,2
7703,1
7704,2
7705,3
7706,2
7707,2
7708,1
7709,4
7710,1
7711,2
7712,1
7713,1
7714,3
7715,2
7716,2
7717,1
7718,2
7719,2
7720,1
7721,2
7722,3
7723,1
7724,1
7725,1
7726,1
7727,3
7728,2
7729,3
7730,1
7731,2
7732,3
7733,2
7734,1
7735,1
7736,5
7737,1
7738,1
7739,1
7740,1
7741,2
7742,3
7743,3
7744,2
7745,1
7746,1
7747,4
7748,1
7749,1
7750,4
7751,1
7752,1
7753,2
7754,4
7755,4
7756,1
7757,2
7758,2
7759,3
7760,2
7761,7
7762,1
7763,1
7764,1
7765,3
7766,1
7767,1
7768,4
7769,2
7770,1
7771,3
7772,1
7773,2
7774,1
7775,3
7776,2
7777,3
7778,2
7779,3
7780,1
7781,1
7782,5
7783,1
7784,2
7785,2
7786,1
7787,1
7788,2
7789,4
7790,1
7791,3
7792,1
7793,1
7794,1
7795,3
7796,7
7797,2
7798,2
7799,2
7800,1
7801,1
7802,1
7803,1
7804,3
7805,2
7806,1
7807,1
7808,2
7809,1
7810,1
7811,3
7812,2
7813,1
7814,4
7815,1
7816,2
7817,1
7818,2
7819,2
7820,2
7821,3
7822,1
7823,1
7824,1
7825,2
7826,2
7827,1
7828,1
7829,1
7830,2
7831,5
7832,2
7833,1
7834,1
7835,2
7836,1
7837,2
7838,3
7839,5
7840,1
7841,2
7842,4
7843,3
7844,1
7845,4
7846,4
7847,5
7848,5
7849,2
7850,1
7851,2
7852,1
7853,12
7854,4
7855,1
7856,2
7857,4
7858,5
7859,1
7860,4
7861,3
7862,1
7863,2
7864,4
7865,2
7866,3
7867,1
7868,1
7869,4
7870,3
7871,4
7872,5
7873,1
7874,1
7875,1
7876,1
7877,1
7878,3
7879,1
7880,2
7881,2
7882,1
7883,1
7884,2
7885,2
7886,2
7887,4
7888,1
7889,4
7890,1
7891,2
7892,1
7893,1
7894,2
7895,1
7896,1
7897,3
7898,1
7899,3
7900,1
7901,1
7902,3
7903,3
7904,4
7905,1
7906,6
7907,2
7908,1
7909,4
7910,3
7911,2
7912,2
7913,3
7914,1
7915,1
7916,2
7917,1
7918,1
7919,1
7920,1
7921,1
7922,1
7923,6
7924,5
7925,2
7926,1
7927,1
7928,1
7929,5
7930,4
7931,4
7932,5
7933,4
7934,1
7935,2
7936,2
7937,5
7938,4
7939,2
7940,1
7941,1
7942,5
7943,2
7944,2
7945,4
7946,2
7947,8
7948,1
7949,1
7950,5
7951,4
7952,1
7953,1
7954,1
7955,7
7956,1
7957,3
7958,1
7959,3
7960,2
7961,2
7962,5
7963,1
7964,1
7965,4
7966,2
7967,2
7968,4
7969,1
7970,1
7971,5
7972,1
7973,1
7974,2
7975,2
7976,1
7977,1
7978,1
7979,2
7980,3
7981,3
7982,2
7983,1
7984,2
7985,1
7986,1
7987,1
7988,1
7989,1
7990,3
7991,1
7992,1
7993,1
7994,3
7995,1
7996,1
7997,2
7998,1
7999,1
8000,2
8001,1
8002,1
8003,1
8004,1
8005,5
8006,5
8007,1
8008,3
8009,1
8010,3
8011,3
8012,2
8013,1
8014,2
8015,1
8016,8
8017,1
8018,4
8019,3
8020,1
8021,1
8022,1
8023,6
8024,5
8025,8
8026,1
8027,1
8028,1
8029,2
8030,2
8031,3
8032,2
8033,2
8034,2
8035,2
8036,4
8037,6
8038,2
8039,5
8040,1
8041,3
8042,2
8043,1
8044,2
8045,2
8046,1
8047,7
8048,1
8049,1
8050,2
8051,1
8052,1
8053,1
8054,5
8055,1
8056,1
8057,1
8058,1
8059,4
8060,4
8061,5
8062,1
8063,4
8064,1
8065,3
8066,1
8067,2
8068,2
8069,1
8070,1
8071,4
8072,6
8073,4
8074,4
8075,5
8076,7
8077,1
8078,1
8079,3
8080,2
8081,1
8082,4
8083,3
8084,1
8085,2
8086,3
8087,1
8088,2
8089,7
8090,2
8091,8
8092,6
8093,2
8094,1
8095,5
8096,1
8097,2
8098,5
8099,2
8100,3
8101,3
8102,1
8103,1
8104,1
8105,4
8106,5
8107,2
8108,2
8109,1
8110,3
8111,1
8112,2
8113,3
8114,4
8115,1
8116,2
8117,1
8118,2
8119,7
8120,1
8121,7
8122,2
8123,2
8124,3
8125,6
8126,6
8127,1
8128,1
8129,6
8130,4
8131,1
8132,1
8133,3
8134,2
8135,7
8136,3
8137,4
8138,2
8139,1
8140,1
8141,2
8142,1
8143,1
8144,8
8145,2
8146,4
8147,5
8148,1
8149,1
8150,5
8151,1
8152,4
8153,14
8154,2
8155,5
8156,2
8157,1
8158,3
8159,3
8160,2
8161,2
8162,1
8163,1
8164,2
8165,2
8166,2
8167,5
8168,2
8169,1
8170,1
8171,5
8172,3
8173,2
8174,4
8175,1
8176,1
8177,1
8178,1
8179,3
8180,2
8181,2
8182,4
8183,2
8184,5
8185,1
8186,1
8187,5
8188,3
8189,1
8190,3
8191,6
8192,3
8193,2
8194,6
8195,3
8196,1
8197,1
8198,4
8199,1
8200,2
8201,1
8202,1
8203,2
8204,1
8205,3
8206,3
8207,1
8208,1
8209,5
8210,4
8211,1
8212,1
8213,2
8214,2
8215,2
8216,11
8217,3
8218,2
8219,2
8220,13
8221,2
8222,2
8223,6
8224,1
8225,1
8226,9
8227,3
8228,2
8229,4
8230,5
8231,5
8232,1
8233,5
8234,2
8235,2
8236,1
8237,1
8238,4
8239,1
8240,1
8241,3
8242,1
8243,3
8244,2
8245,1
8246,1
8247,1
8248,2
8249,1
8250,2
8251,4
8252,2
8253,2
8254,2
8255,1
8256,1
8257,2
8258,4
8259,1
8260,1
8261,1
8262,2
8263,1
8264,1
8265,4
8266,1
8267,1
8268,4
8269,2
8270,2
8271,9
8272,1
8273,4
8274,6
8275,2
8276,1
8277,2
8278,2
8279,3
8280,2
8281,1
8282,1
8283,2
8284,4
8285,4
8286,2
8287,2
8288,1
8289,1
8290,2
8291,4
8292,3
8293,3
8294,1
8295,4
8296,4
8297,4
8298,4
8299,2
8300,1
8301,1
8302,1
8303,2
8304,1
8305,1
8306,2
8307,2
8308,2
8309,5
8310,1
8311,1
8312,1
8313,4
8314,10
8315,2
8316,7
8317,4
8318,6
8319,6
8320,2
8321,2
8322,6
8323,2
8324,4
8325,2
8326,1
8327,1
8328,3
8329,4
8330,4
8331,7
8332,1
8333,2
8334,2
8335,2
8336,2
8337,1
8338,3
8339,1
8340,1
8341,2
8342,2
8343,1
8344,1
8345,3
8346,4
8347,1
8348,11
8349,1
8350,7
8351,4
8352,4
8353,2
8354,1
8355,2
8356,3
8357,2
8358,6
8359,2
8360,5
8361,1
8362,3
8363,2
8364,2
8365,2
8366,3
8367,5
8368,9
8369,2
8370,3
8371,1
8372,3
8373,1
8374,2
8375,3
8376,7
8377,1
8378,2
8379,2
8380,1
8381,5
8382,1
8383,3
8384,5
8385,2
8386,1
8387,2
8388,1
8389,1
8390,1
8391,6
8392,4
8393,4
8394,1
8395,3
8396,5
8397,2
8398,4
8399,1
8400,2
8401,1
8402,1
8403,1
8404,1
8405,6
8406,2
8407,1
8408,1
8409,4
8410,5
8411,2
8412,1
8413,10
8414,2
8415,1
8416,4
8417,2
8418,1
8419,1
8420,4
8421,3
8422,3
8423,3
8424,6
8425,3
8426,2
8427,1
8428,2
8429,3
8430,1
8431,2
8432,1
8433,2
8434,1
8435,1
8436,1
8437,1
8438,1
8439,5
8440,3
8441,1
8442,2
8443,1
8444,2
8445,3
8446,1
8447,3
8448,2
8449,2
8450,2
8451,2
8452,3
8453,3
8454,1
8455,2
8456,2
8457,1
8458,1
8459,2
8460,5
8461,3
8462,2
8463,2
8464,1
8465,1
8466,2
8467,7
8468,5
8469,7
8470,1
8471,1
8472,1
8473,1
8474,1
8475,1
8476,1
8477,2
8478,1
8479,1
8480,1
8481,3
8482,1
8483,2
8484,2
8485,1
8486,1
8487,3
8488,3
8489,6
8490,3
8491,1
8492,3
8493,1
8494,1
8495,2
8496,1
8497,3
8498,1
8499,1
8500,1
8501,5
8502,1
8503,2
8504,2
8505,2
8506,1
8507,3
8508,1
8509,4
8510,1
8511,2
8512,1
8513,2
8514,1
8515,2
8516,3
8517,4
8518,2
8519,1
8520,2
8521,1
8522,1
8523,1
8524,3
8525,2
8526,1
8527,2
8528,1
8529,2
8530,3
8531,3
8532,2
8533,1
8534,2
8535,1
8536,1
8537,1
8538,6
8539,1
8540,2
8541,4
8542,1
8543,2
8544,2
8545,2
8546,3
8547,3
8548,2
8549,4
8550,2
8551,5
8552,1
8553,4
8554,1
8555,1
8556,3
8557,2
8558,1
8559,2
8560,5
8561,1
8562,2
8563,1
8564,1
8565,3
8566,2
8567,2
8568,1
8569,1
8570,6
8571,2
8572,2
8573,1
8574,2
8575,3
8576,4
8577,2
8578,1
8579,2
8580,3
8581,2
8582,1
8583,1
8584,1
8585,4
8586,1
8587,2
8588,2
8589,1
8590,1
8591,3
8592,1
8593,1
8594,1
8595,1
8596,1
8597,4
8598,2
8599,3
8600,4
8601,2
8602,1
8603,2
8604,2
8605,1
8606,3
8607,1
8608,1
8609,1
8610,3
8611,3
8612,5
8613,2
8614,1
8615,5
8616,1
8617,1
8618,1
8619,1
8620,2
8621,2
8622,1
8623,1
8624,3
8625,2
8626,2
8627,7
8628,2
8629,1
8630,3
8631,2
8632,3
8633,1
8634,1
8635,1
8636,2
8637,1
8638,1
8639,2
8640,3
8641,2
8642,2
8643,4
8644,1
8645,1
8646,4
8647,4
8648,2
8649,2
8650,1
8651,2
8652,3
8653,1
8654,1
8655,1
8656,2
8657,1
8658,1
8659,1
8660,3
8661,2
8662,1
8663,4
8664,1
8665,1
8666,1
8667,2
8668,1
8669,1
8670,2
8671,1
8672,7
8673,1
8674,9
8675,5
8676,4
8677,6
8678,3
8679,3
8680,2
8681,1
8682,3
8683,2
8684,1
8685,1
8686,8
8687,2
8688,1
8689,5
8690,2
8691,1
8692,3
8693,3
8694,1
8695,1
8696,1
8697,2
8698,1
8699,2
8700,3
8701,7
8702,8
8703,2
8704,3
8705,4
8706,4
8707,2
8708,3
8709,3
8710,3
8711,8
8712,1
8713,4
8714,1
8715,8
8716,4
8717,3
8718,10
8719,1
8720,3
8721,11
8722,3
8723,7
8724,4
8725,2
8726,5
8727,2
8728,3
8729,5
8730,5
8731,16
8732,3
8733,3
8734,1
8735,1
8736,10
8737,2
8738,9
8739,7
8740,2
8741,1
8742,3
8743,3
8744,2
8745,2
8746,2
8747,6
8748,9
8749,10
8750,4
8751,2
8752,3
8753,2
8754,2
8755,2
8756,2
8757,7
8758,9
8759,5
8760,11
8761,3
8762,7
8763,4
8764,1
8765,4
8766,3
8767,13
8768,2
8769,3
8770,7
8771,2
8772,7
8773,5
8774,1
8775,1
8776,1
8777,1
8778,2
8779,1
8780,1
8781,3
8782,8
8783,2
8784,3
8785,5
8786,1
8787,1
8788,5
8789,3
8790,4
8791,3
8792,1
8793,3
8794,7
8795,5
8796,2
8797,6
8798,7
8799,1
8800,2
8801,1
8802,2
8803,5
8804,1
8805,2
8806,1
8807,1
8808,2
8809,8
8810,5
8811,6
8812,3
8813,1
8814,3
8815,2
8816,1
8817,5
8818,1
8819,3
8820,1
8821,1
8822,4
8823,3
8824,6
8825,1
8826,13
8827,4
8828,2
8829,7
8830,1
8831,6
8832,2
8833,2
8834,3
8835,2
8836,4
8837,3
8838,3
8839,1
8840,2
8841,2
8842,4
8843,4
8844,3
8845,3
8846,6
8847,1
8848,6
8849,1
8850,11
8851,1
8852,3
8853,5
8854,7
8855,6
8856,1
8857,1
8858,1
8859,1
8860,7
8861,8
8862,2
8863,2
8864,1
8865,8
8866,2
8867,4
8868,3
8869,1
8870,4
8871,3
8872,3
8873,3
8874,2
8875,1
8876,12
8877,4
8878,2
8879,7
8880,11
8881,5
8882,6
8883,3
8884,4
8885,1
8886,3
8887,4
8888,13
8889,3
8890,1
8891,6
8892,1
8893,2
8894,3
8895,5
8896,3
8897,3
8898,3
8899,2
8900,1
8901,1
8902,1
8903,6
8904,5
8905,4
8906,1
8907,1
8908,6
8909,4
8910,1
8911,9
8912,7
8913,1
8914,3
8915,3
8916,1
8917,1
8918,3
8919,2
8920,4
8921,3
8922,2
8923,3
8924,4
8925,3
8926,3
8927,7
8928,1
8929,1
8930,7
8931,1
8932,5
8933,4
8934,6
8935,5
8936,1
8937,5
8938,2
8939,1
8940,2
8941,1
8942,2
8943,2
8944,4
8945,4
8946,2
8947,3
8948,4
8949,4
8950,1
8951,3
8952,2
8953,3
8954,3
8955,4
8956,4
8957,2
8958,3
8959,7
8960,2
8961,5
8962,5
8963,8
8964,2
8965,6
8966,2
8967,5
8968,1
8969,2
8970,4
8971,3
8972,2
8973,1
8974,3
8975,2
8976,1
8977,1
8978,1
8979,1
8980,4
8981,6
8982,6
8983,1
8984,1
8985,2
8986,3
8987,5
8988,7
8989,5
8990,1
8991,7
8992,2
8993,3
8994,7
8995,2
8996,6
8997,1
8998,1
8999,3
9000,1
9001,2
9002,2
9003,1
9004,4
9005,2
9006,5
9007,2
9008,3
9009,1
9010,1
9011,2
9012,1
9013,8
9014,1
9015,1
9016,4
9017,2
9018,2
9019,3
9020,1
9021,2
9022,14
9023,1
9024,2
9025,1
9026,3
9027,3
9028,1
9029,1
9030,6
9031,2
9032,1
9033,1
9034,2
9035,1
9036,2
9037,1
9038,2
9039,3
9040,2
9041,1
9042,3
9043,1
9044,1
9045,1
9046,2
9047,4
9048,4
9049,2
9050,2
9051,3
9052,2
9053,9
9054,1
9055,2
9056,2
9057,1
9058,1
9059,2
9060,1
9061,3
9062,1
9063,2
9064,1
9065,1
9066,2
9067,1
9068,6
9069,9
9070,2
9071,1
9072,10
9073,4
9074,4
9075,1
9076,5
9077,1
9078,5
9079,8
9080,5
9081,5
9082,3
9083,10
9084,2
9085,4
9086,1
9087,2
9088,1
9089,2
9090,1
9091,3
9092,1
9093,3
9094,1
9095,4
9096,2
9097,6
9098,8
9099,3
9100,2
9101,3
9102,3
9103,3
9104,3
9105,1
9106,1
9107,8
9108,2
9109,2
9110,5
9111,1
9112,2
9113,1
9114,4
9115,2
9116,2
9117,2
9118,3
9119,2
9120,1
9121,3
9122,8
9123,7
9124,6
9125,7
9126,3
9127,11
9128,6
9129,17
9130,6
9131,3
9132,1
9133,3
9134,3
9135,6
9136,3
9137,4
9138,6
9139,1
9140,10
9141,5
9142,1
9143,2
9144,8
9145,3
9146,8
9147,1
9148,2
9149,11
9150,3
9151,1
9152,2
9153,2
9154,1
9155,4
9156,5
9157,6
9158,3
9159,7
9160,1
9161,8
9162,1
9163,3
9164,8
9165,3
9166,6
9167,10
9168,9
9169,3
9170,4
9171,10
9172,1
9173,1
9174,2
9175,2
9176,1
9177,4
9178,3
9179,12
9180,16
9181,1
9182,1
9183,5
9184,9
9185,7
9186,1
9187,10
9188,3
9189,5
9190,18
9191,1
9192,2
9193,1
9194,13
9195,2
9196,6
9197,5
9198,12
9199,2
9200,3
9201,2
9202,9
9203,6
9204,6
9205,4
9206,3
9207,5
9208,6
9209,1
9210,2
9211,2
9212,2
9213,3
9214,1
9215,7
9216,2
9217,12
9218,10
9219,3
9220,16
9221,3
9222,8
9223,5
9224,2
9225,2
9226,6
9227,1
9228,1
9229,3
9230,4
9231,7
9232,1
9233,4
9234,1
9235,2
9236,14
9237,6
9238,1
9239,17
9240,3
9241,4
9242,2
9243,1
9244,1
9245,17
9246,13
9247,1
9248,3
9249,4
9250,25
9251,5
9252,14
9253,11
9254,15
9255,12
9256,17
9257,3
9258,1
9259,2
9260,4
9261,2
9262,15
9263,18
9264,1
9265,12
9266,3
9267,20
9268,5
9269,13
9270,1
9271,4
9272,14
9273,6
9274,9
9275,5
9276,3
9277,28
9278,23
9279,6
9280,7
9281,10
9282,18
9283,7
9284,10
9285,11
9286,22
9287,14
9288,5
9289,17
9290,19
9291,3
9292,14
9293,11
9294,12
9295,10
9296,11
9297,21
9298,12
9299,18
9300,15
9301,3
9302,8
9303,9
9304,3
9305,4
9306,18
9307,2
9308,11
9309,9
9310,18
9311,21
9312,7
9313,2
9314,2
9315,6
9316,14
9317,1
9318,6
9319,3
9320,1
9321,2
9322,15
9323,2
9324,17
9325,5
9326,8
9327,4
9328,3
9329,6
9330,6
9331,8
9332,16
9333,1
9334,5
9335,10
9336,7
9337,8
9338,3
9339,7
9340,12
9341,18
9342,15
9343,14
9344,3
9345,10
9346,1
9347,4
9348,7
9349,6
9350,4
9351,6
9352,5
9353,3
9354,3
9355,9
9356,21
9357,3
9358,14
9359,6
9360,1
9361,7
9362,3
9363,4
9364,10
9365,28
9366,12
9367,1
9368,3
9369,6
9370,12
9371,5
9372,10
9373,15
9374,14
9375,5
9376,7
9377,6
9378,9
9379,11
9380,1
9381,10
9382,6
9383,4
9384,1
9385,10
9386,37
9387,21
9388,11
9389,6
9390,26
9391,4
9392,1
9393,16
9394,17
9395,31
9396,8
9397,8
9398,7
9399,3
9400,6
9401,28
9402,7
9403,2
9404,7
9405,7
9406,20
9407,5
9408,21
9409,1
9410,4
9411,2
9412,7
9413,7
9414,3
9415,22
9416,16
9417,2
9418,9
9419,8
9420,6
9421,5
9422,1
9423,19
9424,17
9425,18
9426,2
9427,11
9428,13
9429,25
9430,2
9431,9
9432,26
9433,14
9434,14
9435,5
9436,10
9437,50
9438,41
9439,33
9440,22
9441,2
9442,22
9443,2
9444,32
9445,12
9446,13
9447,22
9448,3
9449,3
9450,5
9451,11
9452,9
9453,22
9454,14
9455,38
9456,7
9457,5
9458,25
9459,9
9460,24
9461,1
9462,51
9463,24
9464,76
9465,2
9466,2
9467,20
9468,37
9469,20
9470,31
9471,3
9472,10
9473,41
9474,20
9475,11
9476,46
9477,49
9478,25
9479,18
9480,47
9481,7
9482,16
9483,12
9484,17
9485,5
9486,5
9487,2
9488,11
9489,8
9490,12
9491,10
9492,3
9493,6
9494,13
9495,1
9496,17
9497,10
9498,8
9499,8
9500,4
9501,6
9502,9
9503,13
9504,4
9505,5
9506,2
9507,21
9508,11
9509,7
9510,39
9511,2
9512,8
9513,8
9514,3
9515,6
9516,22
9517,7
9518,27
9519,3
9520,3
9521,10
9522,3
9523,30
9524,5
9525,9
9526,12
9527,2
9528,4
9529,3
9530,29
9531,3
9532,5
9533,3
9534,3
9535,6
9536,16
9537,1
9538,2
9539,23
9540,2
9541,12
9542,3
9543,4
9544,13
9545,1
9546,9
9547,16
9548,2
9549,3
9550,13
9551,17
9552,16
9553,8
9554,2
9555,13
9556,3
9557,12
9558,24
9559,4
9560,19
9561,7
9562,3
9563,1
9564,1
9565,12
9566,3
9567,2
9568,2
9569,17
9570,1
9571,2
9572,1
9573,1
9574,6
9575,6
9576,29
9577,6
9578,1
9579,15
9580,2
9581,23
9582,2
9583,1
9584,1
9585,3
9586,10
9587,2
9588,5
9589,6
9590,4
9591,7
9592,2
9593,4
9594,3
9595,1
9596,4
9597,3
9598,9
9599,1
9600,6
9601,3
9602,1
9603,2
9604,3
9605,6
9606,1
9607,1
9608,2
9609,2
9610,1
9611,3
9612,3
9613,2
9614,3
9615,2
9616,3
9617,2
9618,2
9619,1
9620,3
9621,5
9622,14
9623,3
9624,1
9625,4
9626,1
9627,6
9628,1
9629,2
9630,2
9631,4
9632,4
9633,2
9634,2
9635,2
9636,8
9637,3
9638,2
9639,1
9640,1
9641,1
9642,13
9643,2
9644,1
9645,12
9646,2
9647,2
9648,10
9649,3
9650,1
9651,2
9652,3
9653,1
9654,2
9655,1
9656,5
9657,2
9658,3
9659,2
9660,12
9661,4
9662,2
9663,3
9664,2
9665,2
9666,3
9667,1
9668,3
9669,2
9670,8
9671,2
9672,1
9673,3
9674,2
9675,2
9676,3
9677,1
9678,1
9679,3
9680,1
9681,10
9682,2
9683,1
9684,1
9685,3
9686,1
9687,6
9688,2
9689,3
9690,2
9691,1
9692,5
9693,2
9694,1
9695,2
9696,4
9697,5
9698,7
9699,7
9700,3
9701,5
9702,5
9703,3
9704,4
9705,3
9706,2
9707,1
9708,4
9709,3
9710,3
9711,7
9712,3
9713,4
9714,2
9715,8
9716,3
9717,6
9718,2
9719,3
9720,1
9721,5
9722,1
9723,1
9724,4
9725,11
9726,2
9727,1
9728,2
9729,2
9730,6
9731,6
9732,8
9733,6
9734,5
9735,3
9736,1
9737,2
9738,3
9739,2
9740,4
9741,1
9742,1
9743,2
9744,7
9745,4
9746,7
9747,4
9748,1
9749,3
9750,1
9751,4
9752,3
9753,1
9754,4
9755,3
9756,2
9757,2
9758,4
9759,1
9760,1
9761,1
9762,3
9763,10
9764,7
9765,8
9766,7
9767,4
9768,1
9769,2
9770,1
9771,4
9772,1
9773,3
9774,7
9775,2
9776,9
9777,4
9778,1
9779,2
9780,5
9781,5
9782,5
9783,4
9784,6
9785,10
9786,2
9787,2
9788,9
9789,3
9790,5
9791,2
9792,2
9793,5
9794,1
9795,2
9796,4
9797,4
9798,9
9799,6
9800,4
9801,2
9802,4
9803,1
9804,2
9805,1
9806,1
9807,10
9808,5
9809,5
9810,3
9811,3
9812,2
9813,3
9814,2
9815,1
9816,2
9817,2
9818,1
9819,1
9820,4
9821,5
9822,1
9823,1
9824,4
9825,2
9826,1
9827,1
9828,2
9829,4
9830,2
9831,1
9832,2
9833,7
9834,5
9835,1
9836,2
9837,1
9838,3
9839,3
9840,1
9841,2
9842,6
9843,2
9844,1
9845,7
9846,4
9847,1
9848,7
9849,2
9850,8
9851,3
9852,3
9853,1
9854,8
9855,1
9856,2
9857,10
9858,13
9859,11
9860,2
9861,3
9862,4
9863,3
9864,1
9865,2
9866,1
9867,11
9868,3
9869,1
9870,1
9871,1
9872,3
9873,9
9874,1
9875,1
9876,2
9877,1
9878,2
9879,1
9880,10
9881,3
9882,3
9883,8
9884,4
9885,2
9886,9
9887,1
9888,7
9889,1
9890,1
9891,1
9892,4
9893,6
9894,3
9895,2
9896,1
9897,3
9898,8
9899,1
9900,1
9901,3
9902,1
9903,6
9904,1
9905,4
9906,1
9907,3
9908,1
9909,3
9910,3
9911,4
9912,8
9913,1
9914,3
9915,1
9916,2
9917,1
9918,3
9919,4
9920,7
9921,1
9922,1
9923,1
9924,3
9925,2
9926,1
9927,4
9928,1
9929,2
9930,3
9931,4
9932,2
9933,1
9934,1
9935,13
9936,3
9937,4
9938,5
9939,3
9940,9
9941,5
9942,4
9943,2
9944,1
9945,4
9946,3
9947,1
9948,10
9949,1
9950,1
9951,2
9952,2
9953,3
9954,3
9955,4
9956,5
9957,3
9958,3
9959,2
9960,6
9961,6
9962,3
9963,3
9964,6
9965,4
9966,5
9967,1
9968,1
9969,3
9970,8
9971,3
9972,11
9973,3
9974,1
9975,2
9976,4
9977,6
9978,9
9979,6
9980,2
9981,3
9982,15
9983,4
9984,8
9985,3
9986,1
9987,11
9988,1
9989,5
9990,2
9991,1
9992,3
9993,2
9994,2
9995,3
9996,3
9997,5
9998,1
9999,2
10000,11
10001,8
10002,4
10003,3
10004,3
10005,2
10006,14
10007,12
10008,5
10009,1
10010,12
10011,3
10012,3
10013,7
10014,5
10015,6
10016,5
10017,1
10018,6
10019,1
10020,8
10021,7
10022,5
10023,4
10024,5
10025,1
10026,4
10027,3
10028,16
10029,2
10030,3
10031,1
10032,3
10033,1
10034,3
10035,1
10036,3
10037,3
10038,4
10039,1
10040,1
10041,8
10042,4
10043,1
10044,2
10045,2
10046,2
10047,2
10048,2
10049,5
10050,13
10051,7
10052,3
10053,6
10054,1
10055,2
10056,7
10057,2
10058,5
10059,4
10060,1
10061,7
10062,3
10063,6
10064,2
10065,4
10066,5
10067,5
10068,5
10069,1
10070,10
10071,1
10072,1
10073,1
10074,5
10075,4
10076,12
10077,13
10078,4
10079,1
10080,1
10081,5
10082,1
10083,3
10084,6
10085,8
10086,2
10087,1
10088,4
10089,5
10090,5
10091,10
10092,2
10093,2
10094,7
10095,3
10096,7
10097,7
10098,2
10099,7
10100,7
10101,6
10102,4
10103,5
10104,1
10105,7
10106,2
10107,1
10108,2
10109,1
10110,15
10111,2
10112,1
10113,1
10114,2
10115,8
10116,1
10117,1
10118,3
10119,1
10120,4
10121,2
10122,5
10123,3
10124,3
10125,3
10126,4
10127,4
10128,5
10129,4
10130,5
10131,5
10132,6
10133,1
10134,9
10135,2
10136,4
10137,2
10138,3
10139,2
10140,5
10141,12
10142,4
10143,2
10144,8
10145,3
10146,2
10147,3
10148,14
10149,7
10150,2
10151,1
10152,2
10153,5
10154,2
10155,2
10156,1
10157,3
10158,5
10159,1
10160,3
10161,4
10162,1
10163,5
10164,2
10165,7
10166,2
10167,3
10168,2
10169,2
10170,5
10171,1
10172,11
10173,5
10174,2
10175,3
10176,2
10177,1
10178,2
10179,1
10180,1
10181,2
10182,6
10183,3
10184,15
10185,10
10186,2
10187,2
10188,3
10189,4
10190,4
10191,7
10192,1
10193,1
10194,12
10195,11
10196,5
10197,2
10198,8
10199,4
10200,4
10201,9
10202,2
10203,7
10204,3
10205,1
10206,3
10207,3
10208,6
10209,2
10210,1
10211,4
10212,1
10213,1
10214,2
10215,1
10216,3
10217,1
10218,1
10219,8
10220,2
10221,8
10222,4
10223,4
10224,6
10225,3
10226,2
10227,5
10228,1
10229,7
10230,1
10231,2
10232,1
10233,1
10234,4
10235,19
10236,1
10237,3
10238,2
10239,3
10240,1
10241,8
10242,3
10243,2
10244,2
10245,2
10246,8
10247,5
10248,2
10249,5
10250,2
10251,2
10252,6
10253,3
10254,4
10255,4
10256,2
10257,7
10258,2
10259,4
10260,1
10261,5
10262,1
10263,2
10264,7
10265,2
10266,5
10267,8
10268,1
10269,10
10270,3
10271,9
10272,2
10273,13
10274,2
10275,7
10276,1
10277,6
10278,6
10279,15
10280,3
10281,1
10282,4
10283,6
10284,2
10285,7
10286,4
10287,3
10288,5
10289,7
10290,3
10291,11
10292,1
10293,2
10294,4
10295,7
10296,1
10297,2
10298,3
10299,5
10300,3
10301,6
10302,1
10303,4
10304,2
10305,3
10306,7
10307,1
10308,10
10309,1
10310,1
10311,5
10312,4
10313,1
10314,3
10315,9
10316,7
10317,3
10318,2
10319,8
10320,1
10321,2
10322,1
10323,14
10324,1
10325,1
10326,12
10327,8
10328,1
10329,12
10330,2
10331,6
10332,7
10333,11
10334,8
10335,3
10336,21
10337,1
10338,1
10339,1
10340,4
10341,8
10342,2
10343,1
10344,4
10345,12
10346,1
10347,4
10348,1
10349,9
10350,2
10351,4
10352,14
10353,3
10354,1
10355,9
10356,8
10357,3
10358,14
10359,3
10360,7
10361,7
10362,11
10363,18
10364,13
10365,18
10366,2
10367,5
10368,2
10369,1
10370,22
10371,5
10372,5
10373,13
10374,1
10375,2
10376,3
10377,5
10378,2
10379,2
10380,4
10381,3
10382,4
10383,5
10384,1
10385,6
10386,7
10387,23
10388,4
10389,2
10390,3
10391,2
10392,17
10393,11
10394,8
10395,2
10396,11
10397,12
10398,8
10399,9
10400,1
10401,5
10402,15
10403,2
10404,8
10405,10
10406,9
10407,3
10408,19
10409,2
10410,10
10411,3
10412,1
10413,2
10414,12
10415,14
10416,35
10417,12
10418,19
10419,3
10420,14
10421,1
10422,3
10423,1
10424,13
10425,7
10426,18
10427,2
10428,1
10429,7
10430,1
10431,6
10432,5
10433,1
10434,19
10435,2
10436,11
10437,2
10438,27
10439,5
10440,6
10441,10
10442,22
10443,5
10444,9
10445,2
10446,1
10447,31
10448,11
10449,5
10450,13
10451,14
10452,4
10453,5
10454,15
10455,6
10456,3
10457,5
10458,8
10459,16
10460,8
10461,4
10462,2
10463,9
10464,3
10465,12
10466,5
10467,32
10468,1
10469,26
10470,2
10471,5
10472,3
10473,4
10474,8
10475,28
10476,19
10477,28
10478,9
10479,16
10480,3
10481,5
10482,10
10483,3
10484,7
10485,18
10486,17
10487,37
10488,8
10489,9
10490,7
10491,10
10492,34
10493,9
10494,12
10495,2
10496,7
10497,18
10498,33
10499,17
10500,1
10501,6
10502,9
10503,1
10504,16
10505,7
10506,15
10507,24
10508,2
10509,49
10510,5
10511,31
10512,13
10513,16
10514,1
10515,10
10516,5
10517,20
10518,45
10519,14
10520,11
10521,6
10522,22
10523,13
10524,25
10525,24
10526,4
10527,25
10528,40
10529,7
10530,4
10531,8
10532,34
10533,1
10534,30
10535,9
10536,15
10537,21
10538,8
10539,34
10540,2
10541,10
10542,3
10543,31
10544,14
10545,11
10546,16
10547,11
10548,23
10549,15
10550,36
10551,1
10552,4
10553,4
10554,5
10555,2
10556,1
10557,10
10558,2
10559,2
10560,13
10561,10
10562,6
10563,9
10564,9
10565,1
10566,12
10567,9
10568,13
10569,6
10570,6
10571,19
10572,9
10573,7
10574,1
10575,5
10576,7
10577,1
10578,12
10579,3
10580,4
10581,16
10582,4
10583,5
10584,37
10585,1
10586,5
10587,9
10588,7
10589,7
10590,3
10591,26
10592,4
10593,4
10594,18
10595,8
10596,5
10597,9
10598,33
10599,9
10600,9
10601,1
10602,7
10603,24
10604,10
10605,2
10606,11
10607,7
10608,1
10609,2
10610,3
10611,14
10612,9
10613,4
10614,2
10615,6
10616,11
10617,1
10618,7
10619,5
10620,1
10621,9
10622,10
10623,3
10624,3
10625,4
10626,3
10627,15
10628,2
10629,4
10630,3
10631,16
10632,4
10633,18
10634,2
10635,4
10636,5
10637,1
10638,6
10639,7
10640,41
10641,5
10642,18
10643,10
10644,17
10645,9
10646,8
10647,3
10648,7
10649,3
10650,9
10651,8
10652,6
10653,5
10654,5
10655,7
10656,9
10657,5
10658,4
10659,14
10660,2
10661,1
10662,1
10663,1
10664,1
10665,4
10666,6
10667,10
10668,1
10669,1
10670,8
10671,4
10672,3
10673,2
10674,3
10675,8
10676,5
10677,1
10678,7
10679,1
10680,9
10681,4
10682,1
10683,2
10684,1
10685,2
10686,3
10687,2
10688,5
10689,1
10690,1
10691,3
10692,1
10693,3
10694,1
10695,1
10696,2
10697,1
10698,1
10699,1
10700,1
10701,2
10702,1
10703,3
10704,2
10705,1
10706,1
10707,3
10708,3
10709,3
10710,1
10711,1
10712,1
10713,1
10714,2
10715,1
10716,2
10717,3
10718,1
10719,7
10720,2
10721,7
10722,1
10723,1
10724,5
10725,1
10726,2
10727,7
10728,6
10729,5
10730,3
10731,1
10732,1
10733,1
10734,3
10735,4
10736,1
10737,3
10738,1
10739,12
10740,1
10741,1
10742,2
10743,1
10744,3
10745,2
10746,1
10747,2
10748,1
10749,3
10750,3
10751,1
10752,1
10753,2
10754,2
10755,1
10756,2
10757,2
10758,1
10759,1
10760,1
10761,7
10762,1
10763,3
10764,1
10765,1
10766,2
10767,2
10768,2
10769,1
10770,7
10771,1
10772,1
10773,2
10774,1
10775,1
10776,2
10777,1
10778,3
10779,1
10780,3
10781,1
10782,2
10783,1
10784,4
10785,2
10786,1
10787,3
10788,4
10789,6
10790,2
10791,2
10792,1
10793,3
10794,1
10795,1
10796,1
10797,2
10798,2
10799,2
10800,3
