1,3
2,8
3,3
4,2
5,2
6,6
7,5
8,3
9,6
10,5
11,8
12,2
13,9
14,4
15,7
16,3
17,2
18,1
19,1
20,2
21,1
22,6
23,1
24,1
25,1
26,1
27,1
28,2
29,1
30,3
31,14
32,2
33,4
34,2
35,1
36,6
37,5
38,10
39,1
40,2
41,1
42,1
43,3
44,2
45,5
46,9
47,1
48,1
49,3
50,3
51,13
52,1
53,4
54,1
55,3
56,2
57,4
58,5
59,5
60,2
61,3
62,4
63,8
64,1
65,7
66,1
67,5
68,8
69,5
70,6
71,1
72,1
73,11
74,6
75,1
76,3
77,2
78,6
79,3
80,4
81,1
82,7
83,6
84,2
85,10
86,13
87,1
88,3
89,2
90,6
91,2
92,8
93,2
94,4
95,8
96,2
97,2
98,3
99,14
100,6
101,5
102,4
103,1
104,3
105,2
106,1
107,7
108,3
109,2
110,3
111,6
112,2
113,1
114,7
115,4
116,5
117,3
118,3
119,5
120,2
121,1
122,7
123,6
124,5
125,1
126,1
127,4
128,1
129,8
130,4
131,6
132,5
133,10
134,10
135,1
136,3
137,2
138,8
139,3
140,1
141,6
142,1
143,5
144,8
145,10
146,1
147,5
148,4
149,2
150,4
151,1
152,10
153,2
154,1
155,4
156,1
157,7
158,8
159,5
160,5
161,4
162,1
163,1
164,1
165,3
166,2
167,4
168,14
169,4
170,4
171,6
172,1
173,1
174,5
175,6
176,5
177,7
178,1
179,4
180,2
181,3
182,1
183,1
184,6
185,7
186,2
187,21
188,2
189,1
190,3
191,1
192,8
193,1
194,1
195,1
196,6
197,2
198,6
199,3
200,9
201,11
202,4
203,3
204,3
205,4
206,3
207,3
208,1
209,8
210,1
211,1
212,8
213,4
214,13
215,11
216,5
217,14
218,5
219,3
220,6
221,9
222,1
223,5
224,1
225,3
226,7
227,4
228,4
229,14
230,4
231,8
232,2
233,1
234,3
235,11
236,8
237,3
238,1
239,6
240,1
241,6
242,8
243,1
244,3
245,2
246,2
247,14
248,2
249,16
250,1
251,5
252,4
253,3
254,8
255,3
256,5
257,1
258,3
259,8
260,6
261,1
262,3
263,1
264,1
265,2
266,1
267,1
268,4
269,8
270,1
271,16
272,10
273,4
274,1
275,2
276,1
277,2
278,2
279,1
280,3
281,5
282,1
283,1
284,2
285,2
286,1
287,2
288,1
289,2
290,3
291,6
292,2
293,4
294,5
295,3
296,3
297,2
298,2
299,6
300,2
301,2
302,4
303,3
304,5
305,1
306,10
307,3
308,1
309,4
310,1
311,5
312,2
313,6
314,1
315,3
316,2
317,1
318,8
319,1
320,3
321,9
322,3
323,1
324,2
325,15
326,1
327,3
328,1
329,3
330,2
331,7
332,2
333,6
334,12
335,5
336,2
337,2
338,4
339,10
340,2
341,3
342,1
343,1
344,3
345,3
346,10
347,6
348,3
349,1
350,11
351,11
352,2
353,2
354,1
355,2
356,4
357,1
358,4
359,3
360,3
361,1
362,1
363,1
364,1
365,2
366,1
367,4
368,1
369,3
370,2
371,1
372,2
373,4
374,1
375,2
376,7
377,3
378,5
379,1
380,1
381,3
382,12
383,2
384,2
385,1
386,11
387,2
388,12
389,7
390,2
391,4
392,4
393,1
394,2
395,2
396,2
397,4
398,3
399,1
400,1
401,1
402,8
403,7
404,2
405,1
406,1
407,1
408,2
409,6
410,8
411,3
412,3
413,1
414,2
415,4
416,1
417,2
418,2
419,2
420,8
421,2
422,2
423,4
424,4
425,3
426,2
427,9
428,3
429,9
430,7
431,3
432,2
433,4
434,4
435,4
436,3
437,2
438,2
439,5
440,2
441,2
442,6
443,1
444,1
445,1
446,2
447,3
448,1
449,2
450,2
451,3
452,5
453,1
454,3
455,3
456,1
457,8
458,2
459,3
460,3
461,4
462,6
463,2
464,6
465,6
466,6
467,9
468,2
469,1
470,6
471,3
472,4
473,2
474,3
475,1
476,5
477,4
478,6
479,3
480,1
481,2
482,1
483,5
484,1
485,3
486,8
487,2
488,6
489,1
490,5
491,5
492,1
493,3
494,6
495,7
496,2
497,1
498,5
499,7
500,2
501,7
502,6
503,5
504,3
505,1
506,11
507,3
508,1
509,4
510,3
511,9
512,4
513,4
514,7
515,1
516,5
517,1
518,2
519,1
520,2
521,4
522,1
523,4
524,2
525,1
526,2
527,9
528,2
529,6
530,11
531,2
532,4
533,4
534,1
535,1
536,1
537,6
538,2
539,10
540,2
541,6
542,2
543,3
544,2
545,2
546,11
547,1
548,7
549,2
550,2
551,5
552,2
553,3
554,2
555,3
556,6
557,5
558,3
559,1
560,3
561,3
562,2
563,1
564,2
565,1
566,3
567,8
568,1
569,7
570,3
571,2
572,1
573,2
574,2
575,2
576,1
577,5
578,3
579,2
580,1
581,4
582,1
583,1
584,4
585,5
586,2
587,6
588,3
589,1
590,1
591,10
592,1
593,8
594,8
595,6
596,3
597,1
598,4
599,1
600,2
601,1
602,2
603,4
604,4
605,1
606,2
607,1
608,3
609,2
610,4
611,3
612,5
613,1
614,3
615,6
616,1
617,1
618,4
619,5
620,5
621,6
622,4
623,4
624,1
625,7
626,1
627,1
628,5
629,4
630,8
631,2
632,2
633,4
634,4
635,6
636,14
637,16
638,1
639,1
640,12
641,3
642,11
643,6
644,2
645,3
646,3
647,3
648,11
649,3
650,13
651,1
652,3
653,6
654,2
655,4
656,9
657,2
658,3
659,12
660,4
661,21
662,6
663,11
664,16
665,7
666,11
667,20
668,1
669,3
670,1
671,33
672,4
673,27
674,7
675,3
676,3
677,11
678,13
679,2
680,4
681,3
682,2
683,7
684,5
685,2
686,13
687,3
688,8
689,8
690,1
691,2
692,12
693,2
694,1
695,8
696,6
697,4
698,12
699,14
700,9
701,7
702,7
703,1
704,1
705,5
706,5
707,2
708,2
709,15
710,19
711,9
712,15
713,5
714,5
715,7
716,9
717,3
718,14
719,4
720,5
721,4
722,1
723,2
724,3
725,5
726,10
727,14
728,7
729,7
730,2
731,7
732,5
733,7
734,8
735,5
736,1
737,2
738,1
739,14
740,3
741,1
742,6
743,10
744,8
745,1
746,2
747,3
748,8
749,3
750,8
751,3
752,7
753,7
754,1
755,1
756,4
757,2
758,2
759,2
760,1
761,6
762,3
763,4
764,1
765,4
766,8
767,2
768,2
769,1
770,9
771,1
772,2
773,3
774,1
775,2
776,2
777,5
778,4
779,2
780,2
781,2
782,1
783,2
784,1
785,1
786,4
787,1
788,4
789,4
790,7
791,7
792,1
793,1
794,1
795,5
796,3
797,1
798,7
799,2
800,1
801,2
802,1
803,1
804,1
805,2
806,5
807,3
808,3
809,5
810,12
811,3
812,3
813,1
814,10
815,3
816,4
817,12
818,2
819,1
820,1
821,10
822,1
823,3
824,3
825,9
826,4
827,8
828,1
829,3
830,3
831,1
832,16
833,2
834,3
835,1
836,3
837,4
838,1
839,2
840,7
841,1
842,2
843,3
844,3
845,2
846,3
847,3
848,6
849,7
850,12
851,1
852,3
853,5
854,2
855,3
856,4
857,6
858,9
859,3
860,5
861,2
862,9
863,15
864,3
865,2
866,4
867,14
868,1
869,1
870,2
871,1
872,2
873,6
874,7
875,2
876,1
877,1
878,8
879,3
880,1
881,3
882,1
883,5
884,1
885,6
886,1
887,1
888,1
889,3
890,2
891,2
892,1
893,1
894,4
895,3
896,4
897,1
898,1
899,4
900,6
901,2
902,7
903,7
904,2
905,3
906,1
907,1
908,2
909,3
910,7
911,2
912,1
913,3
914,6
915,3
916,4
917,4
918,1
919,5
920,1
921,1
922,2
923,10
924,1
925,3
926,9
927,2
928,1
929,4
930,2
931,2
932,7
933,14
934,7
935,3
936,8
937,3
938,3
939,6
940,2
941,5
942,7
943,13
944,7
945,3
946,1
947,7
948,2
949,9
950,1
951,4
952,10
953,7
954,1
955,9
956,2
957,5
958,2
959,6
960,2
961,6
962,24
963,1
964,1
965,6
966,14
967,1
968,5
969,7
970,2
971,14
972,1
973,1
974,2
975,9
976,22
977,10
978,3
979,2
980,5
981,1
982,1
983,2
984,9
985,1
986,11
987,3
988,7
989,1
990,1
991,1
992,1
993,12
994,14
995,3
996,1
997,5
998,5
999,13
1000,3
1001,2
1002,2
1003,2
1004,3
1005,6
1006,9
1007,6
1008,10
1009,7
1010,3
1011,8
1012,12
1013,4
1014,9
1015,3
1016,10
1017,7
1018,5
1019,17
1020,1
1021,4
1022,16
1023,3
1024,1
1025,1
1026,13
1027,1
1028,17
1029,9
1030,8
1031,8
1032,15
1033,12
1034,2
1035,5
1036,1
1037,13
1038,4
1039,45
1040,2
1041,9
1042,4
1043,4
1044,3
1045,6
1046,18
1047,9
1048,10
1049,23
1050,9
1051,5
1052,4
1053,13
1054,4
1055,2
1056,17
1057,6
1058,9
1059,13
1060,6
1061,17
1062,13
1063,26
1064,18
1065,13
1066,9
1067,3
1068,32
1069,9
1070,16
1071,5
1072,1
1073,2
1074,9
1075,6
1076,10
1077,11
1078,6
1079,6
1080,2
1081,2
1082,4
1083,9
1084,20
1085,24
1086,6
1087,4
1088,6
1089,7
1090,11
1091,7
1092,1
1093,12
1094,9
1095,11
1096,7
1097,18
1098,7
1099,8
1100,3
1101,18
1102,5
1103,2
1104,5
1105,13
1106,18
1107,6
1108,2
1109,5
1110,12
1111,6
1112,1
1113,15
1114,6
1115,4
1116,3
1117,20
1118,1
1119,5
1120,2
1121,4
1122,22
1123,12
1124,9
1125,6
1126,6
1127,7
1128,2
1129,1
1130,1
1131,12
1132,7
1133,15
1134,8
1135,7
1136,4
1137,2
1138,1
1139,17
1140,11
1141,14
1142,3
1143,5
1144,22
1145,33
1146,3
1147,14
1148,2
1149,4
1150,3
1151,17
1152,10
1153,9
1154,7
1155,4
1156,14
1157,8
1158,18
1159,1
1160,2
1161,1
1162,8
1163,11
1164,24
1165,12
1166,12
1167,5
1168,1
1169,8
1170,6
1171,1
1172,2
1173,2
1174,9
1175,2
1176,10
1177,2
1178,9
1179,1
1180,4
1181,11
1182,1
1183,4
1184,10
1185,1
1186,6
1187,2
1188,10
1189,5
1190,3
1191,1
1192,2
1193,4
1194,8
1195,6
1196,8
1197,5
1198,8
1199,13
1200,27
1201,1
1202,6
1203,1
1204,9
1205,8
1206,4
1207,4
1208,1
1209,1
1210,7
1211,4
1212,4
1213,1
1214,6
1215,10
1216,2
1217,6
1218,2
1219,5
1220,10
1221,8
1222,2
1223,2
1224,6
1225,13
1226,9
1227,5
1228,7
1229,4
1230,13
1231,4
1232,8
1233,5
1234,20
1235,6
1236,1
1237,15
1238,2
1239,4
1240,1
1241,1
1242,1
1243,10
1244,9
1245,3
1246,3
1247,7
1248,3
1249,8
1250,19
1251,11
1252,8
1253,5
1254,11
1255,1
1256,5
1257,12
1258,6
1259,18
1260,19
1261,5
1262,7
1263,3
1264,4
1265,9
1266,4
1267,8
1268,2
1269,1
1270,3
1271,5
1272,7
1273,10
1274,6
1275,1
1276,9
1277,1
1278,10
1279,1
1280,2
1281,3
1282,3
1283,6
1284,3
1285,4
1286,2
1287,1
1288,1
1289,1
1290,16
1291,4
1292,9
1293,2
1294,6
1295,2
1296,3
1297,1
1298,7
1299,1
1300,5
1301,6
1302,5
1303,1
1304,4
1305,1
1306,2
1307,1
1308,2
1309,6
1310,3
1311,9
1312,12
1313,1
1314,12
1315,2
1316,7
1317,5
1318,1
1319,1
1320,2
1321,11
1322,2
1323,2
1324,2
1325,4
1326,3
1327,1
1328,1
1329,28
1330,6
1331,1
1332,10
1333,1
1334,3
1335,3
1336,2
1337,2
1338,3
1339,2
1340,2
1341,2
1342,1
1343,5
1344,1
1345,2
1346,5
1347,4
1348,1
1349,3
1350,2
1351,2
1352,3
1353,2
1354,5
1355,25
1356,1
1357,4
1358,2
1359,5
1360,4
1361,1
1362,4
1363,7
1364,6
1365,2
1366,1
1367,6
1368,7
1369,3
1370,2
1371,3
1372,1
1373,2
1374,8
1375,2
1376,7
1377,2
1378,1
1379,7
1380,1
1381,2
1382,1
1383,2
1384,1
1385,1
1386,2
1387,5
1388,6
1389,4
1390,3
1391,7
1392,1
1393,7
1394,3
1395,4
1396,4
1397,2
1398,4
1399,6
1400,3
1401,5
1402,4
1403,3
1404,2
1405,2
1406,2
1407,2
1408,1
1409,4
1410,2
1411,8
1412,2
1413,1
1414,4
1415,1
1416,1
1417,2
1418,3
1419,2
1420,1
1421,5
1422,6
1423,3
1424,3
1425,9
1426,4
1427,3
1428,1
1429,2
1430,8
1431,2
1432,6
1433,1
1434,2
1435,2
1436,11
1437,3
1438,2
1439,3
1440,3
1441,3
1442,7
1443,8
1444,9
1445,4
1446,6
1447,23
1448,1
1449,6
1450,2
1451,1
1452,1
1453,3
1454,3
1455,6
1456,3
1457,2
1458,4
1459,3
1460,4
1461,3
1462,4
1463,5
1464,12
1465,7
1466,4
1467,3
1468,1
1469,3
1470,1
1471,2
1472,2
1473,9
1474,5
1475,1
1476,1
1477,1
1478,12
1479,10
1480,9
1481,1
1482,1
1483,5
1484,8
1485,1
1486,14
1487,1
1488,1
1489,2
1490,2
1491,1
1492,5
1493,2
1494,1
1495,1
1496,3
1497,2
1498,1
1499,1
1500,2
1501,14
1502,2
1503,1
1504,2
1505,2
1506,14
1507,4
1508,9
1509,6
1510,2
1511,12
1512,1
1513,1
1514,4
1515,2
1516,1
1517,4
1518,7
1519,6
1520,2
1521,4
1522,2
1523,7
1524,5
1525,6
1526,9
1527,10
1528,8
1529,1
1530,3
1531,4
1532,4
1533,1
1534,11
1535,1
1536,2
1537,5
1538,5
1539,2
1540,1
1541,2
1542,1
1543,5
1544,8
1545,2
1546,2
1547,3
1548,4
1549,1
1550,2
1551,1
1552,1
1553,2
1554,10
1555,4
1556,2
1557,4
1558,1
1559,8
1560,2
1561,8
1562,5
1563,7
1564,4
1565,1
1566,4
1567,3
1568,3
1569,7
1570,1
1571,1
1572,5
1573,6
1574,3
1575,1
1576,1
1577,11
1578,2
1579,1
1580,5
1581,5
1582,4
1583,1
1584,3
1585,2
1586,5
1587,2
1588,5
1589,1
1590,3
1591,5
1592,2
1593,1
1594,1
1595,1
1596,1
1597,1
1598,1
1599,1
1600,1
1601,4
1602,7
1603,8
1604,2
1605,11
1606,6
1607,5
1608,2
1609,7
1610,5
1611,3
1612,5
1613,5
1614,8
1615,2
1616,4
1617,6
1618,9
1619,9
1620,3
1621,2
1622,4
1623,2
1624,21
1625,9
1626,2
1627,4
1628,1
1629,1
1630,1
1631,1
1632,14
1633,9
1634,16
1635,1
1636,6
1637,9
1638,5
1639,1
1640,3
1641,2
1642,4
1643,4
1644,4
1645,7
1646,18
1647,2
1648,1
1649,2
1650,4
1651,2
1652,2
1653,5
1654,8
1655,5
1656,7
1657,8
1658,3
1659,3
1660,3
1661,8
1662,9
1663,23
1664,7
1665,5
1666,2
1667,7
1668,12
1669,10
1670,9
1671,1
1672,7
1673,11
1674,7
1675,5
1676,5
1677,6
1678,2
1679,4
1680,4
1681,6
1682,2
1683,5
1684,5
1685,3
1686,7
1687,5
1688,3
1689,1
1690,1
1691,9
1692,12
1693,2
1694,6
1695,2
1696,1
1697,1
1698,3
1699,6
1700,9
1701,6
1702,8
1703,1
1704,3
1705,6
1706,1
1707,10
1708,4
1709,5
1710,6
1711,5
1712,8
1713,1
1714,13
1715,7
1716,5
1717,14
1718,7
1719,1
1720,5
1721,6
1722,7
1723,6
1724,3
1725,2
1726,7
1727,9
1728,7
1729,4
1730,2
1731,10
1732,11
1733,1
1734,1
1735,8
1736,3
1737,6
1738,3
1739,1
1740,2
1741,5
1742,3
1743,1
1744,2
1745,10
1746,8
1747,1
1748,2
1749,1
1750,3
1751,10
1752,4
1753,11
1754,2
1755,2
1756,33
1757,19
1758,9
1759,10
1760,13
1761,9
1762,3
1763,2
1764,26
1765,3
1766,6
1767,5
1768,2
1769,13
1770,6
1771,13
1772,6
1773,8
1774,7
1775,3
1776,13
1777,4
1778,8
1779,3
1780,5
1781,1
1782,13
1783,5
1784,3
1785,10
1786,8
1787,8
1788,4
1789,15
1790,1
1791,7
1792,20
1793,3
1794,10
1795,22
1796,8
1797,16
1798,2
1799,2
1800,1
1801,5
1802,14
1803,2
1804,8
1805,43
1806,15
1807,21
1808,2
1809,4
1810,10
1811,17
1812,11
1813,4
1814,13
1815,21
1816,4
1817,10
1818,3
1819,10
1820,7
1821,13
1822,17
1823,2
1824,4
1825,4
1826,3
1827,11
1828,7
1829,26
1830,18
1831,1
1832,2
1833,24
1834,9
1835,13
1836,2
1837,42
1838,19
1839,2
1840,7
1841,1
1842,2
1843,5
1844,12
1845,6
1846,3
1847,5
1848,3
1849,9
1850,5
1851,3
1852,15
1853,8
1854,11
1855,6
1856,8
1857,5
1858,25
1859,9
1860,7
1861,8
1862,25
1863,3
1864,14
1865,41
1866,3
1867,8
1868,9
1869,7
1870,9
1871,4
1872,15
1873,2
1874,5
1875,6
1876,12
1877,7
1878,14
1879,20
1880,5
1881,5
1882,3
1883,46
1884,6
1885,4
1886,7
1887,2
1888,7
1889,11
1890,1
1891,2
1892,7
1893,2
1894,2
1895,1
1896,4
1897,3
1898,1
1899,6
1900,4
1901,1
1902,2
1903,6
1904,6
1905,1
1906,2
1907,22
1908,10
1909,15
1910,1
1911,7
1912,6
1913,5
1914,2
1915,1
1916,11
1917,16
1918,1
1919,3
1920,6
1921,2
1922,1
1923,2
1924,2
1925,6
1926,4
1927,14
1928,4
1929,10
1930,5
1931,1
1932,9
1933,19
1934,4
1935,1
1936,14
1937,3
1938,2
1939,1
1940,1
1941,14
1942,2
1943,9
1944,6
1945,29
1946,3
1947,9
1948,7
1949,6
1950,1
1951,3
1952,1
1953,10
1954,4
1955,4
1956,5
1957,14
1958,12
1959,4
1960,6
1961,4
1962,1
1963,1
1964,2
1965,8
1966,6
1967,7
1968,12
1969,3
1970,1
1971,19
1972,17
1973,9
1974,2
1975,3
1976,1
1977,5
1978,8
1979,6
1980,17
1981,1
1982,6
1983,8
1984,6
1985,6
1986,1
1987,1
1988,2
1989,2
1990,3
1991,1
1992,2
1993,8
1994,5
1995,4
1996,2
1997,7
1998,1
1999,4
2000,12
2001,1
2002,1
2003,1
2004,1
2005,1
2006,5
2007,7
2008,4
2009,6
2010,1
2011,9
2012,14
2013,1
2014,10
2015,1
2016,18
2017,1
2018,4
2019,5
2020,2
2021,5
2022,2
2023,6
2024,2
2025,6
2026,5
2027,4
2028,2
2029,6
2030,11
2031,3
2032,1
2033,7
2034,2
2035,1
2036,9
2037,4
2038,4
2039,3
2040,2
2041,3
2042,1
2043,1
2044,8
2045,2
2046,5
2047,3
2048,1
2049,3
2050,6
2051,16
2052,2
2053,4
2054,4
2055,9
2056,2
2057,5
2058,1
2059,1
2060,6
2061,5
2062,8
2063,3
2064,1
2065,2
2066,14
2067,1
2068,3
2069,3
2070,2
2071,10
2072,10
2073,1
2074,12
2075,8
2076,1
2077,6
2078,6
2079,3
2080,9
2081,2
2082,11
2083,5
2084,7
2085,1
2086,11
2087,1
2088,7
2089,1
2090,7
2091,13
2092,1
2093,1
2094,11
2095,11
2096,4
2097,6
2098,8
2099,13
2100,4
2101,1
2102,3
2103,2
2104,3
2105,1
2106,12
2107,1
2108,3
2109,3
2110,6
2111,3
2112,3
2113,6
2114,7
2115,4
2116,3
2117,5
2118,7
2119,7
2120,2
2121,2
2122,2
2123,7
2124,3
2125,4
2126,1
2127,3
2128,7
2129,1
2130,4
2131,18
2132,6
2133,3
2134,2
2135,1
2136,3
2137,2
2138,23
2139,6
2140,5
2141,1
2142,1
2143,6
2144,4
2145,2
2146,5
2147,6
2148,5
2149,4
2150,3
2151,19
2152,1
2153,2
2154,5
2155,2
2156,1
2157,10
2158,2
2159,8
2160,2
2161,2
2162,12
2163,3
2164,1
2165,13
2166,5
2167,1
2168,2
2169,2
2170,2
2171,2
2172,16
2173,6
2174,2
2175,1
2176,29
2177,11
2178,4
2179,3
2180,8
2181,4
2182,15
2183,12
2184,1
2185,4
2186,3
2187,4
2188,1
2189,5
2190,1
2191,21
2192,14
2193,10
2194,2
2195,2
2196,4
2197,19
2198,2
2199,11
2200,9
2201,5
2202,1
2203,1
2204,8
2205,3
2206,34
2207,2
2208,6
2209,3
2210,2
2211,6
2212,12
2213,9
2214,4
2215,10
2216,1
2217,1
2218,1
2219,12
2220,5
2221,20
2222,9
2223,3
2224,3
2225,20
2226,4
2227,2
2228,1
2229,5
2230,3
2231,3
2232,18
2233,2
2234,6
2235,6
2236,1
2237,13
2238,5
2239,7
2240,9
2241,2
2242,18
2243,1
2244,20
2245,9
2246,7
2247,1
2248,11
2249,6
2250,18
2251,6
2252,17
2253,2
2254,5
2255,1
2256,3
2257,22
2258,17
2259,7
2260,4
2261,4
2262,12
2263,11
2264,7
2265,3
2266,16
2267,18
2268,1
2269,13
2270,5
2271,4
2272,11
2273,8
2274,6
2275,3
2276,13
2277,1
2278,1
2279,9
2280,5
2281,9
2282,22
2283,9
2284,22
2285,13
2286,5
2287,1
2288,22
2289,14
2290,5
2291,8
2292,12
2293,16
2294,1
2295,11
2296,17
2297,16
2298,3
2299,6
2300,17
2301,14
2302,3
2303,5
2304,1
2305,33
2306,16
2307,1
2308,1
2309,1
2310,11
2311,8
2312,23
2313,7
2314,5
2315,5
2316,3
2317,8
2318,6
2319,5
2320,1
2321,14
2322,9
2323,5
2324,12
2325,3
2326,12
2327,3
2328,10
2329,5
2330,6
2331,3
2332,5
2333,3
2334,4
2335,22
2336,1
2337,4
2338,1
2339,17
2340,8
2341,11
2342,44
2343,5
2344,3
2345,3
2346,24
2347,6
2348,16
2349,17
2350,3
2351,8
2352,22
2353,13
2354,17
2355,1
2356,8
2357,3
2358,2
2359,18
2360,9
2361,54
2362,14
2363,1
2364,3
2365,5
2366,7
2367,6
2368,30
2369,15
2370,10
2371,50
2372,17
2373,5
2374,23
2375,26
2376,4
2377,15
2378,21
2379,7
2380,15
2381,4
2382,2
2383,3
2384,4
2385,9
2386,4
2387,3
2388,6
2389,15
2390,11
2391,11
2392,19
2393,1
2394,10
2395,14
2396,29
2397,6
2398,79
2399,15
2400,24
2401,3
2402,2
2403,7
2404,1
2405,1
2406,1
2407,11
2408,24
2409,4
2410,10
2411,9
2412,1
2413,15
2414,7
2415,45
2416,18
2417,10
2418,18
2419,1
2420,45
2421,3
2422,27
2423,6
2424,2
2425,7
2426,6
2427,20
2428,2
2429,26
2430,19
2431,3
2432,28
2433,8
2434,21
2435,2
2436,10
2437,29
2438,12
2439,11
2440,25
2441,3
2442,17
2443,3
2444,18
2445,2
2446,25
2447,11
2448,7
2449,8
2450,22
2451,8
2452,3
2453,46
2454,7
2455,11
2456,21
2457,14
2458,6
2459,4
2460,2
2461,9
2462,4
2463,1
2464,30
2465,16
2466,12
2467,12
2468,9
2469,17
2470,8
2471,3
2472,29
2473,3
2474,1
2475,2
2476,5
2477,11
2478,13
2479,10
2480,11
2481,27
2482,1
2483,2
2484,2
2485,2
2486,10
2487,32
2488,9
2489,5
2490,3
2491,19
2492,2
2493,16
2494,2
2495,32
2496,9
2497,15
2498,5
2499,2
2500,9
2501,1
2502,2
2503,9
2504,24
2505,18
2506,1
2507,2
2508,3
2509,1
2510,3
2511,29
2512,28
2513,10
2514,91
2515,2
2516,14
2517,1
2518,12
2519,25
2520,21
2521,7
2522,5
2523,8
2524,5
2525,32
2526,19
2527,7
2528,4
2529,1
2530,14
2531,77
2532,3
2533,15
2534,24
2535,17
2536,7
2537,20
2538,4
2539,5
2540,27
2541,12
2542,9
2543,27
2544,16
2545,11
2546,2
2547,1
2548,6
2549,33
2550,17
2551,9
2552,24
2553,15
2554,9
2555,5
2556,5
2557,6
2558,2
2559,29
2560,12
2561,24
2562,23
2563,30
2564,8
2565,15
2566,3
2567,8
2568,23
2569,26
2570,4
2571,49
2572,20
2573,32
2574,3
2575,10
2576,9
2577,29
2578,7
2579,3
2580,18
2581,3
2582,8
2583,28
2584,11
2585,4
2586,8
2587,9
2588,35
2589,3
2590,15
2591,2
2592,1
2593,19
2594,42
2595,20
2596,6
2597,19
2598,7
2599,1
2600,10
2601,1
2602,31
2603,11
2604,10
2605,34
2606,17
2607,2
2608,33
2609,1
2610,1
2611,8
2612,32
2613,5
2614,79
2615,33
2616,2
2617,14
2618,6
2619,25
2620,16
2621,7
2622,12
2623,22
2624,13
2625,6
2626,6
2627,6
2628,15
2629,86
2630,2
2631,10
2632,9
2633,27
2634,41
2635,21
2636,1
2637,12
2638,24
2639,8
2640,12
2641,2
2642,44
2643,20
2644,7
2645,2
2646,32
2647,10
2648,7
2649,14
2650,33
2651,9
2652,14
2653,4
2654,14
2655,9
2656,59
2657,6
2658,49
2659,19
2660,3
2661,16
2662,2
2663,9
2664,43
2665,23
2666,5
2667,1
2668,11
2669,11
2670,9
2671,25
2672,6
2673,3
2674,9
2675,13
2676,4
2677,18
2678,12
2679,2
2680,11
2681,11
2682,9
2683,1
2684,23
2685,5
2686,10
2687,7
2688,5
2689,2
2690,4
2691,12
2692,8
2693,8
2694,1
2695,10
2696,5
2697,1
2698,8
2699,9
2700,48
2701,5
2702,2
2703,2
2704,10
2705,11
2706,15
2707,14
2708,6
2709,1
2710,25
2711,36
2712,7
2713,1
2714,9
2715,4
2716,20
2717,18
2718,7
2719,6
2720,3
2721,10
2722,35
2723,4
2724,30
2725,7
2726,8
2727,18
2728,1
2729,1
2730,12
2731,8
2732,2
2733,12
2734,3
2735,24
2736,3
2737,3
2738,7
2739,7
2740,23
2741,15
2742,7
2743,7
2744,16
2745,1
2746,13
2747,2
2748,22
2749,10
2750,6
2751,2
2752,4
2753,1
2754,23
2755,47
2756,28
2757,4
2758,12
2759,7
2760,16
2761,26
2762,16
2763,3
2764,12
2765,6
2766,10
2767,2
2768,19
2769,7
2770,18
2771,30
2772,12
2773,2
2774,10
2775,7
2776,18
2777,10
2778,3
2779,12
2780,22
2781,9
2782,5
2783,31
2784,8
2785,15
2786,14
2787,3
2788,19
2789,19
2790,46
2791,5
2792,26
2793,1
2794,20
2795,5
2796,14
2797,3
2798,2
2799,4
2800,17
2801,9
2802,18
2803,23
2804,16
2805,28
2806,5
2807,4
2808,54
2809,13
2810,6
2811,18
2812,3
2813,3
2814,18
2815,2
2816,25
2817,4
2818,3
2819,58
2820,30
2821,1
2822,18
2823,1
2824,2
2825,6
2826,2
2827,6
2828,4
2829,35
2830,4
2831,5
2832,6
2833,17
2834,10
2835,2
2836,7
2837,7
2838,2
2839,7
2840,12
2841,4
2842,3
2843,5
2844,2
2845,13
2846,23
2847,4
2848,3
2849,2
2850,1
2851,7
2852,24
2853,9
2854,16
2855,25
2856,5
2857,1
2858,7
2859,13
2860,2
2861,3
2862,3
2863,11
2864,1
2865,5
2866,14
2867,13
2868,3
2869,18
2870,2
2871,6
2872,3
2873,3
2874,26
2875,13
2876,31
2877,15
2878,8
2879,13
2880,4
2881,11
2882,3
2883,6
2884,1
2885,14
2886,6
2887,2
2888,2
2889,11
2890,6
2891,16
2892,6
2893,7
2894,4
2895,1
2896,2
2897,10
2898,1
2899,4
2900,9
2901,6
2902,7
2903,1
2904,3
2905,5
2906,13
2907,1
2908,2
2909,3
2910,2
2911,5
2912,1
2913,4
2914,8
2915,3
2916,8
2917,2
2918,2
2919,2
2920,1
2921,5
2922,7
2923,9
2924,5
2925,4
2926,9
2927,3
2928,10
2929,11
2930,12
2931,2
2932,11
2933,2
2934,4
2935,4
2936,7
2937,7
2938,5
2939,2
2940,10
2941,1
2942,7
2943,13
2944,3
2945,7
2946,12
2947,8
2948,3
2949,3
2950,5
2951,1
2952,16
2953,5
2954,2
2955,8
2956,1
2957,18
2958,9
2959,19
2960,1
2961,16
2962,6
2963,7
2964,11
2965,2
2966,2
2967,9
2968,7
2969,8
2970,3
2971,1
2972,14
2973,2
2974,5
2975,1
2976,3
2977,3
2978,1
2979,7
2980,1
2981,5
2982,13
2983,9
2984,11
2985,1
2986,2
2987,1
2988,11
2989,2
2990,10
2991,13
2992,1
2993,3
2994,11
2995,1
2996,1
2997,9
2998,4
2999,1
3000,4
3001,5
3002,1
3003,4
3004,9
3005,5
3006,2
3007,1
3008,16
3009,8
3010,23
3011,3
3012,4
3013,6
3014,5
3015,20
3016,5
3017,12
3018,1
3019,1
3020,1
3021,3
3022,2
3023,1
3024,10
3025,2
3026,3
3027,3
3028,12
3029,1
3030,11
3031,3
3032,1
3033,1
3034,4
3035,5
3036,3
3037,1
3038,11
3039,1
3040,12
3041,1
3042,16
3043,3
3044,14
3045,16
3046,6
3047,4
3048,1
3049,10
3050,3
3051,9
3052,2
3053,1
3054,12
3055,3
3056,8
3057,12
3058,3
3059,2
3060,4
3061,11
3062,1
3063,4
3064,3
3065,4
3066,17
3067,4
3068,1
3069,1
3070,6
3071,5
3072,2
3073,5
3074,5
3075,4
3076,10
3077,12
3078,5
3079,8
3080,20
3081,6
3082,4
3083,5
3084,8
3085,7
3086,2
3087,11
3088,1
3089,9
3090,3
3091,2
3092,6
3093,22
3094,6
3095,3
3096,8
3097,1
3098,4
3099,30
3100,7
3101,10
3102,3
3103,1
3104,1
3105,23
3106,7
3107,14
3108,6
3109,17
3110,1
3111,8
3112,22
3113,12
3114,1
3115,14
3116,6
3117,3
3118,6
3119,1
3120,14
3121,8
3122,11
3123,30
3124,19
3125,17
3126,9
3127,25
3128,7
3129,12
3130,2
3131,12
3132,8
3133,1
3134,4
3135,8
3136,2
3137,2
3138,3
3139,6
3140,21
3141,38
3142,3
3143,8
3144,2
3145,3
3146,3
3147,11
3148,16
3149,1
3150,3
3151,2
3152,1
3153,22
3154,18
3155,15
3156,1
3157,9
3158,1
3159,4
3160,5
3161,6
3162,3
3163,12
3164,4
3165,5
3166,2
3167,2
3168,11
3169,1
3170,19
3171,13
3172,20
3173,13
3174,12
3175,13
3176,2
3177,3
3178,9
3179,9
3180,7
3181,5
3182,5
3183,7
3184,5
3185,2
3186,9
3187,5
3188,6
3189,16
3190,2
3191,2
3192,25
3193,3
3194,6
3195,8
3196,2
3197,2
3198,1
3199,5
3200,2
3201,3
3202,4
3203,3
3204,4
3205,11
3206,13
3207,1
3208,6
3209,8
3210,1
3211,1
3212,2
3213,9
3214,1
3215,4
3216,2
3217,2
3218,10
3219,8
3220,4
3221,2
3222,3
3223,9
3224,7
3225,7
3226,2
3227,2
3228,28
3229,10
3230,7
3231,18
3232,4
3233,37
3234,11
3235,6
3236,5
3237,17
3238,16
3239,8
3240,7
3241,4
3242,7
3243,1
3244,16
3245,13
3246,5
3247,4
3248,2
3249,8
3250,3
3251,2
3252,6
3253,4
3254,1
3255,2
3256,10
3257,1
3258,2
3259,5
3260,4
3261,27
3262,2
3263,8
3264,1
3265,7
3266,11
3267,4
3268,3
3269,2
3270,1
3271,3
3272,2
3273,5
3274,1
3275,2
3276,6
3277,4
3278,1
3279,6
3280,5
3281,10
3282,4
3283,4
3284,3
3285,6
3286,4
3287,2
3288,4
3289,4
3290,8
3291,1
3292,5
3293,3
3294,12
3295,7
3296,2
3297,7
3298,3
3299,4
3300,11
3301,15
3302,5
3303,2
3304,5
3305,3
3306,2
3307,6
3308,5
3309,2
3310,2
3311,4
3312,9
3313,1
3314,6
3315,2
3316,6
3317,3
3318,2
3319,1
3320,3
3321,5
3322,2
3323,2
3324,6
3325,3
3326,2
3327,2
3328,8
3329,3
3330,2
3331,7
3332,5
3333,5
3334,2
3335,1
3336,18
3337,4
3338,4
3339,5
3340,8
3341,6
3342,4
3343,3
3344,3
3345,15
3346,6
3347,9
3348,11
3349,5
3350,5
3351,7
3352,4
3353,1
3354,8
3355,3
3356,2
3357,1
3358,2
3359,2
3360,1
3361,2
3362,4
3363,1
3364,19
3365,2
3366,2
3367,11
3368,2
3369,4
3370,10
3371,4
3372,3
3373,3
3374,3
3375,4
3376,4
3377,2
3378,3
3379,7
3380,2
3381,5
3382,20
3383,6
3384,2
3385,6
3386,5
3387,3
3388,6
3389,2
3390,1
3391,3
3392,22
3393,1
3394,4
3395,9
3396,7
3397,3
3398,1
3399,2
3400,11
3401,13
3402,2
3403,2
3404,7
3405,6
3406,6
3407,8
3408,4
3409,4
3410,3
3411,5
3412,5
3413,7
3414,1
3415,3
3416,5
3417,6
3418,3
3419,4
3420,5
3421,1
3422,18
3423,13
3424,6
3425,2
3426,4
3427,4
3428,3
3429,10
3430,7
3431,8
3432,8
3433,4
3434,4
3435,1
3436,3
3437,2
3438,6
3439,1
3440,2
3441,2
3442,2
3443,1
3444,4
3445,6
3446,1
3447,3
3448,1
3449,4
3450,7
3451,8
3452,6
3453,1
3454,7
3455,1
3456,1
3457,2
3458,4
3459,1
3460,1
3461,1
3462,2
3463,3
3464,1
3465,7
3466,4
3467,2
3468,1
3469,4
3470,4
3471,4
3472,10
3473,8
3474,4
3475,1
3476,4
3477,2
3478,8
3479,4
3480,4
3481,6
3482,2
3483,2
3484,4
3485,2
3486,5
3487,2
3488,12
3489,2
3490,3
3491,4
3492,1
3493,1
3494,3
3495,7
3496,3
3497,1
3498,5
3499,1
3500,7
3501,4
3502,1
3503,1
3504,4
3505,3
3506,4
3507,2
3508,6
3509,9
3510,3
3511,1
3512,2
3513,5
3514,1
3515,1
3516,5
3517,1
3518,3
3519,3
3520,1
3521,3
3522,3
3523,3
3524,1
3525,2
3526,2
3527,9
3528,4
3529,5
3530,2
3531,2
3532,3
3533,3
3534,2
3535,4
3536,3
3537,3
3538,4
3539,2
3540,7
3541,3
3542,4
3543,1
3544,1
3545,1
3546,1
3547,7
3548,4
3549,2
3550,2
3551,5
3552,1
3553,1
3554,1
3555,1
3556,1
3557,3
3558,2
3559,4
3560,1
3561,3
3562,3
3563,4
3564,11
3565,2
3566,3
3567,5
3568,3
3569,1
3570,5
3571,2
3572,2
3573,4
3574,1
3575,1
3576,5
3577,3
3578,3
3579,2
3580,5
3581,2
3582,6
3583,1
3584,3
3585,1
3586,1
3587,3
3588,1
3589,1
3590,6
3591,3
3592,7
3593,5
3594,10
3595,1
3596,1
3597,1
3598,2
3599,2
3600,3
3601,3
3602,6
3603,1
3604,1
3605,1
3606,7
3607,1
3608,2
3609,4
3610,1
3611,4
3612,2
3613,8
3614,4
3615,3
3616,1
3617,1
3618,5
3619,3
3620,7
3621,1
3622,6
3623,1
3624,6
3625,2
3626,3
3627,2
3628,1
3629,2
3630,1
3631,5
3632,1
3633,1
3634,7
3635,1
3636,6
3637,4
3638,2
3639,2
3640,1
3641,2
3642,7
3643,1
3644,3
3645,1
3646,1
3647,1
3648,3
3649,4
3650,3
3651,1
3652,1
3653,4
3654,9
3655,1
3656,1
3657,1
3658,2
3659,1
3660,1
3661,2
3662,5
3663,2
3664,2
3665,4
3666,4
3667,3
3668,1
3669,4
3670,2
3671,4
3672,1
3673,3
3674,7
3675,2
3676,1
3677,4
3678,2
3679,1
3680,2
3681,2
3682,1
3683,4
3684,1
3685,2
3686,1
3687,1
3688,4
3689,3
3690,1
3691,2
3692,5
3693,4
3694,2
3695,2
3696,2
3697,1
3698,1
3699,1
3700,1
3701,3
3702,3
3703,2
3704,6
3705,2
3706,1
3707,2
3708,4
3709,2
3710,1
3711,3
3712,3
3713,2
3714,2
3715,2
3716,1
3717,1
3718,3
3719,1
3720,2
3721,2
3722,2
3723,5
3724,7
3725,1
3726,2
3727,2
3728,3
3729,2
3730,3
3731,3
3732,8
3733,1
3734,1
3735,1
3736,2
3737,1
3738,6
3739,2
3740,3
3741,1
3742,1
3743,2
3744,6
3745,1
3746,6
3747,11
3748,2
3749,3
3750,4
3751,1
3752,5
3753,6
3754,2
3755,6
3756,1
3757,3
3758,2
3759,7
3760,1
3761,4
3762,2
3763,6
3764,10
3765,2
3766,5
3767,2
3768,6
3769,4
3770,1
3771,3
3772,2
3773,1
3774,1
3775,1
3776,6
3777,3
3778,13
3779,1
3780,4
3781,1
3782,2
3783,3
3784,5
3785,2
3786,2
3787,1
3788,1
3789,7
3790,5
3791,3
3792,2
3793,1
3794,1
3795,6
3796,2
3797,3
3798,1
3799,4
3800,7
3801,1
3802,3
3803,7
3804,2
3805,3
3806,1
3807,7
3808,1
3809,1
3810,2
3811,1
3812,3
3813,1
3814,1
3815,1
3816,4
3817,2
3818,2
3819,5
3820,1
3821,1
3822,6
3823,1
3824,1
3825,5
3826,2
3827,1
3828,1
3829,3
3830,6
3831,4
3832,3
3833,2
3834,3
3835,1
3836,1
3837,8
3838,5
3839,6
3840,3
3841,5
3842,1
3843,2
3844,1
3845,6
3846,2
3847,1
3848,2
3849,1
3850,8
3851,2
3852,3
3853,1
3854,1
3855,8
3856,4
3857,7
3858,1
3859,1
3860,1
3861,1
3862,2
3863,4
3864,2
3865,1
3866,1
3867,2
3868,3
3869,1
3870,2
3871,1
3872,8
3873,1
3874,1
3875,1
3876,3
3877,5
3878,3
3879,4
3880,5
3881,1
3882,2
3883,5
3884,3
3885,3
3886,7
3887,8
3888,1
3889,6
3890,5
3891,3
3892,4
3893,5
3894,1
3895,2
3896,1
3897,5
3898,11
3899,5
3900,3
3901,5
3902,14
3903,12
3904,10
3905,4
3906,1
3907,7
3908,4
3909,6
3910,4
3911,1
3912,2
3913,12
3914,5
3915,1
3916,14
3917,12
3918,11
3919,10
3920,1
3921,21
3922,2
3923,4
3924,4
3925,4
3926,10
3927,1
3928,1
3929,4
3930,2
3931,1
3932,16
3933,2
3934,1
3935,1
3936,11
3937,1
3938,4
3939,7
3940,1
3941,6
3942,20
3943,2
3944,2
3945,13
3946,5
3947,5
3948,10
3949,14
3950,3
3951,26
3952,8
3953,1
3954,7
3955,13
3956,11
3957,5
3958,2
3959,5
3960,9
3961,5
3962,10
3963,2
3964,9
3965,8
3966,2
3967,2
3968,11
3969,2
3970,2
3971,3
3972,5
3973,1
3974,2
3975,15
3976,5
3977,4
3978,4
3979,3
3980,1
3981,6
3982,11
3983,6
3984,9
3985,3
3986,2
3987,1
3988,3
3989,1
3990,3
3991,4
3992,3
3993,1
3994,5
3995,1
3996,3
3997,3
3998,3
3999,1
4000,5
4001,4
4002,1
4003,2
4004,10
4005,3
4006,10
4007,3
4008,4
4009,4
4010,6
4011,1
4012,20
4013,2
4014,1
4015,1
4016,3
4017,4
4018,6
4019,8
4020,7
4021,5
4022,5
4023,15
4024,4
4025,1
4026,6
4027,3
4028,20
4029,4
4030,9
4031,4
4032,2
4033,2
4034,4
4035,5
4036,1
4037,16
4038,1
4039,1
4040,9
4041,1
4042,1
4043,4
4044,7
4045,1
4046,8
4047,3
4048,3
4049,1
4050,1
4051,6
4052,4
4053,4
4054,1
4055,1
4056,3
4057,1
4058,5
4059,1
4060,12
4061,1
4062,12
4063,3
4064,7
4065,5
4066,14
4067,14
4068,1
4069,9
4070,4
4071,6
4072,12
4073,1
4074,1
4075,6
4076,4
4077,5
4078,3
4079,3
4080,2
4081,3
4082,4
4083,3
4084,4
4085,7
4086,1
4087,6
4088,6
4089,9
4090,12
4091,1
4092,1
4093,20
4094,4
4095,2
4096,8
4097,2
4098,7
4099,3
4100,4
4101,5
4102,5
4103,7
4104,7
4105,7
4106,4
4107,13
4108,2
4109,3
4110,5
4111,4
4112,1
4113,3
4114,2
4115,8
4116,5
4117,16
4118,2
4119,1
4120,10
4121,7
4122,1
4123,2
4124,3
4125,5
4126,1
4127,13
4128,9
4129,1
4130,14
4131,11
4132,2
4133,1
4134,3
4135,5
4136,1
4137,1
4138,1
4139,2
4140,1
4141,12
4142,3
4143,10
4144,15
4145,2
4146,4
4147,6
4148,8
4149,5
4150,2
4151,4
4152,10
4153,4
4154,10
4155,4
4156,2
4157,7
4158,1
4159,4
4160,5
4161,7
4162,3
4163,19
4164,7
4165,2
4166,4
4167,4
4168,10
4169,2
4170,3
4171,3
4172,14
4173,17
4174,2
4175,7
4176,10
4177,2
4178,1
4179,10
4180,1
4181,5
4182,2
4183,1
4184,4
4185,10
4186,4
4187,2
4188,3
4189,1
4190,15
4191,2
4192,9
4193,1
4194,2
4195,1
4196,4
4197,1
4198,1
4199,5
4200,10
4201,12
4202,3
4203,11
4204,1
4205,26
4206,5
4207,7
4208,7
4209,4
4210,1
4211,1
4212,5
4213,2
4214,2
4215,2
4216,8
4217,6
4218,9
4219,2
4220,4
4221,11
4222,5
4223,20
4224,9
4225,2
4226,3
4227,1
4228,8
4229,1
4230,1
4231,2
4232,2
4233,5
4234,12
4235,1
4236,2
4237,1
4238,9
4239,14
4240,4
4241,4
4242,3
4243,2
4244,4
4245,2
4246,2
4247,7
4248,13
4249,3
4250,5
4251,2
4252,3
4253,7
4254,2
4255,2
4256,5
4257,5
4258,10
4259,7
4260,3
4261,6
4262,1
4263,3
4264,3
4265,4
4266,1
4267,4
4268,16
4269,8
4270,5
4271,1
4272,3
4273,3
4274,8
4275,11
4276,2
4277,6
4278,1
4279,8
4280,3
4281,4
4282,3
4283,1
4284,2
4285,9
4286,3
4287,4
4288,3
4289,2
4290,5
4291,1
4292,1
4293,8
4294,1
4295,1
4296,4
4297,1
4298,2
4299,3
4300,1
4301,2
4302,2
4303,1
4304,6
4305,6
4306,5
4307,2
4308,2
4309,2
4310,2
4311,3
4312,1
4313,1
4314,15
4315,2
4316,1
4317,6
4318,1
4319,4
4320,2
4321,1
4322,1
4323,2
4324,1
4325,2
4326,1
4327,7
4328,5
4329,3
4330,1
4331,2
4332,4
4333,4
4334,2
4335,2
4336,5
4337,1
4338,5
4339,2
4340,4
4341,2
4342,11
4343,6
4344,1
4345,2
4346,2
4347,3
4348,7
4349,1
4350,3
4351,1
4352,3
4353,3
4354,4
4355,1
4356,1
4357,4
4358,2
4359,3
4360,1
4361,5
4362,4
4363,2
4364,4
4365,4
4366,7
4367,1
4368,5
4369,1
4370,1
4371,4
4372,3
4373,4
4374,1
4375,4
4376,3
4377,4
4378,5
4379,1
4380,10
4381,3
4382,3
4383,3
4384,1
4385,2
4386,2
4387,6
4388,5
4389,6
4390,3
4391,19
4392,3
4393,9
4394,6
4395,5
4396,4
4397,1
4398,3
4399,6
4400,2
4401,3
4402,11
4403,2
4404,2
4405,2
4406,2
4407,5
4408,11
4409,1
4410,1
4411,1
4412,1
4413,3
4414,1
4415,8
4416,2
4417,4
4418,4
4419,1
4420,2
4421,2
4422,4
4423,1
4424,2
4425,5
4426,2
4427,2
4428,1
4429,6
4430,1
4431,1
4432,1
4433,8
4434,3
4435,2
4436,2
4437,2
4438,2
4439,3
4440,1
4441,4
4442,9
4443,3
4444,10
4445,1
4446,8
4447,2
4448,7
4449,6
4450,2
4451,3
4452,9
4453,4
4454,3
4455,3
4456,5
4457,11
4458,4
4459,3
4460,9
4461,4
4462,4
4463,3
4464,1
4465,1
4466,1
4467,1
4468,4
4469,2
4470,4
4471,3
4472,1
4473,1
4474,3
4475,8
4476,3
4477,1
4478,1
4479,2
4480,9
4481,4
4482,4
4483,3
4484,4
4485,5
4486,3
4487,1
4488,7
4489,7
4490,1
4491,7
4492,3
4493,2
4494,2
4495,3
4496,4
4497,11
4498,1
4499,1
4500,4
4501,4
4502,7
4503,1
4504,6
4505,1
4506,3
4507,11
4508,11
4509,10
4510,5
4511,1
4512,4
4513,1
4514,6
4515,8
4516,1
4517,1
4518,7
4519,4
4520,1
4521,3
4522,3
4523,2
4524,7
4525,3
4526,4
4527,3
4528,13
4529,8
4530,3
4531,5
4532,2
4533,1
4534,7
4535,5
4536,4
4537,1
4538,6
4539,1
4540,6
4541,5
4542,1
4543,1
4544,3
4545,2
4546,11
4547,1
4548,9
4549,1
4550,2
4551,2
4552,1
4553,4
4554,1
4555,1
4556,1
4557,5
4558,3
4559,1
4560,5
4561,5
4562,1
4563,5
4564,1
4565,4
4566,5
4567,1
4568,7
4569,7
4570,2
4571,1
4572,4
4573,8
4574,2
4575,2
4576,1
4577,1
4578,3
4579,5
4580,6
4581,3
4582,1
4583,3
4584,2
4585,3
4586,1
4587,9
4588,1
4589,3
4590,4
4591,4
4592,9
4593,5
4594,4
4595,1
4596,5
4597,7
4598,13
4599,3
4600,1
4601,3
4602,6
4603,3
4604,2
4605,10
4606,1
4607,5
4608,5
4609,4
4610,2
4611,2
4612,4
4613,1
4614,3
4615,6
4616,2
4617,10
4618,2
4619,4
4620,3
4621,4
4622,3
4623,3
4624,14
4625,12
4626,18
4627,5
4628,19
4629,3
4630,6
4631,17
4632,8
4633,10
4634,2
4635,7
4636,5
4637,15
4638,26
4639,7
4640,1
4641,4
4642,4
4643,6
4644,4
4645,7
4646,1
4647,1
4648,3
4649,22
4650,7
4651,7
4652,3
4653,1
4654,2
4655,23
4656,4
4657,7
4658,11
4659,8
4660,2
4661,11
4662,2
4663,1
4664,8
4665,8
4666,4
4667,2
4668,1
4669,3
4670,16
4671,1
4672,7
4673,2
4674,8
4675,7
4676,3
4677,12
4678,23
4679,4
4680,2
4681,6
4682,1
4683,26
4684,3
4685,4
4686,16
4687,5
4688,1
4689,9
4690,1
4691,5
4692,6
4693,4
4694,2
4695,6
4696,1
4697,4
4698,18
4699,16
4700,11
4701,6
4702,16
4703,4
4704,9
4705,7
4706,12
4707,21
4708,5
4709,15
4710,4
4711,3
4712,1
4713,19
4714,6
4715,5
4716,2
4717,5
4718,5
4719,3
4720,1
4721,8
4722,1
4723,4
4724,1
4725,4
4726,3
4727,7
4728,2
4729,6
4730,7
4731,3
4732,3
4733,7
4734,2
4735,3
4736,5
4737,1
4738,12
4739,4
4740,2
4741,7
4742,3
4743,5
4744,8
4745,3
4746,12
4747,2
4748,4
4749,11
4750,3
4751,3
4752,6
4753,3
4754,10
4755,1
4756,3
4757,2
4758,3
4759,5
4760,5
4761,7
4762,3
4763,1
4764,1
4765,5
4766,15
4767,8
4768,1
4769,15
4770,6
4771,9
4772,7
4773,3
4774,5
4775,9
4776,2
4777,13
4778,14
4779,8
4780,13
4781,3
4782,9
4783,2
4784,1
4785,1
4786,13
4787,15
4788,15
4789,9
4790,1
4791,18
4792,23
4793,9
4794,1
4795,3
4796,6
4797,4
4798,16
4799,1
4800,32
4801,5
4802,15
4803,13
4804,1
4805,1
4806,2
4807,14
4808,5
4809,4
4810,17
4811,11
4812,1
4813,5
4814,6
4815,3
4816,2
4817,8
4818,4
4819,4
4820,19
4821,5
4822,5
4823,8
4824,1
4825,33
4826,7
4827,5
4828,3
4829,46
4830,2
4831,11
4832,2
4833,4
4834,13
4835,7
4836,8
4837,2
4838,11
4839,14
4840,47
4841,26
4842,3
4843,7
4844,14
4845,2
4846,7
4847,26
4848,29
4849,2
4850,15
4851,6
4852,6
4853,4
4854,8
4855,5
4856,6
4857,51
4858,13
4859,8
4860,11
4861,8
4862,7
4863,22
4864,7
4865,4
4866,16
4867,1
4868,1
4869,5
4870,3
4871,3
4872,9
4873,8
4874,1
4875,3
4876,1
4877,2
4878,6
4879,2
4880,2
4881,2
4882,7
4883,10
4884,16
4885,23
4886,9
4887,2
4888,3
4889,3
4890,1
4891,3
4892,2
4893,4
4894,3
4895,4
4896,1
4897,6
4898,5
4899,1
4900,1
4901,11
4902,1
4903,2
4904,2
4905,4
4906,2
4907,1
4908,3
4909,4
4910,6
4911,1
4912,2
4913,3
4914,5
4915,2
4916,3
4917,5
4918,3
4919,4
4920,1
4921,2
4922,7
4923,3
4924,5
4925,3
4926,1
4927,1
4928,1
4929,1
4930,1
4931,1
4932,1
4933,1
4934,3
4935,1
4936,2
4937,1
4938,2
4939,2
4940,1
4941,2
4942,1
4943,4
4944,3
4945,1
4946,2
4947,1
4948,3
4949,3
4950,2
4951,2
4952,3
4953,1
4954,3
4955,3
4956,1
4957,1
4958,8
4959,1
4960,8
4961,1
4962,5
4963,3
4964,4
4965,4
4966,4
4967,5
4968,2
4969,1
4970,1
4971,6
4972,1
4973,1
4974,3
4975,4
4976,5
4977,1
4978,4
4979,1
4980,3
4981,2
4982,1
4983,7
4984,7
4985,2
4986,2
4987,4
4988,1
4989,1
4990,3
4991,4
4992,8
4993,8
4994,4
4995,1
4996,18
4997,1
4998,13
4999,7
5000,1
5001,8
5002,4
5003,2
5004,3
5005,1
5006,2
5007,5
5008,1
5009,5
5010,4
5011,3
5012,3
5013,2
5014,1
5015,1
5016,1
5017,1
5018,3
5019,5
5020,1
5021,1
5022,2
5023,2
5024,1
5025,1
5026,4
5027,2
5028,4
5029,1
5030,1
5031,2
5032,6
5033,1
5034,4
5035,2
5036,2
5037,1
5038,1
5039,2
5040,2
5041,1
5042,2
5043,6
5044,2
5045,1
5046,10
5047,1
5048,1
5049,8
5050,1
5051,1
5052,1
5053,2
5054,1
5055,1
5056,3
5057,1
5058,3
5059,1
5060,3
5061,2
5062,7
5063,2
5064,2
5065,1
5066,7
5067,1
5068,3
5069,3
5070,1
5071,2
5072,1
5073,3
5074,1
5075,3
5076,4
5077,4
5078,3
5079,8
5080,1
5081,2
5082,7
5083,5
5084,4
5085,6
5086,1
5087,3
5088,2
5089,1
5090,1
5091,6
5092,4
5093,1
5094,2
5095,1
5096,2
5097,5
5098,9
5099,8
5100,2
5101,1
5102,2
5103,1
5104,2
5105,1
5106,1
5107,1
5108,2
5109,3
5110,1
5111,2
5112,2
5113,2
5114,1
5115,3
5116,2
5117,1
5118,1
5119,1
5120,3
5121,2
5122,3
5123,1
5124,2
5125,4
5126,2
5127,3
5128,2
5129,4
5130,3
5131,9
5132,7
5133,2
5134,3
5135,3
5136,3
5137,2
5138,2
5139,2
5140,2
5141,3
5142,4
5143,8
5144,4
5145,3
5146,4
5147,1
5148,7
5149,1
5150,2
5151,3
5152,8
5153,3
5154,3
5155,7
5156,4
5157,2
5158,1
5159,5
5160,1
5161,1
5162,1
5163,4
5164,3
5165,3
5166,6
5167,3
5168,3
5169,2
5170,1
5171,2
5172,2
5173,3
5174,2
5175,1
5176,7
5177,2
5178,4
5179,7
5180,7
5181,1
5182,2
5183,3
5184,9
5185,1
5186,2
5187,2
5188,2
5189,8
5190,5
5191,2
5192,1
5193,4
5194,1
5195,3
5196,4
5197,3
5198,1
5199,2
5200,1
5201,1
5202,2
5203,3
5204,2
5205,2
5206,1
5207,1
5208,2
5209,1
5210,2
5211,4
5212,1
5213,3
5214,1
5215,2
5216,1
5217,2
5218,4
5219,1
5220,6
5221,2
5222,1
5223,3
5224,1
5225,6
5226,3
5227,3
5228,2
5229,3
5230,6
5231,4
5232,1
5233,4
5234,4
5235,2
5236,1
5237,1
5238,5
5239,3
5240,3
5241,3
5242,6
5243,6
5244,1
5245,2
5246,1
5247,3
5248,2
5249,4
5250,5
5251,9
5252,1
5253,3
5254,1
5255,4
5256,6
5257,11
5258,3
5259,2
5260,2
5261,5
5262,9
5263,6
5264,1
5265,2
5266,2
5267,6
5268,2
5269,2
5270,5
5271,1
5272,1
5273,1
5274,3
5275,8
5276,1
5277,3
5278,12
5279,2
5280,8
5281,2
5282,1
5283,1
5284,1
5285,2
5286,2
5287,3
5288,1
5289,2
5290,7
5291,5
5292,1
5293,4
5294,3
5295,2
5296,5
5297,4
5298,6
5299,5
5300,2
5301,1
5302,4
5303,4
5304,3
5305,1
5306,2
5307,8
5308,4
5309,4
5310,4
5311,2
5312,2
5313,4
5314,3
5315,1
5316,2
5317,5
5318,2
5319,11
5320,10
5321,1
5322,1
5323,5
5324,1
5325,1
5326,3
5327,4
5328,3
5329,2
5330,8
5331,3
5332,2
5333,7
5334,1
5335,3
5336,11
5337,4
5338,1
5339,4
5340,4
5341,7
5342,3
5343,2
5344,6
5345,11
5346,1
5347,2
5348,4
5349,2
5350,2
5351,6
5352,9
5353,6
5354,2
5355,11
5356,6
5357,1
5358,6
5359,3
5360,3
5361,3
5362,2
5363,2
5364,6
5365,1
5366,2
5367,1
5368,4
5369,1
5370,2
5371,1
5372,1
5373,1
5374,1
5375,1
5376,3
5377,5
5378,1
5379,1
5380,1
5381,3
5382,1
5383,1
5384,5
5385,1
5386,1
5387,1
5388,3
5389,1
5390,3
5391,1
5392,4
5393,3
5394,3
5395,5
5396,3
5397,8
5398,8
5399,3
5400,1
5401,3
5402,4
5403,3
5404,3
5405,4
5406,3
5407,2
5408,1
5409,1
5410,1
5411,4
5412,7
5413,4
5414,5
5415,1
5416,3
5417,7
5418,3
5419,2
5420,1
5421,2
5422,6
5423,2
5424,1
5425,1
5426,7
5427,2
5428,3
5429,3
5430,2
5431,2
5432,3
5433,2
5434,1
5435,5
5436,2
5437,3
5438,4
5439,3
5440,6
5441,3
5442,3
5443,1
5444,6
5445,1
5446,7
5447,13
5448,3
5449,1
5450,2
5451,2
5452,2
5453,5
5454,5
5455,1
5456,1
5457,2
5458,1
5459,1
5460,5
5461,2
5462,1
5463,3
5464,2
5465,11
5466,1
5467,4
5468,5
5469,1
5470,2
5471,7
5472,8
5473,1
5474,6
5475,1
5476,11
5477,1
5478,2
5479,2
5480,2
5481,9
5482,1
5483,7
5484,5
5485,9
5486,7
5487,1
5488,9
5489,1
5490,9
5491,2
5492,5
5493,5
5494,1
5495,2
5496,5
5497,3
5498,8
5499,2
5500,3
5501,1
5502,11
5503,10
5504,4
5505,1
5506,1
5507,3
5508,6
5509,2
5510,5
5511,1
5512,3
5513,6
5514,2
5515,3
5516,1
5517,2
5518,2
5519,1
5520,3
5521,4
5522,5
5523,3
5524,3
5525,2
5526,3
5527,1
5528,2
5529,1
5530,4
5531,1
5532,1
5533,2
5534,2
5535,4
5536,13
5537,2
5538,3
5539,1
5540,2
5541,4
5542,1
5543,2
5544,1
5545,14
5546,1
5547,2
5548,1
5549,2
5550,4
5551,1
5552,4
5553,2
5554,1
5555,1
5556,2
5557,5
5558,1
5559,6
5560,1
5561,2
5562,3
5563,1
5564,9
5565,1
5566,3
5567,11
5568,4
5569,2
5570,3
5571,1
5572,2
5573,1
5574,4
5575,4
5576,5
5577,2
5578,1
5579,1
5580,1
5581,4
5582,2
5583,5
5584,2
5585,1
5586,1
5587,3
5588,2
5589,2
5590,2
5591,3
5592,6
5593,1
5594,2
5595,3
5596,2
5597,4
5598,1
5599,2
5600,1
5601,1
5602,1
5603,2
5604,1
5605,10
5606,1
5607,1
5608,4
5609,7
5610,1
5611,10
5612,2
5613,1
5614,3
5615,3
5616,16
5617,5
5618,6
5619,8
5620,5
5621,5
5622,7
5623,25
5624,8
5625,1
5626,27
5627,5
5628,1
5629,2
5630,1
5631,9
5632,10
5633,8
5634,3
5635,3
5636,5
5637,9
5638,25
5639,6
5640,6
5641,4
5642,20
5643,3
5644,4
5645,9
5646,2
5647,5
5648,6
5649,4
5650,28
5651,1
5652,1
5653,5
5654,15
5655,2
5656,4
5657,3
5658,4
5659,4
5660,8
5661,6
5662,6
5663,2
5664,2
5665,1
5666,5
5667,4
5668,5
5669,8
5670,1
5671,9
5672,4
5673,1
5674,2
5675,3
5676,2
5677,7
5678,1
5679,16
5680,5
5681,8
5682,14
5683,10
5684,4
5685,3
5686,4
5687,15
5688,7
5689,9
5690,1
5691,16
5692,7
5693,25
5694,1
5695,3
5696,2
5697,2
5698,6
5699,12
5700,2
5701,9
5702,24
5703,7
5704,3
5705,15
5706,5
5707,4
5708,13
5709,3
5710,19
5711,26
5712,6
5713,4
5714,5
5715,16
5716,3
5717,12
5718,6
5719,1
5720,15
5721,7
5722,15
5723,2
5724,3
5725,4
5726,5
5727,6
5728,28
5729,19
5730,16
5731,10
5732,18
5733,23
5734,35
5735,10
5736,11
5737,14
5738,5
5739,4
5740,4
5741,3
5742,12
5743,6
5744,2
5745,27
5746,8
5747,15
5748,22
5749,17
5750,5
5751,4
5752,7
5753,30
5754,4
5755,7
5756,1
5757,10
5758,12
5759,8
5760,1
5761,1
5762,5
5763,21
5764,2
5765,4
5766,6
5767,3
5768,22
5769,9
5770,27
5771,10
5772,10
5773,26
5774,8
5775,8
5776,22
5777,20
5778,22
5779,3
5780,5
5781,6
5782,5
5783,3
5784,10
5785,5
5786,26
5787,10
5788,24
5789,22
5790,18
5791,6
5792,1
5793,9
5794,3
5795,1
5796,7
5797,1
5798,9
5799,1
5800,2
5801,1
5802,6
5803,5
5804,3
5805,8
5806,5
5807,5
5808,2
5809,3
5810,4
5811,1
5812,3
5813,1
5814,1
5815,1
5816,1
5817,4
5818,6
5819,3
5820,7
5821,1
5822,1
5823,2
5824,1
5825,2
5826,4
5827,4
5828,5
5829,7
5830,3
5831,3
5832,3
5833,2
5834,3
5835,6
5836,2
5837,1
5838,2
5839,6
5840,2
5841,5
5842,2
5843,4
5844,8
5845,3
5846,3
5847,1
5848,1
5849,5
5850,3
5851,1
5852,3
5853,2
5854,10
5855,9
5856,1
5857,1
5858,1
5859,4
5860,1
5861,6
5862,4
5863,5
5864,6
5865,1
5866,2
5867,1
5868,5
5869,1
5870,4
5871,1
5872,4
5873,1
5874,5
5875,1
5876,2
5877,1
5878,2
5879,5
5880,5
5881,2
5882,2
5883,1
5884,1
5885,4
5886,4
5887,9
5888,2
5889,6
5890,4
5891,1
5892,2
5893,1
5894,7
5895,2
5896,1
5897,4
5898,2
5899,1
5900,1
5901,8
5902,1
5903,2
5904,2
5905,7
5906,4
5907,1
5908,1
5909,1
5910,2
5911,1
5912,2
5913,1
5914,2
5915,2
5916,2
5917,1
5918,4
5919,7
5920,2
5921,8
5922,2
5923,1
5924,1
5925,2
5926,5
5927,1
5928,6
5929,4
5930,3
5931,5
5932,4
5933,1
5934,2
5935,2
5936,1
5937,1
5938,2
5939,4
5940,3
5941,3
5942,3
5943,1
5944,2
5945,6
5946,2
5947,3
5948,1
5949,4
5950,2
5951,1
5952,1
5953,3
5954,4
5955,2
5956,1
5957,1
5958,1
5959,3
5960,1
5961,1
5962,2
5963,2
5964,4
5965,2
5966,3
5967,1
5968,4
5969,5
5970,1
5971,1
5972,4
5973,8
5974,5
5975,1
5976,2
5977,1
5978,5
5979,1
5980,1
5981,1
5982,1
5983,10
5984,5
5985,3
5986,1
5987,1
5988,4
5989,2
5990,2
5991,2
5992,2
5993,7
5994,2
5995,2
5996,2
5997,2
5998,4
5999,1
6000,2
6001,2
6002,2
6003,2
6004,3
6005,11
6006,1
6007,4
6008,1
6009,3
6010,3
6011,5
6012,1
6013,1
6014,4
6015,1
6016,3
6017,13
6018,3
6019,6
6020,3
6021,1
6022,2
6023,5
6024,2
6025,5
6026,1
6027,2
6028,2
6029,3
6030,1
6031,1
6032,2
6033,8
6034,2
6035,3
6036,2
6037,2
6038,1
6039,1
6040,3
6041,5
6042,10
6043,4
6044,1
6045,2
6046,4
6047,2
6048,6
6049,3
6050,1
6051,1
6052,1
6053,2
6054,1
6055,2
6056,1
6057,1
6058,2
6059,4
6060,1
6061,1
6062,3
6063,4
6064,6
6065,15
6066,2
6067,1
6068,2
6069,4
6070,5
6071,2
6072,3
6073,2
6074,2
6075,1
6076,2
6077,9
6078,3
6079,3
6080,2
6081,1
6082,3
6083,6
6084,8
6085,4
6086,4
6087,3
6088,10
6089,4
6090,3
6091,5
6092,7
6093,1
6094,2
6095,3
6096,2
6097,2
6098,6
6099,3
6100,7
6101,8
6102,7
6103,1
6104,2
6105,2
6106,2
6107,2
6108,1
6109,2
6110,2
6111,11
6112,3
6113,2
6114,5
6115,7
6116,5
6117,6
6118,1
6119,4
6120,11
6121,13
6122,1
6123,3
6124,1
6125,1
6126,1
6127,8
6128,13
6129,1
6130,15
6131,3
6132,1
6133,5
6134,5
6135,9
6136,9
6137,2
6138,2
6139,3
6140,3
6141,5
6142,3
6143,3
6144,1
6145,5
6146,11
6147,1
6148,1
6149,5
6150,7
6151,4
6152,1
6153,4
6154,1
6155,1
6156,2
6157,1
6158,4
6159,5
6160,3
6161,3
6162,3
6163,2
6164,1
6165,1
6166,1
6167,4
6168,2
6169,1
6170,1
6171,3
6172,1
6173,7
6174,3
6175,1
6176,3
6177,1
6178,1
6179,7
6180,1
6181,1
6182,6
6183,1
6184,2
6185,1
6186,2
6187,1
6188,1
6189,1
6190,3
6191,1
6192,3
6193,1
6194,2
6195,3
6196,1
6197,2
6198,1
6199,1
6200,1
6201,1
6202,4
6203,2
6204,2
6205,2
6206,3
6207,2
6208,1
6209,1
6210,1
6211,6
6212,3
6213,1
6214,1
6215,2
6216,3
6217,3
6218,2
6219,3
6220,4
6221,1
6222,1
6223,2
6224,5
6225,4
6226,3
6227,1
6228,2
6229,2
6230,4
6231,1
6232,1
6233,4
6234,1
6235,2
6236,1
6237,2
6238,2
6239,3
6240,1
6241,1
6242,1
6243,4
6244,2
6245,5
6246,1
6247,1
6248,1
6249,1
6250,3
6251,5
6252,2
6253,1
6254,1
6255,1
6256,3
6257,3
6258,3
6259,3
6260,2
6261,2
6262,1
6263,2
6264,4
6265,5
6266,3
6267,5
6268,10
6269,1
6270,5
6271,1
6272,2
6273,1
6274,2
6275,1
6276,2
6277,1
6278,3
6279,1
6280,1
6281,1
6282,1
6283,2
6284,1
6285,6
6286,2
6287,1
6288,2
6289,1
6290,3
6291,1
6292,2
6293,5
6294,1
6295,2
6296,2
6297,1
6298,1
6299,1
6300,2
6301,2
6302,1
6303,1
6304,4
6305,1
6306,3
6307,5
6308,3
6309,5
6310,5
6311,1
6312,2
6313,1
6314,1
6315,4
6316,2
6317,3
6318,4
6319,2
6320,1
6321,1
6322,1
6323,1
6324,6
6325,2
6326,1
6327,9
6328,4
6329,1
6330,2
6331,2
6332,5
6333,3
6334,2
6335,6
6336,4
6337,1
6338,4
6339,3
6340,1
6341,2
6342,3
6343,3
6344,3
6345,3
6346,1
6347,7
6348,5
6349,3
6350,1
6351,1
6352,1
6353,1
6354,2
6355,2
6356,3
6357,5
6358,1
6359,2
6360,2
6361,1
6362,6
6363,2
6364,3
6365,1
6366,2
6367,5
6368,8
6369,2
6370,4
6371,3
6372,5
6373,2
6374,2
6375,6
6376,1
6377,1
6378,5
6379,7
6380,6
6381,1
6382,1
6383,6
6384,2
6385,3
6386,3
6387,16
6388,1
6389,3
6390,1
6391,5
6392,9
6393,1
6394,10
6395,1
6396,1
6397,1
6398,4
6399,1
6400,2
6401,3
6402,6
6403,1
6404,4
6405,7
6406,3
6407,1
6408,3
6409,1
6410,2
6411,1
6412,1
6413,2
6414,2
6415,1
6416,1
6417,8
6418,1
6419,4
6420,1
6421,2
6422,1
6423,3
6424,2
6425,3
6426,3
6427,1
6428,4
6429,2
6430,3
6431,6
6432,1
6433,1
6434,4
6435,3
6436,2
6437,3
6438,1
6439,1
6440,1
6441,7
6442,2
6443,6
6444,1
6445,2
6446,2
6447,1
6448,1
6449,3
6450,3
6451,1
6452,3
6453,1
6454,4
6455,5
6456,1
6457,4
6458,3
6459,5
6460,2
6461,1
6462,6
6463,1
6464,2
6465,2
6466,1
6467,1
6468,3
6469,9
6470,5
6471,2
6472,1
6473,2
6474,1
6475,5
6476,1
6477,2
6478,10
6479,1
6480,2
6481,3
6482,2
6483,5
6484,4
6485,1
6486,1
6487,6
6488,3
6489,6
6490,3
6491,1
6492,5
6493,2
6494,1
6495,1
6496,1
6497,2
6498,1
6499,3
6500,2
6501,1
6502,1
6503,3
6504,3
6505,1
6506,2
6507,2
6508,4
6509,3
6510,6
6511,2
6512,1
6513,1
6514,2
6515,2
6516,1
6517,1
6518,1
6519,4
6520,1
6521,3
6522,1
6523,2
6524,3
6525,2
6526,4
6527,3
6528,2
6529,6
6530,3
6531,5
6532,1
6533,1
6534,2
6535,5
6536,5
6537,1
6538,1
6539,1
6540,3
6541,5
6542,3
6543,1
6544,1
6545,3
6546,1
6547,4
6548,2
6549,7
6550,2
6551,1
6552,2
6553,9
6554,7
6555,3
6556,3
6557,6
6558,6
6559,3
6560,2
6561,3
6562,11
6563,4
6564,10
6565,7
6566,4
6567,7
6568,3
6569,3
6570,3
6571,1
6572,1
6573,3
6574,2
6575,1
6576,2
6577,2
6578,2
6579,1
6580,4
6581,3
6582,3
6583,2
6584,1
6585,1
6586,3
6587,1
6588,3
6589,1
6590,1
6591,1
6592,1
6593,2
6594,1
6595,2
6596,5
6597,2
6598,2
6599,1
6600,1
6601,3
6602,7
6603,4
6604,2
6605,2
6606,9
6607,2
6608,3
6609,4
6610,3
6611,4
6612,5
6613,2
6614,3
6615,1
6616,1
6617,1
6618,2
6619,4
6620,1
6621,1
6622,2
6623,3
6624,5
6625,1
6626,2
6627,5
6628,5
6629,1
6630,5
6631,4
6632,9
6633,2
6634,1
6635,1
6636,4
6637,10
6638,2
6639,1
6640,5
6641,5
6642,1
6643,1
6644,1
6645,4
6646,2
6647,2
6648,2
6649,1
6650,5
6651,2
6652,6
6653,1
6654,1
6655,1
6656,8
6657,6
6658,7
6659,4
6660,1
6661,1
6662,2
6663,1
6664,7
6665,1
6666,6
6667,2
6668,4
6669,7
6670,4
6671,1
6672,7
6673,2
6674,2
6675,5
6676,4
6677,3
6678,1
6679,8
6680,1
6681,3
6682,1
6683,4
6684,8
6685,4
6686,1
6687,3
6688,2
6689,3
6690,1
6691,1
6692,6
6693,3
6694,1
6695,4
6696,1
6697,2
6698,4
6699,1
6700,1
6701,5
6702,1
6703,6
6704,1
6705,1
6706,6
6707,3
6708,3
6709,1
6710,2
6711,1
6712,5
6713,1
6714,1
6715,4
6716,1
6717,2
6718,1
6719,2
6720,1
6721,1
6722,3
6723,1
6724,2
6725,2
6726,1
6727,3
6728,2
6729,6
6730,1
6731,1
6732,5
6733,3
6734,2
6735,1
6736,3
6737,3
6738,2
6739,1
6740,2
6741,2
6742,1
6743,2
6744,2
6745,5
6746,7
6747,6
6748,1
6749,1
6750,2
6751,1
6752,5
6753,1
6754,1
6755,3
6756,3
6757,1
6758,5
6759,1
6760,2
6761,1
6762,1
6763,3
6764,1
6765,6
6766,1
6767,1
6768,1
6769,1
6770,1
6771,1
6772,4
6773,4
6774,1
6775,5
6776,2
6777,3
6778,2
6779,4
6780,4
6781,1
6782,4
6783,5
6784,1
6785,4
6786,1
6787,1
6788,1
6789,6
6790,1
6791,1
6792,2
6793,2
6794,3
6795,1
6796,1
6797,2
6798,1
6799,2
6800,3
6801,6
6802,5
6803,2
6804,2
6805,2
6806,1
6807,1
6808,2
6809,1
6810,1
6811,6
6812,2
6813,2
6814,1
6815,3
6816,1
6817,1
6818,1
6819,2
6820,4
6821,5
6822,2
6823,1
6824,2
6825,2
6826,1
6827,2
6828,1
6829,1
6830,1
6831,2
6832,1
6833,1
6834,1
6835,6
6836,1
6837,4
6838,2
6839,1
6840,2
6841,1
6842,1
6843,3
6844,1
6845,2
6846,1
6847,2
6848,2
6849,2
6850,2
6851,1
6852,2
6853,3
6854,1
6855,3
6856,3
6857,2
6858,2
6859,7
6860,1
6861,1
6862,1
6863,4
6864,8
6865,2
6866,1
6867,6
6868,1
6869,3
6870,4
6871,6
6872,6
6873,6
6874,3
6875,1
6876,2
6877,2
6878,2
6879,2
6880,8
6881,4
6882,3
6883,2
6884,1
6885,5
6886,4
6887,2
6888,1
6889,1
6890,2
6891,3
6892,2
6893,1
6894,2
6895,2
6896,2
6897,2
6898,2
6899,2
6900,4
6901,1
6902,3
6903,1
6904,3
6905,2
6906,5
6907,2
6908,3
6909,2
6910,1
6911,5
6912,3
6913,3
6914,4
6915,5
6916,4
6917,8
6918,1
6919,8
6920,1
6921,6
6922,2
6923,3
6924,4
6925,5
6926,1
6927,2
6928,4
6929,10
6930,3
6931,2
6932,2
6933,1
6934,2
6935,1
6936,1
6937,1
6938,1
6939,2
6940,2
6941,2
6942,2
6943,1
6944,3
6945,2
6946,4
6947,3
6948,3
6949,1
6950,2
6951,6
6952,2
6953,1
6954,4
6955,1
6956,3
6957,1
6958,3
6959,3
6960,1
6961,2
6962,1
6963,3
6964,1
6965,4
6966,5
6967,4
6968,2
6969,1
6970,1
6971,1
6972,1
6973,3
6974,2
6975,1
6976,3
6977,1
6978,3
6979,1
6980,1
6981,5
6982,9
6983,6
6984,3
6985,4
6986,2
6987,2
6988,4
6989,1
6990,1
6991,1
6992,1
6993,1
6994,1
6995,4
6996,1
6997,1
6998,2
6999,2
7000,2
7001,2
7002,1
7003,3
7004,1
7005,3
7006,1
7007,1
7008,2
7009,1
7010,3
7011,2
7012,1
7013,2
7014,2
7015,1
7016,4
7017,5
7018,1
7019,1
7020,1
7021,3
7022,2
7023,12
7024,1
7025,5
7026,1
7027,4
7028,4
7029,2
7030,7
7031,2
7032,2
7033,1
7034,1
7035,3
7036,2
7037,6
7038,2
7039,1
7040,1
7041,1
7042,1
7043,5
7044,4
7045,1
7046,4
7047,1
7048,3
7049,1
7050,1
7051,6
7052,4
7053,1
7054,3
7055,5
7056,1
7057,2
7058,1
7059,1
7060,1
7061,2
7062,1
7063,1
7064,1
7065,2
7066,1
7067,1
7068,4
7069,3
7070,2
7071,2
7072,1
7073,4
7074,1
7075,2
7076,2
7077,5
7078,2
7079,2
7080,1
7081,2
7082,1
7083,2
7084,4
7085,1
7086,2
7087,5
7088,2
7089,1
7090,10
7091,2
7092,2
7093,4
7094,3
7095,6
7096,1
7097,5
7098,5
7099,2
7100,2
7101,1
7102,2
7103,3
7104,1
7105,3
7106,1
7107,3
7108,6
7109,1
7110,1
7111,2
7112,2
7113,4
7114,1
7115,1
7116,5
7117,7
7118,1
7119,2
7120,4
7121,1
7122,7
7123,3
7124,8
7125,3
7126,1
7127,2
7128,3
7129,2
7130,3
7131,3
7132,2
7133,1
7134,2
7135,5
7136,2
7137,7
7138,1
7139,1
7140,1
7141,2
7142,1
7143,3
7144,10
7145,2
7146,3
7147,3
7148,2
7149,5
7150,4
7151,1
7152,7
7153,11
7154,1
7155,3
7156,3
7157,1
7158,2
7159,5
7160,2
7161,4
7162,2
7163,6
7164,2
7165,1
7166,3
7167,9
7168,4
7169,2
7170,1
7171,3
7172,6
7173,3
7174,1
7175,2
7176,2
7177,6
7178,4
7179,1
7180,2
7181,1
7182,3
7183,10
7184,2
7185,6
7186,2
7187,3
7188,6
7189,1
7190,1
7191,2
7192,3
7193,5
7194,1
7195,6
7196,1
7197,2
7198,1
7199,1
7200,6
7201,1
7202,1
7203,3
7204,7
7205,1
7206,11
7207,1
7208,7
7209,13
7210,7
7211,4
7212,8
7213,1
7214,3
7215,2
7216,2
7217,4
7218,6
7219,6
7220,8
7221,6
7222,1
7223,4
7224,4
7225,3
7226,2
7227,7
7228,3
7229,4
7230,1
7231,3
7232,1
7233,7
7234,2
7235,3
7236,7
7237,1
7238,1
7239,2
7240,4
7241,2
7242,4
7243,3
7244,3
7245,1
7246,5
7247,5
7248,6
7249,1
7250,1
7251,6
7252,1
7253,11
7254,5
7255,2
7256,3
7257,10
7258,1
7259,3
7260,3
7261,3
7262,3
7263,2
7264,1
7265,6
7266,2
7267,1
7268,3
7269,4
7270,4
7271,3
7272,4
7273,1
7274,2
7275,2
7276,2
7277,1
7278,3
7279,1
7280,3
7281,1
7282,1
7283,5
7284,5
7285,3
7286,1
7287,1
7288,1
7289,1
7290,1
7291,3
7292,1
7293,3
7294,1
7295,9
7296,2
7297,9
7298,4
7299,5
7300,4
7301,7
7302,5
7303,8
7304,2
7305,5
7306,5
7307,8
7308,2
7309,1
7310,2
7311,2
7312,1
7313,1
7314,3
7315,1
7316,2
7317,4
7318,1
7319,7
7320,4
7321,1
7322,1
7323,1
7324,1
7325,3
7326,1
7327,1
7328,1
7329,2
7330,1
7331,2
7332,1
7333,1
7334,2
7335,4
7336,3
7337,3
7338,2
7339,5
7340,2
7341,4
7342,1
7343,1
7344,4
7345,2
7346,2
7347,2
7348,3
7349,1
7350,2
7351,10
7352,1
7353,2
7354,6
7355,5
7356,5
7357,2
7358,4
7359,1
7360,2
7361,4
7362,1
7363,2
7364,2
7365,2
7366,1
7367,7
7368,1
7369,1
7370,2
7371,2
7372,3
7373,2
7374,4
7375,5
7376,2
7377,1
7378,5
7379,2
7380,6
7381,1
7382,1
7383,2
7384,2
7385,1
7386,1
7387,1
7388,1
7389,1
7390,1
7391,4
7392,1
7393,3
7394,1
7395,3
7396,2
7397,3
7398,1
7399,1
7400,2
7401,1
7402,3
7403,1
7404,2
7405,4
7406,1
7407,1
7408,1
7409,2
7410,1
7411,2
7412,2
7413,1
7414,3
7415,3
7416,1
7417,2
7418,1
7419,1
7420,2
7421,2
7422,1
7423,1
7424,1
7425,5
7426,2
7427,3
7428,2
7429,3
7430,1
7431,3
7432,2
7433,1
7434,1
7435,4
7436,1
7437,1
7438,4
7439,2
7440,2
7441,3
7442,1
7443,1
7444,3
7445,7
7446,4
7447,1
7448,3
7449,2
7450,1
7451,1
7452,1
7453,1
7454,7
7455,8
7456,1
7457,1
7458,3
7459,3
7460,1
7461,3
7462,1
7463,1
7464,1
7465,4
7466,10
7467,2
7468,2
7469,2
7470,5
7471,4
7472,6
7473,1
7474,2
7475,2
7476,1
7477,2
7478,3
7479,4
7480,1
7481,4
7482,2
7483,2
7484,1
7485,3
7486,3
7487,5
7488,4
7489,1
7490,3
7491,4
7492,1
7493,2
7494,1
7495,3
7496,1
7497,2
7498,1
7499,2
7500,3
7501,8
7502,2
7503,1
7504,5
7505,5
7506,6
7507,1
7508,6
7509,3
7510,1
7511,3
7512,1
7513,7
7514,4
7515,2
7516,2
7517,3
7518,2
7519,1
7520,2
7521,5
7522,1
7523,3
7524,2
7525,3
7526,7
7527,1
7528,8
7529,4
7530,2
7531,4
7532,2
7533,2
7534,7
7535,2
7536,9
7537,2
7538,4
7539,2
7540,4
7541,9
7542,6
7543,1
7544,3
7545,2
7546,2
7547,5
7548,5
7549,3
7550,7
7551,8
7552,7
7553,5
7554,3
7555,1
7556,2
7557,1
7558,3
7559,4
7560,1
7561,3
7562,2
7563,2
7564,2
7565,1
7566,2
7567,5
7568,1
7569,3
7570,5
7571,3
7572,3
7573,3
7574,2
7575,1
7576,1
7577,5
7578,1
7579,1
7580,3
7581,2
7582,12
7583,9
7584,8
7585,3
7586,3
7587,6
7588,2
7589,1
7590,11
7591,2
7592,1
7593,2
7594,1
7595,2
7596,1
7597,1
7598,3
7599,5
7600,1
7601,1
7602,2
7603,2
7604,2
7605,3
7606,3
7607,6
7608,1
7609,1
7610,3
7611,1
7612,3
7613,1
7614,3
7615,1
7616,1
7617,2
7618,4
7619,1
7620,3
7621,1
7622,1
7623,1
7624,1
7625,2
7626,1
7627,1
7628,1
7629,3
7630,2
7631,5
7632,1
7633,7
7634,4
7635,9
7636,2
7637,1
7638,1
7639,2
7640,1
7641,1
7642,1
7643,1
7644,6
7645,1
7646,1
7647,3
7648,2
7649,4
7650,4
7651,1
7652,1
7653,1
7654,1
7655,2
7656,2
7657,3
7658,2
7659,3
7660,2
7661,1
7662,1
7663,1
7664,2
7665,1
7666,4
7667,2
7668,1
7669,1
7670,2
7671,3
7672,1
7673,2
7674,1
7675,2
7676,1
7677,1
7678,2
7679,4
7680,1
7681,1
7682,1
7683,1
7684,1
7685,5
7686,1
7687,1
7688,7
7689,1
7690,1
7691,1
7692,2
7693,1
7694,2
7695,1
7696,5
7697,4
7698,1
7699,5
7700,1
7701,2
7702,2
7703,3
7704,1
7705,1
7706,4
7707,1
7708,2
7709,1
7710,1
7711,3
7712,2
7713,2
7714,1
7715,1
7716,3
7717,1
7718,5
7719,2
7720,6
7721,1
7722,1
7723,4
7724,3
7725,2
7726,4
7727,1
7728,1
7729,1
7730,3
7731,1
7732,1
7733,1
7734,2
7735,3
7736,2
7737,1
7738,2
7739,1
7740,1
7741,4
7742,2
7743,4
7744,7
7745,1
7746,2
7747,1
7748,2
7749,1
7750,2
7751,1
7752,2
7753,1
7754,1
7755,1
7756,3
7757,1
7758,2
7759,1
7760,4
7761,13
7762,3
7763,4
7764,5
7765,1
7766,1
7767,1
7768,7
7769,2
7770,2
7771,1
7772,1
7773,4
7774,1
7775,1
7776,1
7777,9
7778,3
7779,1
7780,1
7781,1
7782,1
7783,2
7784,2
7785,1
7786,2
7787,4
7788,1
7789,1
7790,3
7791,2
7792,1
7793,3
7794,1
7795,6
7796,3
7797,1
7798,2
7799,1
7800,1
7801,1
7802,2
7803,2
7804,1
7805,1
7806,1
7807,1
7808,2
7809,2
7810,3
7811,1
7812,2
7813,2
7814,4
7815,1
7816,2
7817,1
7818,1
7819,2
7820,5
7821,1
7822,2
7823,1
7824,1
7825,5
7826,2
7827,1
7828,1
7829,1
7830,1
7831,1
7832,1
7833,5
7834,4
7835,6
7836,4
7837,9
7838,1
7839,3
7840,2
7841,1
7842,1
7843,3
7844,4
7845,1
7846,7
7847,1
7848,3
7849,1
7850,4
7851,1
7852,5
7853,4
7854,1
7855,4
7856,1
7857,4
7858,1
7859,1
7860,6
7861,2
7862,6
7863,1
7864,2
7865,1
7866,1
7867,1
7868,1
7869,1
7870,1
7871,1
7872,1
7873,4
7874,1
7875,2
7876,1
7877,5
7878,1
7879,1
7880,3
7881,1
7882,1
7883,3
7884,1
7885,2
7886,2
7887,6
7888,6
7889,1
7890,2
7891,3
7892,2
7893,1
7894,4
7895,4
7896,2
7897,5
7898,1
7899,1
7900,1
7901,2
7902,3
7903,1
7904,2
7905,3
7906,5
7907,3
7908,1
7909,1
7910,3
7911,1
7912,3
7913,1
7914,1
7915,6
7916,1
7917,1
7918,4
7919,1
7920,1
7921,5
7922,7
7923,5
7924,1
7925,1
7926,6
7927,5
7928,3
7929,4
7930,3
7931,2
7932,1
7933,1
7934,1
7935,1
7936,1
7937,4
7938,2
7939,5
7940,3
7941,1
7942,10
7943,1
7944,6
7945,3
7946,1
7947,2
7948,6
7949,1
7950,1
7951,3
7952,3
7953,1
7954,1
7955,3
7956,2
7957,1
7958,1
7959,2
7960,1
7961,1
7962,1
7963,1
7964,1
7965,1
7966,1
7967,2
7968,3
7969,1
7970,4
7971,2
7972,1
7973,4
7974,2
7975,5
7976,1
7977,3
7978,3
7979,2
7980,4
7981,1
7982,1
7983,1
7984,1
7985,1
7986,1
7987,1
7988,2
7989,4
7990,1
7991,1
7992,1
7993,4
7994,1
7995,1
7996,1
7997,2
7998,2
7999,1
8000,1
8001,1
8002,1
8003,1
8004,1
8005,2
8006,1
8007,3
8008,1
8009,1
8010,3
8011,3
8012,3
8013,3
8014,3
8015,3
8016,2
8017,2
8018,1
8019,3
8020,1
8021,4
8022,2
8023,2
8024,1
8025,2
8026,4
8027,2
8028,3
8029,2
8030,4
8031,1
8032,4
8033,1
8034,1
8035,1
8036,6
8037,7
8038,1
8039,2
8040,3
8041,1
8042,5
8043,1
8044,1
8045,1
8046,1
8047,1
8048,3
8049,2
8050,1
8051,1
8052,1
8053,1
8054,1
8055,1
8056,2
8057,2
8058,2
8059,3
8060,2
8061,2
8062,2
8063,1
8064,1
8065,1
8066,1
8067,1
8068,3
8069,3
8070,1
8071,2
8072,2
8073,3
8074,3
8075,2
8076,11
8077,15
8078,2
8079,5
8080,1
8081,3
8082,1
8083,2
8084,10
8085,7
8086,3
8087,3
8088,2
8089,2
8090,1
8091,3
8092,1
8093,2
8094,3
8095,1
8096,3
8097,4
8098,1
8099,2
8100,3
8101,1
8102,9
8103,5
8104,1
8105,2
8106,2
8107,1
8108,6
8109,5
8110,7
8111,6
8112,2
8113,9
8114,1
8115,7
8116,3
8117,3
8118,7
8119,1
8120,1
8121,2
8122,9
8123,3
8124,1
8125,13
8126,2
8127,5
8128,2
8129,4
8130,1
8131,7
8132,8
8133,6
8134,3
8135,5
8136,4
8137,6
8138,5
8139,3
8140,9
8141,3
8142,1
8143,2
8144,1
8145,1
8146,1
8147,4
8148,2
8149,1
8150,1
8151,1
8152,2
8153,5
8154,5
8155,2
8156,6
8157,6
8158,1
8159,2
8160,1
8161,5
8162,1
8163,3
8164,1
8165,1
8166,3
8167,3
8168,5
8169,1
8170,5
8171,1
8172,2
8173,1
8174,4
8175,1
8176,6
8177,1
8178,1
8179,2
8180,1
8181,1
8182,2
8183,1
8184,2
8185,4
8186,1
8187,1
8188,4
8189,1
8190,2
8191,3
8192,1
8193,1
8194,3
8195,1
8196,3
8197,1
8198,2
8199,3
8200,1
8201,4
8202,2
8203,5
8204,6
8205,1
8206,2
8207,1
8208,1
8209,3
8210,6
8211,2
8212,1
8213,3
8214,3
8215,3
8216,1
8217,2
8218,1
8219,3
8220,2
8221,1
8222,2
8223,7
8224,3
8225,5
8226,1
8227,2
8228,1
8229,5
8230,1
8231,1
8232,4
8233,3
8234,1
8235,4
8236,5
8237,3
8238,1
8239,3
8240,6
8241,4
8242,1
8243,1
8244,2
8245,3
8246,2
8247,4
8248,2
8249,5
8250,4
8251,2
8252,3
8253,4
8254,2
8255,1
8256,1
8257,2
8258,1
8259,8
8260,7
8261,2
8262,3
8263,2
8264,3
8265,5
8266,4
8267,4
8268,1
8269,2
8270,4
8271,1
8272,2
8273,1
8274,4
8275,3
8276,5
8277,5
8278,4
8279,1
8280,2
8281,2
8282,1
8283,2
8284,3
8285,1
8286,1
8287,1
8288,2
8289,2
8290,1
8291,1
8292,1
8293,1
8294,1
8295,3
8296,2
8297,1
8298,1
8299,1
8300,2
8301,1
8302,2
8303,3
8304,4
8305,3
8306,4
8307,1
8308,1
8309,2
8310,2
8311,4
8312,7
8313,2
8314,1
8315,2
8316,2
8317,2
8318,1
8319,1
8320,1
8321,3
8322,4
8323,8
8324,5
8325,2
8326,1
8327,3
8328,5
8329,4
8330,2
8331,1
8332,1
8333,1
8334,5
8335,1
8336,3
8337,2
8338,8
8339,1
8340,2
8341,1
8342,7
8343,2
8344,4
8345,8
8346,2
8347,1
8348,1
8349,1
8350,1
8351,1
8352,3
8353,4
8354,2
8355,4
8356,3
8357,5
8358,1
8359,3
8360,4
8361,1
8362,5
8363,2
8364,2
8365,6
8366,5
8367,2
8368,3
8369,3
8370,5
8371,5
8372,9
8373,1
8374,5
8375,3
8376,4
8377,14
8378,2
8379,5
8380,6
8381,1
8382,7
8383,1
8384,8
8385,2
8386,1
8387,3
8388,2
8389,3
8390,1
8391,3
8392,2
8393,8
8394,3
8395,1
8396,2
8397,6
8398,4
8399,1
8400,4
8401,6
8402,6
8403,1
8404,2
8405,1
8406,1
8407,2
8408,1
8409,1
8410,2
8411,3
8412,2
8413,1
8414,6
8415,3
8416,2
8417,2
8418,1
8419,4
8420,2
8421,2
8422,2
8423,2
8424,1
8425,3
8426,2
8427,3
8428,4
8429,5
8430,4
8431,2
8432,1
8433,1
8434,1
8435,1
8436,1
8437,3
8438,1
8439,1
8440,5
8441,1
8442,5
8443,1
8444,1
8445,1
8446,5
8447,1
8448,1
8449,1
8450,5
8451,4
8452,5
8453,1
8454,1
8455,1
8456,1
8457,1
8458,1
8459,2
8460,1
8461,6
8462,1
8463,1
8464,3
8465,3
8466,3
8467,4
8468,1
8469,1
8470,2
8471,2
8472,1
8473,2
8474,3
8475,1
8476,4
8477,2
8478,3
8479,3
8480,1
8481,4
8482,2
8483,3
8484,3
8485,6
8486,1
8487,1
8488,3
8489,1
8490,2
8491,2
8492,1
8493,1
8494,1
8495,2
8496,2
8497,1
8498,1
8499,1
8500,2
8501,1
8502,4
8503,4
8504,1
8505,1
8506,1
8507,2
8508,2
8509,1
8510,3
8511,3
8512,1
8513,1
8514,1
8515,2
8516,1
8517,1
8518,1
8519,4
8520,6
8521,1
8522,3
8523,2
8524,3
8525,2
8526,1
8527,5
8528,2
8529,1
8530,2
8531,2
8532,2
8533,1
8534,1
8535,6
8536,2
8537,1
8538,1
8539,2
8540,1
8541,1
8542,2
8543,2
8544,4
8545,3
8546,1
8547,2
8548,4
8549,2
8550,5
8551,1
8552,1
8553,1
8554,5
8555,1
8556,1
8557,1
8558,3
8559,1
8560,1
8561,3
8562,3
8563,1
8564,2
8565,1
8566,2
8567,2
8568,1
8569,1
8570,1
8571,1
8572,1
8573,1
8574,1
8575,1
8576,1
8577,1
8578,1
8579,1
8580,1
8581,1
8582,1
8583,1
8584,4
8585,2
8586,2
8587,1
8588,3
8589,5
8590,3
8591,3
8592,1
8593,1
8594,1
8595,2
8596,1
8597,3
8598,1
8599,1
8600,1
8601,1
8602,1
8603,1
8604,1
8605,5
8606,3
8607,2
8608,2
8609,2
8610,2
8611,6
8612,1
8613,4
8614,2
8615,2
8616,1
8617,1
8618,3
8619,8
8620,4
8621,1
8622,1
8623,2
8624,3
8625,5
8626,1
8627,1
8628,3
8629,2
8630,2
8631,5
8632,1
8633,2
8634,1
8635,1
8636,1
8637,1
8638,1
8639,1
8640,1
8641,2
8642,1
8643,1
8644,1
8645,2
8646,1
8647,1
8648,2
8649,2
8650,6
8651,1
8652,1
8653,1
8654,2
8655,2
8656,3
8657,1
8658,3
8659,2
8660,1
8661,1
8662,3
8663,4
8664,5
8665,1
8666,1
8667,5
8668,8
8669,1
8670,1
8671,2
8672,2
8673,4
8674,3
8675,8
8676,1
8677,2
8678,4
8679,2
8680,1
8681,3
8682,4
8683,2
8684,1
8685,4
8686,1
8687,2
8688,2
8689,5
8690,2
8691,3
8692,1
8693,1
8694,2
8695,3
8696,3
8697,1
8698,7
8699,4
8700,1
8701,2
8702,1
8703,1
8704,12
8705,2
8706,1
8707,2
8708,2
8709,8
8710,1
8711,2
8712,9
8713,4
8714,1
8715,1
8716,2
8717,1
8718,1
8719,12
8720,3
8721,4
8722,2
8723,14
8724,2
8725,3
8726,1
8727,3
8728,4
8729,3
8730,2
8731,16
8732,4
8733,2
8734,10
8735,3
8736,1
8737,5
8738,3
8739,14
8740,18
8741,1
8742,5
8743,2
8744,1
8745,3
8746,1
8747,1
8748,4
8749,3
8750,3
8751,8
8752,2
8753,2
8754,8
8755,2
8756,7
8757,12
8758,1
8759,3
8760,3
8761,12
8762,3
8763,6
8764,5
8765,5
8766,6
8767,2
8768,3
8769,3
8770,7
8771,4
8772,1
8773,2
8774,14
8775,1
8776,4
8777,1
8778,14
8779,2
8780,10
8781,15
8782,3
8783,2
8784,3
8785,7
8786,5
8787,10
8788,4
8789,2
8790,1
8791,2
8792,2
8793,3
8794,3
8795,1
8796,7
8797,3
8798,2
8799,2
8800,2
8801,5
8802,2
8803,2
8804,3
8805,2
8806,6
8807,4
8808,2
8809,2
8810,4
8811,1
8812,9
8813,1
8814,10
8815,4
8816,2
8817,1
8818,1
8819,3
8820,2
8821,4
8822,4
8823,3
8824,2
8825,5
8826,7
8827,1
8828,1
8829,1
8830,5
8831,4
8832,3
8833,1
8834,5
8835,1
8836,1
8837,2
8838,3
8839,2
8840,4
8841,2
8842,5
8843,5
8844,3
8845,1
8846,2
8847,7
8848,3
8849,4
8850,3
8851,1
8852,8
8853,1
8854,2
8855,2
8856,2
8857,2
8858,1
8859,2
8860,1
8861,8
8862,3
8863,2
8864,2
8865,1
8866,4
8867,4
8868,1
8869,3
8870,1
8871,2
8872,2
8873,10
8874,2
8875,4
8876,1
8877,3
8878,2
8879,4
8880,1
8881,4
8882,2
8883,1
8884,5
8885,6
8886,5
8887,1
8888,3
8889,3
8890,2
8891,2
8892,3
8893,7
8894,2
8895,1
8896,3
8897,2
8898,2
8899,1
8900,3
8901,5
8902,3
8903,2
8904,2
8905,1
8906,9
8907,5
8908,10
8909,4
8910,3
8911,1
8912,4
8913,1
8914,3
8915,3
8916,2
8917,8
8918,1
8919,2
8920,3
8921,2
8922,4
8923,1
8924,7
8925,1
8926,5
8927,2
8928,2
8929,8
8930,7
8931,1
8932,6
8933,1
8934,4
8935,3
8936,1
8937,1
8938,1
8939,4
8940,1
8941,1
8942,1
8943,6
8944,2
8945,1
8946,3
8947,1
8948,4
8949,9
8950,1
8951,1
8952,3
8953,1
8954,6
8955,2
8956,4
8957,2
8958,1
8959,1
8960,1
8961,1
8962,2
8963,1
8964,5
8965,3
8966,1
8967,1
8968,1
8969,1
8970,1
8971,1
8972,10
8973,4
8974,1
8975,2
8976,2
8977,4
8978,2
8979,2
8980,1
8981,2
8982,3
8983,1
8984,2
8985,2
8986,1
8987,2
8988,1
8989,2
8990,1
8991,1
8992,2
8993,1
8994,3
8995,2
8996,2
8997,1
8998,1
8999,9
9000,1
9001,1
9002,6
9003,1
9004,4
9005,3
9006,2
9007,1
9008,1
9009,2
9010,3
9011,2
9012,1
9013,1
9014,4
9015,4
9016,1
9017,2
9018,1
9019,3
9020,5
9021,3
9022,4
9023,1
9024,2
9025,5
9026,2
9027,4
9028,3
9029,6
9030,2
9031,1
9032,4
9033,1
9034,2
9035,2
9036,1
9037,3
9038,2
9039,2
9040,2
9041,4
9042,1
9043,4
9044,1
9045,1
9046,1
9047,2
9048,2
9049,2
9050,3
9051,4
9052,2
9053,1
9054,3
9055,1
9056,6
9057,1
9058,2
9059,3
9060,2
9061,2
9062,2
9063,1
9064,2
9065,5
9066,4
9067,2
9068,2
9069,1
9070,1
9071,2
9072,1
9073,2
9074,4
9075,1
9076,3
9077,3
9078,2
9079,2
9080,2
9081,3
9082,6
9083,1
9084,2
9085,3
9086,5
9087,3
9088,4
9089,4
9090,3
9091,6
9092,10
9093,1
9094,3
9095,2
9096,3
9097,3
9098,1
9099,1
9100,1
9101,1
9102,1
9103,3
9104,2
9105,11
9106,5
9107,3
9108,2
9109,4
9110,6
9111,2
9112,2
9113,1
9114,1
9115,2
9116,9
9117,2
9118,1
9119,3
9120,1
9121,11
9122,3
9123,3
9124,2
9125,2
9126,17
9127,2
9128,2
9129,1
9130,7
9131,2
9132,3
9133,3
9134,1
9135,5
9136,4
9137,14
9138,1
9139,6
9140,10
9141,2
9142,4
9143,9
9144,1
9145,11
9146,6
9147,8
9148,6
9149,1
9150,5
9151,4
9152,8
9153,10
9154,2
9155,3
9156,6
9157,1
9158,7
9159,1
9160,14
9161,5
9162,1
9163,1
9164,3
9165,1
9166,2
9167,2
9168,1
9169,1
9170,2
9171,1
9172,8
9173,1
9174,1
9175,1
9176,2
9177,4
9178,4
9179,2
9180,2
9181,12
9182,5
9183,1
9184,4
9185,8
9186,8
9187,3
9188,3
9189,1
9190,2
9191,7
9192,10
9193,5
9194,6
9195,3
9196,1
9197,1
9198,3
9199,4
9200,8
9201,2
9202,1
9203,3
9204,2
9205,10
9206,3
9207,1
9208,1
9209,4
9210,3
9211,2
9212,1
9213,1
9214,7
9215,9
9216,6
9217,3
9218,7
9219,2
9220,1
9221,2
9222,2
9223,17
9224,7
9225,1
9226,16
9227,7
9228,6
9229,6
9230,13
9231,1
9232,9
9233,5
9234,3
9235,4
9236,1
9237,3
9238,2
9239,1
9240,14
9241,9
9242,5
9243,17
9244,20
9245,2
9246,1
9247,20
9248,16
9249,21
9250,3
9251,21
9252,2
9253,15
9254,2
9255,13
9256,11
9257,3
9258,1
9259,25
9260,7
9261,5
9262,31
9263,5
9264,20
9265,4
9266,12
9267,1
9268,13
9269,16
9270,3
9271,12
9272,5
9273,22
9274,12
9275,11
9276,8
9277,2
9278,30
9279,6
9280,2
9281,17
9282,37
9283,15
9284,14
9285,4
9286,10
9287,6
9288,18
9289,4
9290,7
9291,13
9292,6
9293,11
9294,23
9295,24
9296,8
9297,3
9298,2
9299,4
9300,7
9301,13
9302,22
9303,2
9304,21
9305,8
9306,1
9307,24
9308,6
9309,1
9310,2
9311,1
9312,9
9313,1
9314,7
9315,16
9316,5
9317,8
9318,7
9319,6
9320,3
9321,3
9322,6
9323,3
9324,13
9325,37
9326,7
9327,18
9328,7
9329,14
9330,1
9331,2
9332,13
9333,23
9334,9
9335,9
9336,15
9337,11
9338,4
9339,13
9340,6
9341,15
9342,4
9343,20
9344,6
9345,14
9346,1
9347,4
9348,10
9349,25
9350,18
9351,9
9352,1
9353,1
9354,21
9355,7
9356,3
9357,15
9358,13
9359,12
9360,3
9361,7
9362,34
9363,6
9364,1
9365,11
9366,9
9367,13
9368,5
9369,7
9370,9
9371,3
9372,5
9373,7
9374,6
9375,6
9376,37
9377,14
9378,2
9379,5
9380,3
9381,8
9382,3
9383,2
9384,16
9385,9
9386,11
9387,3
9388,5
9389,7
9390,2
9391,9
9392,8
9393,23
9394,15
9395,10
9396,27
9397,8
9398,7
9399,18
9400,3
9401,6
9402,3
9403,29
9404,25
9405,7
9406,3
9407,44
9408,30
9409,4
9410,2
9411,3
9412,4
9413,25
9414,19
9415,15
9416,1
9417,5
9418,7
9419,7
9420,14
9421,10
9422,6
9423,11
9424,12
9425,6
9426,7
9427,5
9428,14
9429,22
9430,11
9431,41
9432,29
9433,8
9434,26
9435,29
9436,16
9437,7
9438,3
9439,13
9440,6
9441,6
9442,23
9443,7
9444,3
9445,14
9446,2
9447,5
9448,13
9449,31
9450,9
9451,2
9452,7
9453,12
9454,21
9455,42
9456,52
9457,6
9458,12
9459,15
9460,12
9461,50
9462,2
9463,23
9464,5
9465,9
9466,13
9467,5
9468,8
9469,27
9470,11
9471,34
9472,2
9473,2
9474,26
9475,64
9476,20
9477,4
9478,2
9479,23
9480,56
9481,26
9482,5
9483,18
9484,7
9485,4
9486,1
9487,10
9488,6
9489,28
9490,36
9491,1
9492,5
9493,60
9494,8
9495,8
9496,7
9497,3
9498,3
9499,3
9500,7
9501,4
9502,15
9503,2
9504,7
9505,18
9506,11
9507,13
9508,2
9509,10
9510,23
9511,4
9512,2
9513,4
9514,5
9515,2
9516,8
9517,2
9518,9
9519,9
9520,14
9521,21
9522,33
9523,2
9524,2
9525,19
9526,7
9527,10
9528,6
9529,10
9530,1
9531,20
9532,2
9533,2
9534,22
9535,15
9536,2
9537,24
9538,20
9539,17
9540,15
9541,6
9542,11
9543,12
9544,4
9545,3
9546,14
9547,8
9548,10
9549,5
9550,2
9551,18
9552,5
9553,5
9554,14
9555,16
9556,6
9557,4
9558,4
9559,23
9560,11
9561,27
9562,1
9563,2
9564,1
9565,5
9566,2
9567,7
9568,1
9569,31
9570,2
9571,4
9572,8
9573,6
9574,4
9575,8
9576,3
9577,14
9578,3
9579,1
9580,13
9581,3
9582,1
9583,15
9584,7
9585,5
9586,2
9587,2
9588,8
9589,7
9590,19
9591,4
9592,15
9593,4
9594,8
9595,3
9596,3
9597,11
9598,5
9599,5
9600,2
9601,1
9602,4
9603,8
9604,1
9605,6
9606,3
9607,1
9608,1
9609,9
9610,1
9611,5
9612,3
9613,2
9614,2
9615,3
9616,3
9617,3
9618,4
9619,2
9620,11
9621,2
9622,2
9623,1
9624,1
9625,1
9626,1
9627,1
9628,4
9629,3
9630,5
9631,2
9632,1
9633,1
9634,9
9635,2
9636,4
9637,2
9638,1
9639,1
9640,1
9641,4
9642,1
9643,2
9644,7
9645,1
9646,2
9647,5
9648,1
9649,1
9650,2
9651,3
9652,2
9653,4
9654,1
9655,2
9656,1
9657,3
9658,1
9659,2
9660,1
9661,2
9662,1
9663,1
9664,2
9665,1
9666,2
9667,4
9668,2
9669,1
9670,8
9671,1
9672,4
9673,4
9674,1
9675,2
9676,4
9677,2
9678,1
9679,3
9680,11
9681,2
9682,3
9683,1
9684,5
9685,3
9686,3
9687,7
9688,2
9689,2
9690,6
9691,2
9692,3
9693,5
9694,13
9695,4
9696,2
9697,2
9698,1
9699,1
9700,7
9701,8
9702,2
9703,1
9704,1
9705,1
9706,1
9707,3
9708,2
9709,2
9710,2
9711,1
9712,5
9713,1
9714,5
9715,1
9716,3
9717,1
9718,6
9719,9
9720,3
9721,1
9722,4
9723,1
9724,1
9725,1
9726,7
9727,3
9728,2
9729,3
9730,2
9731,3
9732,10
9733,1
9734,2
9735,3
9736,6
9737,3
9738,3
9739,8
9740,3
9741,4
9742,7
9743,4
9744,3
9745,2
9746,1
9747,6
9748,5
9749,2
9750,6
9751,1
9752,2
9753,1
9754,13
9755,8
9756,2
9757,3
9758,4
9759,1
9760,2
9761,4
9762,4
9763,4
9764,2
9765,4
9766,2
9767,1
9768,7
9769,3
9770,1
9771,4
9772,2
9773,1
9774,4
9775,2
9776,1
9777,8
9778,4
9779,1
9780,3
9781,1
9782,8
9783,1
9784,6
9785,3
9786,2
9787,3
9788,3
9789,3
9790,1
9791,2
9792,1
9793,1
9794,8
9795,1
9796,2
9797,6
9798,2
9799,2
9800,2
9801,3
9802,1
9803,3
9804,5
9805,2
9806,4
9807,4
9808,6
9809,1
9810,7
9811,2
9812,1
9813,2
9814,2
9815,2
9816,1
9817,3
9818,2
9819,4
9820,1
9821,1
9822,1
9823,2
9824,2
9825,2
9826,1
9827,1
9828,2
9829,3
9830,3
9831,1
9832,1
9833,1
9834,4
9835,1
9836,1
9837,3
9838,1
9839,4
9840,1
9841,6
9842,7
9843,3
9844,1
9845,1
9846,1
9847,1
9848,1
9849,1
9850,8
9851,2
9852,1
9853,2
9854,3
9855,5
9856,1
9857,3
9858,1
9859,4
9860,6
9861,1
9862,2
9863,4
9864,1
9865,1
9866,6
9867,3
9868,1
9869,3
9870,16
9871,3
9872,4
9873,5
9874,1
9875,1
9876,3
9877,13
9878,2
9879,2
9880,2
9881,1
9882,6
9883,4
9884,1
9885,3
9886,5
9887,7
9888,2
9889,1
9890,4
9891,1
9892,10
9893,2
9894,3
9895,2
9896,8
9897,1
9898,3
9899,4
9900,3
9901,5
9902,2
9903,2
9904,2
9905,1
9906,3
9907,1
9908,1
9909,1
9910,3
9911,5
9912,3
9913,1
9914,2
9915,4
9916,2
9917,8
9918,1
9919,1
9920,1
9921,9
9922,2
9923,1
9924,1
9925,3
9926,1
9927,1
9928,1
9929,1
9930,2
9931,1
9932,3
9933,2
9934,5
9935,5
9936,2
9937,1
9938,1
9939,1
9940,1
9941,10
9942,1
9943,3
9944,1
9945,2
9946,3
9947,2
9948,3
9949,2
9950,1
9951,6
9952,4
9953,4
9954,1
9955,5
9956,13
9957,2
9958,2
9959,2
9960,3
9961,4
9962,2
9963,3
9964,9
9965,2
9966,1
9967,11
9968,2
9969,2
9970,12
9971,4
9972,2
9973,3
9974,2
9975,5
9976,2
9977,13
9978,2
9979,1
9980,4
9981,6
9982,4
9983,14
9984,1
9985,2
9986,5
9987,3
9988,4
9989,1
9990,12
9991,1
9992,5
9993,16
9994,4
9995,1
9996,3
9997,7
9998,3
9999,1
10000,1
10001,2
10002,3
10003,1
10004,4
10005,3
10006,11
10007,1
10008,4
10009,3
10010,1
10011,7
10012,8
10013,3
10014,3
10015,3
10016,2
10017,9
10018,4
10019,1
10020,5
10021,2
10022,5
10023,5
10024,1
10025,8
10026,9
10027,7
10028,3
10029,2
10030,5
10031,4
10032,9
10033,2
10034,2
10035,4
10036,2
10037,1
10038,2
10039,3
10040,1
10041,5
10042,3
10043,9
10044,8
10045,4
10046,1
10047,2
10048,3
10049,7
10050,3
10051,4
10052,2
10053,4
10054,1
10055,1
10056,3
10057,2
10058,1
10059,7
10060,1
10061,2
10062,3
10063,5
10064,4
10065,4
10066,4
10067,1
10068,10
10069,1
10070,1
10071,13
10072,2
10073,3
10074,1
10075,1
10076,1
10077,5
10078,2
10079,4
10080,3
10081,7
10082,1
10083,18
10084,1
10085,1
10086,12
10087,5
10088,4
10089,1
10090,3
10091,4
10092,1
10093,2
10094,2
10095,1
10096,3
10097,4
10098,4
10099,8
10100,2
10101,7
10102,2
10103,1
10104,5
10105,4
10106,2
10107,1
10108,3
10109,1
10110,5
10111,5
10112,2
10113,2
10114,6
10115,1
10116,5
10117,8
10118,2
10119,1
10120,1
10121,2
10122,2
10123,2
10124,6
10125,1
10126,3
10127,2
10128,1
10129,5
10130,18
10131,6
10132,1
10133,7
10134,6
10135,1
10136,2
10137,1
10138,2
10139,4
10140,1
10141,2
10142,1
10143,2
10144,3
10145,4
10146,5
10147,3
10148,2
10149,3
10150,1
10151,2
10152,2
10153,2
10154,1
10155,1
10156,4
10157,5
10158,2
10159,2
10160,2
10161,5
10162,2
10163,17
10164,1
10165,5
10166,2
10167,3
10168,1
10169,2
10170,1
10171,1
10172,5
10173,8
10174,4
10175,8
10176,2
10177,1
10178,5
10179,1
10180,10
10181,1
10182,2
10183,3
10184,6
10185,10
10186,2
10187,2
10188,2
10189,5
10190,5
10191,14
10192,4
10193,11
10194,3
10195,2
10196,4
10197,4
10198,4
10199,2
10200,1
10201,1
10202,4
10203,11
10204,5
10205,6
10206,7
10207,1
10208,10
10209,1
10210,3
10211,4
10212,5
10213,4
10214,3
10215,3
10216,1
10217,1
10218,2
10219,3
10220,11
10221,4
10222,1
10223,1
10224,1
10225,1
10226,9
10227,2
10228,5
10229,3
10230,2
10231,2
10232,2
10233,2
10234,11
10235,2
10236,1
10237,1
10238,1
10239,1
10240,2
10241,2
10242,3
10243,7
10244,10
10245,3
10246,5
10247,2
10248,6
10249,1
10250,2
10251,5
10252,5
10253,1
10254,2
10255,3
10256,2
10257,7
10258,15
10259,6
10260,3
10261,1
10262,1
10263,6
10264,1
10265,2
10266,4
10267,5
10268,8
10269,2
10270,12
10271,6
10272,3
10273,1
10274,1
10275,1
10276,4
10277,2
10278,3
10279,7
10280,2
10281,2
10282,6
10283,5
10284,2
10285,7
10286,1
10287,4
10288,4
10289,1
10290,4
10291,1
10292,1
10293,1
10294,6
10295,5
10296,2
10297,6
10298,7
10299,4
10300,8
10301,1
10302,4
10303,5
10304,6
10305,7
10306,1
10307,3
10308,4
10309,8
10310,2
10311,3
10312,2
10313,2
10314,10
10315,3
10316,11
10317,6
10318,2
10319,2
10320,5
10321,3
10322,2
10323,2
10324,4
10325,1
10326,6
10327,6
10328,1
10329,23
10330,4
10331,13
10332,25
10333,4
10334,9
10335,8
10336,1
10337,8
10338,6
10339,3
10340,11
10341,3
10342,9
10343,13
10344,5
10345,1
10346,12
10347,2
10348,12
10349,29
10350,4
10351,1
10352,9
10353,16
10354,6
10355,1
10356,9
10357,1
10358,1
10359,6
10360,3
10361,4
10362,3
10363,3
10364,9
10365,1
10366,13
10367,6
10368,7
10369,7
10370,8
10371,19
10372,9
10373,23
10374,4
10375,2
10376,1
10377,9
10378,1
10379,7
10380,1
10381,1
10382,27
10383,4
10384,26
10385,6
10386,8
10387,6
10388,1
10389,1
10390,1
10391,8
10392,2
10393,12
10394,3
10395,7
10396,6
10397,11
10398,5
10399,4
10400,2
10401,20
10402,4
10403,3
10404,9
10405,2
10406,7
10407,7
10408,23
10409,10
10410,2
10411,4
10412,8
10413,3
10414,7
10415,2
10416,1
10417,9
10418,2
10419,4
10420,9
10421,6
10422,14
10423,4
10424,18
10425,13
10426,2
10427,11
10428,11
10429,3
10430,4
10431,14
10432,6
10433,10
10434,17
10435,1
10436,13
10437,5
10438,1
10439,19
10440,17
10441,4
10442,6
10443,3
10444,1
10445,9
10446,19
10447,8
10448,14
10449,10
10450,1
10451,1
10452,7
10453,14
10454,12
10455,8
10456,2
10457,11
10458,13
10459,6
10460,19
10461,4
10462,14
10463,9
10464,4
10465,2
10466,3
10467,2
10468,3
10469,25
10470,12
10471,1
10472,18
10473,5
10474,11
10475,3
10476,2
10477,32
10478,24
10479,9
10480,3
10481,5
10482,8
10483,2
10484,3
10485,11
10486,1
10487,18
10488,12
10489,17
10490,8
10491,3
10492,1
10493,6
10494,4
10495,14
10496,8
10497,7
10498,14
10499,3
10500,4
10501,10
10502,8
10503,49
10504,1
10505,17
10506,4
10507,3
10508,13
10509,7
10510,1
10511,12
10512,22
10513,12
10514,35
10515,3
10516,18
10517,7
10518,20
10519,7
10520,24
10521,12
10522,7
10523,1
10524,28
10525,23
10526,32
10527,6
10528,2
10529,3
10530,21
10531,15
10532,8
10533,34
10534,2
10535,8
10536,36
10537,5
10538,5
10539,26
10540,28
10541,18
10542,37
10543,8
10544,24
10545,41
10546,9
10547,4
10548,47
10549,22
10550,5
10551,4
10552,2
10553,5
10554,20
10555,7
10556,23
10557,3
10558,4
10559,1
10560,22
10561,15
10562,9
10563,4
10564,18
10565,41
10566,12
10567,2
10568,21
10569,13
10570,16
10571,6
10572,3
10573,4
10574,4
10575,1
10576,2
10577,18
10578,2
10579,40
10580,3
10581,9
10582,12
10583,4
10584,4
10585,27
10586,10
10587,5
10588,2
10589,3
10590,25
10591,6
10592,1
10593,14
10594,3
10595,12
10596,2
10597,17
10598,2
10599,7
10600,4
10601,10
10602,5
10603,1
10604,14
10605,2
10606,8
10607,8
10608,1
10609,5
10610,14
10611,16
10612,6
10613,3
10614,11
10615,3
10616,5
10617,5
10618,7
10619,7
10620,3
10621,7
10622,18
10623,6
10624,5
10625,1
10626,12
10627,1
10628,27
10629,1
10630,5
10631,5
10632,7
10633,3
10634,5
10635,3
10636,1
10637,1
10638,7
10639,10
10640,4
10641,4
10642,2
10643,6
10644,6
10645,35
10646,17
10647,10
10648,5
10649,2
10650,11
10651,3
10652,7
10653,7
10654,1
10655,4
10656,3
10657,8
10658,2
10659,21
10660,5
10661,3
10662,9
10663,3
10664,5
10665,7
10666,8
10667,6
10668,2
10669,25
10670,5
10671,5
10672,3
10673,6
10674,6
10675,5
10676,10
10677,4
10678,2
10679,4
10680,9
10681,1
10682,1
10683,2
10684,2
10685,4
10686,2
10687,1
10688,3
10689,1
10690,2
10691,4
10692,1
10693,1
10694,3
10695,4
10696,3
10697,1
10698,2
10699,2
10700,1
10701,1
10702,3
10703,2
10704,1
10705,1
10706,2
10707,1
10708,1
10709,2
10710,1
10711,1
10712,4
10713,1
10714,7
10715,3
10716,2
10717,1
10718,2
10719,4
10720,1
10721,1
10722,2
10723,5
10724,3
10725,2
10726,4
10727,4
10728,5
10729,1
10730,4
10731,3
10732,10
10733,3
10734,2
10735,1
10736,2
10737,5
10738,3
10739,3
10740,4
10741,1
10742,4
10743,1
10744,1
10745,3
10746,7
10747,1
10748,3
10749,1
10750,1
10751,1
10752,1
10753,2
10754,4
10755,3
10756,2
10757,3
10758,4
10759,4
10760,1
10761,1
10762,1
10763,1
10764,6
10765,2
10766,1
10767,1
10768,1
10769,3
10770,1
10771,1
10772,1
10773,1
10774,1
10775,1
10776,3
10777,3
10778,1
10779,1
10780,2
10781,1
10782,1
10783,1
10784,1
10785,3
10786,1
10787,1
10788,1
10789,3
10790,2
10791,2
10792,2
10793,2
10794,2
10795,1
10796,1
10797,2
10798,2
10799,2
10800,1
