1,4
2,3
3,3
4,1
5,8
6,3
7,1
8,1
9,6
10,3
11,2
12,6
13,4
14,5
15,3
16,2
17,2
18,7
19,2
20,1
21,6
22,2
23,2
24,1
25,4
26,10
27,4
28,18
29,2
30,6
31,3
32,8
33,2
34,9
35,2
36,2
37,2
38,1
39,4
40,7
41,1
42,3
43,6
44,6
45,4
46,5
47,10
48,4
49,4
50,2
51,1
52,8
53,3
54,6
55,14
56,1
57,1
58,6
59,1
60,1
61,5
62,5
63,11
64,2
65,3
66,5
67,2
68,2
69,10
70,2
71,7
72,1
73,8
74,5
75,2
76,7
77,8
78,6
79,6
80,6
81,7
82,1
83,7
84,3
85,2
86,1
87,1
88,6
89,1
90,1
91,5
92,1
93,7
94,3
95,1
96,8
97,5
98,6
99,1
100,1
101,1
102,1
103,15
104,3
105,7
106,2
107,2
108,14
109,2
110,3
111,5
112,3
113,1
114,3
115,2
116,7
117,8
118,2
119,3
120,10
121,3
122,3
123,1
124,1
125,9
126,4
127,10
128,5
129,6
130,5
131,1
132,5
133,2
134,8
135,6
136,1
137,3
138,2
139,6
140,4
141,5
142,5
143,2
144,2
145,2
146,5
147,12
148,3
149,4
150,12
151,2
152,1
153,3
154,4
155,14
156,3
157,4
158,2
159,10
160,3
161,1
162,1
163,4
164,2
165,2
166,2
167,1
168,1
169,1
170,3
171,6
172,1
173,9
174,10
175,3
176,10
177,1
178,4
179,2
180,3
181,3
182,5
183,4
184,6
185,8
186,7
187,2
188,5
189,1
190,2
191,2
192,3
193,7
194,3
195,2
196,1
197,4
198,3
199,1
200,2
201,3
202,3
203,5
204,4
205,4
206,6
207,2
208,9
209,3
210,1
211,3
212,5
213,9
214,8
215,4
216,3
217,2
218,2
219,2
220,5
221,2
222,2
223,3
224,2
225,9
226,1
227,1
228,6
229,5
230,10
231,1
232,1
233,3
234,4
235,1
236,1
237,4
238,4
239,4
240,2
241,1
242,7
243,2
244,3
245,9
246,9
247,2
248,5
249,1
250,6
251,2
252,3
253,7
254,1
255,4
256,6
257,3
258,3
259,3
260,14
261,5
262,2
263,1
264,3
265,4
266,5
267,9
268,4
269,3
270,5
271,7
272,4
273,3
274,5
275,7
276,7
277,13
278,4
279,13
280,11
281,2
282,5
283,6
284,2
285,2
286,3
287,2
288,7
289,6
290,2
291,2
292,7
293,4
294,2
295,4
296,11
297,9
298,2
299,2
300,5
301,3
302,4
303,3
304,5
305,2
306,4
307,2
308,2
309,4
310,2
311,1
312,4
313,1
314,3
315,1
316,4
317,10
318,7
319,5
320,2
321,2
322,5
323,3
324,1
325,6
326,1
327,10
328,5
329,2
330,1
331,4
332,17
333,4
334,2
335,1
336,6
337,2
338,1
339,7
340,2
341,1
342,5
343,3
344,2
345,7
346,1
347,4
348,2
349,1
350,2
351,1
352,11
353,9
354,4
355,3
356,1
357,1
358,5
359,6
360,1
361,2
362,2
363,5
364,5
365,6
366,4
367,1
368,1
369,9
370,1
371,3
372,1
373,4
374,9
375,15
376,2
377,14
378,5
379,1
380,3
381,5
382,2
383,2
384,3
385,1
386,2
387,1
388,2
389,3
390,1
391,5
392,4
393,11
394,9
395,2
396,4
397,5
398,1
399,3
400,11
401,1
402,3
403,2
404,2
405,1
406,3
407,3
408,1
409,7
410,2
411,5
412,3
413,8
414,1
415,1
416,3
417,3
418,1
419,2
420,4
421,1
422,2
423,2
424,5
425,3
426,1
427,1
428,4
429,4
430,10
431,1
432,6
433,3
434,3
435,3
436,5
437,4
438,3
439,4
440,3
441,4
442,4
443,3
444,1
445,3
446,7
447,1
448,18
449,8
450,3
451,5
452,1
453,1
454,3
455,6
456,7
457,2
458,2
459,6
460,11
461,1
462,1
463,12
464,1
465,1
466,8
467,3
468,3
469,1
470,5
471,6
472,10
473,1
474,7
475,1
476,8
477,5
478,3
479,1
480,2
481,13
482,3
483,1
484,4
485,6
486,1
487,1
488,4
489,2
490,3
491,2
492,1
493,8
494,7
495,1
496,4
497,4
498,4
499,4
500,1
501,2
502,1
503,2
504,1
505,6
506,7
507,4
508,2
509,4
510,6
511,4
512,5
513,9
514,8
515,6
516,3
517,4
518,2
519,2
520,5
521,1
522,7
523,6
524,1
525,14
526,8
527,3
528,2
529,3
530,4
531,9
532,15
533,4
534,1
535,2
536,6
537,5
538,3
539,3
540,2
541,7
542,3
543,5
544,2
545,1
546,4
547,4
548,1
549,3
550,1
551,2
552,1
553,4
554,1
555,7
556,2
557,10
558,1
559,4
560,1
561,1
562,1
563,2
564,1
565,5
566,1
567,2
568,3
569,2
570,2
571,1
572,1
573,1
574,5
575,1
576,5
577,7
578,5
579,2
580,2
581,3
582,1
583,1
584,2
585,2
586,3
587,3
588,1
589,4
590,1
591,4
592,4
593,4
594,2
595,2
596,1
597,2
598,1
599,4
600,1
601,2
602,2
603,1
604,2
605,2
606,1
607,5
608,1
609,1
610,1
611,1
612,3
613,3
614,4
615,4
616,2
617,2
618,1
619,2
620,2
621,3
622,2
623,4
624,6
625,1
626,11
627,3
628,2
629,5
630,1
631,1
632,8
633,3
634,3
635,1
636,12
637,2
638,13
639,3
640,1
641,6
642,3
643,1
644,7
645,4
646,9
647,20
648,7
649,14
650,5
651,2
652,11
653,6
654,14
655,1
656,3
657,7
658,1
659,8
660,1
661,15
662,10
663,1
664,5
665,2
666,7
667,4
668,17
669,3
670,16
671,7
672,2
673,16
674,9
675,9
676,2
677,4
678,1
679,5
680,12
681,17
682,5
683,13
684,2
685,2
686,1
687,1
688,13
689,12
690,1
691,7
692,3
693,11
694,22
695,12
696,4
697,23
698,26
699,14
700,6
701,1
702,6
703,3
704,17
705,2
706,6
707,11
708,2
709,3
710,1
711,1
712,3
713,7
714,3
715,35
716,12
717,2
718,7
719,1
720,2
721,7
722,4
723,1
724,1
725,4
726,2
727,3
728,4
729,2
730,3
731,5
732,5
733,5
734,1
735,15
736,2
737,4
738,9
739,12
740,3
741,2
742,10
743,7
744,6
745,1
746,2
747,2
748,2
749,5
750,6
751,1
752,5
753,1
754,6
755,3
756,1
757,1
758,2
759,1
760,1
761,2
762,2
763,5
764,2
765,7
766,3
767,2
768,1
769,1
770,6
771,1
772,3
773,3
774,4
775,3
776,3
777,3
778,2
779,3
780,2
781,1
782,1
783,1
784,1
785,2
786,1
787,4
788,3
789,1
790,1
791,1
792,15
793,2
794,2
795,1
796,1
797,7
798,1
799,3
800,11
801,2
802,5
803,3
804,5
805,2
806,2
807,1
808,9
809,1
810,2
811,11
812,3
813,8
814,3
815,8
816,3
817,4
818,8
819,1
820,1
821,1
822,1
823,12
824,2
825,2
826,4
827,1
828,14
829,1
830,3
831,8
832,3
833,6
834,4
835,6
836,8
837,1
838,9
839,10
840,1
841,18
842,2
843,2
844,1
845,4
846,5
847,4
848,6
849,4
850,5
851,7
852,3
853,1
854,3
855,1
856,5
857,7
858,4
859,6
860,4
861,8
862,7
863,10
864,4
865,2
866,6
867,21
868,12
869,3
870,1
871,3
872,1
873,2
874,1
875,1
876,4
877,4
878,1
879,3
880,6
881,5
882,4
883,3
884,5
885,2
886,1
887,10
888,9
889,2
890,2
891,2
892,2
893,10
894,4
895,1
896,4
897,3
898,1
899,3
900,2
901,7
902,2
903,1
904,5
905,1
906,3
907,9
908,1
909,1
910,3
911,1
912,2
913,2
914,2
915,2
916,3
917,1
918,2
919,4
920,10
921,3
922,3
923,1
924,4
925,4
926,3
927,5
928,4
929,1
930,1
931,13
932,4
933,1
934,1
935,7
936,1
937,3
938,4
939,1
940,4
941,11
942,12
943,4
944,2
945,4
946,20
947,1
948,4
949,4
950,8
951,9
952,2
953,2
954,2
955,4
956,3
957,9
958,3
959,11
960,7
961,2
962,4
963,6
964,1
965,1
966,8
967,3
968,1
969,3
970,10
971,3
972,7
973,3
974,2
975,3
976,8
977,17
978,2
979,2
980,8
981,9
982,1
983,3
984,5
985,10
986,13
987,1
988,8
989,6
990,3
991,3
992,3
993,1
994,2
995,4
996,16
997,4
998,8
999,4
1000,3
1001,1
1002,5
1003,2
1004,10
1005,12
1006,6
1007,18
1008,10
1009,3
1010,6
1011,3
1012,2
1013,11
1014,5
1015,3
1016,12
1017,7
1018,12
1019,11
1020,5
1021,23
1022,6
1023,23
1024,6
1025,4
1026,6
1027,7
1028,5
1029,19
1030,6
1031,9
1032,3
1033,11
1034,3
1035,16
1036,9
1037,1
1038,2
1039,9
1040,6
1041,9
1042,4
1043,2
1044,3
1045,5
1046,6
1047,6
1048,10
1049,8
1050,7
1051,6
1052,3
1053,20
1054,15
1055,7
1056,1
1057,26
1058,23
1059,2
1060,4
1061,8
1062,1
1063,2
1064,5
1065,6
1066,12
1067,19
1068,14
1069,3
1070,1
1071,11
1072,33
1073,3
1074,3
1075,8
1076,3
1077,10
1078,21
1079,8
1080,2
1081,8
1082,1
1083,11
1084,9
1085,1
1086,1
1087,5
1088,11
1089,11
1090,3
1091,2
1092,16
1093,1
1094,4
1095,2
1096,10
1097,5
1098,3
1099,7
1100,6
1101,3
1102,4
1103,2
1104,1
1105,10
1106,4
1107,1
1108,21
1109,1
1110,6
1111,5
1112,2
1113,7
1114,3
1115,11
1116,11
1117,1
1118,1
1119,7
1120,9
1121,1
1122,2
1123,6
1124,8
1125,1
1126,5
1127,17
1128,5
1129,14
1130,7
1131,2
1132,4
1133,1
1134,2
1135,12
1136,14
1137,7
1138,1
1139,17
1140,8
1141,3
1142,5
1143,4
1144,4
1145,1
1146,7
1147,6
1148,16
1149,13
1150,1
1151,4
1152,9
1153,10
1154,3
1155,15
1156,9
1157,20
1158,1
1159,7
1160,11
1161,13
1162,3
1163,7
1164,2
1165,6
1166,1
1167,21
1168,9
1169,9
1170,3
1171,7
1172,2
1173,14
1174,11
1175,12
1176,4
1177,23
1178,1
1179,1
1180,31
1181,5
1182,15
1183,2
1184,9
1185,14
1186,12
1187,1
1188,27
1189,4
1190,15
1191,13
1192,1
1193,3
1194,9
1195,19
1196,3
1197,21
1198,6
1199,3
1200,6
1201,3
1202,2
1203,6
1204,14
1205,9
1206,14
1207,9
1208,11
1209,1
1210,3
1211,16
1212,25
1213,17
1214,5
1215,1
1216,9
1217,3
1218,9
1219,1
1220,5
1221,7
1222,7
1223,4
1224,1
1225,7
1226,2
1227,18
1228,1
1229,5
1230,5
1231,6
1232,1
1233,9
1234,3
1235,1
1236,9
1237,27
1238,1
1239,6
1240,1
1241,37
1242,1
1243,9
1244,11
1245,5
1246,9
1247,6
1248,14
1249,41
1250,6
1251,3
1252,10
1253,3
1254,5
1255,4
1256,2
1257,3
1258,2
1259,6
1260,1
1261,5
1262,1
1263,4
1264,3
1265,2
1266,16
1267,7
1268,9
1269,3
1270,4
1271,1
1272,3
1273,6
1274,4
1275,3
1276,1
1277,2
1278,6
1279,3
1280,3
1281,8
1282,6
1283,1
1284,15
1285,4
1286,7
1287,5
1288,5
1289,6
1290,3
1291,3
1292,2
1293,3
1294,6
1295,8
1296,2
1297,3
1298,5
1299,1
1300,1
1301,5
1302,2
1303,3
1304,1
1305,4
1306,8
1307,8
1308,1
1309,1
1310,2
1311,3
1312,1
1313,4
1314,10
1315,7
1316,2
1317,4
1318,3
1319,2
1320,1
1321,2
1322,4
1323,1
1324,3
1325,2
1326,1
1327,2
1328,3
1329,3
1330,8
1331,1
1332,1
1333,1
1334,1
1335,5
1336,13
1337,8
1338,8
1339,1
1340,7
1341,3
1342,1
1343,5
1344,1
1345,1
1346,3
1347,7
1348,7
1349,1
1350,4
1351,3
1352,2
1353,2
1354,1
1355,1
1356,5
1357,3
1358,1
1359,5
1360,8
1361,1
1362,1
1363,2
1364,3
1365,6
1366,2
1367,1
1368,2
1369,5
1370,17
1371,6
1372,1
1373,1
1374,2
1375,2
1376,1
1377,4
1378,3
1379,12
1380,7
1381,1
1382,7
1383,1
1384,7
1385,3
1386,2
1387,5
1388,7
1389,1
1390,2
1391,7
1392,2
1393,3
1394,3
1395,4
1396,2
1397,5
1398,3
1399,1
1400,2
1401,2
1402,3
1403,1
1404,5
1405,5
1406,4
1407,2
1408,8
1409,5
1410,5
1411,10
1412,3
1413,3
1414,1
1415,4
1416,6
1417,5
1418,3
1419,1
1420,3
1421,1
1422,1
1423,4
1424,1
1425,2
1426,4
1427,4
1428,6
1429,5
1430,1
1431,7
1432,6
1433,9
1434,2
1435,5
1436,2
1437,10
1438,11
1439,6
1440,2
1441,9
1442,17
1443,1
1444,3
1445,3
1446,1
1447,5
1448,4
1449,6
1450,9
1451,11
1452,2
1453,1
1454,11
1455,1
1456,2
1457,1
1458,6
1459,7
1460,2
1461,3
1462,2
1463,2
1464,6
1465,2
1466,1
1467,1
1468,1
1469,1
1470,3
1471,5
1472,8
1473,11
1474,2
1475,15
1476,2
1477,3
1478,7
1479,1
1480,2
1481,5
1482,3
1483,5
1484,1
1485,1
1486,2
1487,3
1488,1
1489,1
1490,5
1491,3
1492,1
1493,4
1494,3
1495,5
1496,2
1497,4
1498,3
1499,8
1500,1
1501,5
1502,1
1503,16
1504,14
1505,3
1506,3
1507,6
1508,5
1509,8
1510,6
1511,4
1512,4
1513,3
1514,2
1515,4
1516,9
1517,5
1518,1
1519,10
1520,3
1521,6
1522,10
1523,6
1524,4
1525,1
1526,1
1527,5
1528,2
1529,3
1530,15
1531,3
1532,5
1533,7
1534,2
1535,1
1536,2
1537,1
1538,1
1539,13
1540,7
1541,1
1542,3
1543,7
1544,3
1545,2
1546,1
1547,2
1548,8
1549,6
1550,1
1551,2
1552,3
1553,2
1554,4
1555,11
1556,7
1557,5
1558,2
1559,3
1560,2
1561,8
1562,4
1563,5
1564,4
1565,2
1566,1
1567,16
1568,1
1569,9
1570,1
1571,2
1572,1
1573,6
1574,6
1575,2
1576,6
1577,2
1578,8
1579,4
1580,4
1581,7
1582,5
1583,15
1584,7
1585,1
1586,2
1587,5
1588,5
1589,6
1590,1
1591,8
1592,3
1593,1
1594,6
1595,3
1596,6
1597,5
1598,6
1599,7
1600,1
1601,4
1602,1
1603,2
1604,2
1605,1
1606,2
1607,1
1608,1
1609,7
1610,4
1611,1
1612,2
1613,1
1614,1
1615,1
1616,6
1617,14
1618,1
1619,5
1620,4
1621,7
1622,5
1623,3
1624,6
1625,3
1626,13
1627,1
1628,5
1629,1
1630,1
1631,5
1632,2
1633,2
1634,1
1635,4
1636,1
1637,3
1638,8
1639,3
1640,7
1641,7
1642,2
1643,6
1644,2
1645,14
1646,9
1647,4
1648,6
1649,5
1650,7
1651,15
1652,7
1653,1
1654,1
1655,6
1656,2
1657,11
1658,1
1659,9
1660,12
1661,7
1662,4
1663,9
1664,2
1665,5
1666,4
1667,2
1668,5
1669,1
1670,5
1671,9
1672,2
1673,1
1674,17
1675,3
1676,3
1677,4
1678,5
1679,6
1680,4
1681,10
1682,6
1683,5
1684,10
1685,8
1686,22
1687,5
1688,6
1689,7
1690,5
1691,6
1692,3
1693,6
1694,4
1695,2
1696,4
1697,15
1698,4
1699,3
1700,1
1701,4
1702,4
1703,3
1704,8
1705,7
1706,6
1707,11
1708,2
1709,3
1710,18
1711,13
1712,3
1713,2
1714,4
1715,1
1716,14
1717,8
1718,9
1719,1
1720,3
1721,8
1722,20
1723,10
1724,6
1725,3
1726,3
1727,9
1728,3
1729,9
1730,5
1731,6
1732,1
1733,6
1734,3
1735,6
1736,8
1737,10
1738,1
1739,6
1740,2
1741,3
1742,3
1743,9
1744,3
1745,1
1746,2
1747,7
1748,14
1749,26
1750,11
1751,6
1752,3
1753,9
1754,17
1755,5
1756,9
1757,9
1758,6
1759,3
1760,4
1761,1
1762,5
1763,11
1764,1
1765,3
1766,13
1767,1
1768,21
1769,14
1770,6
1771,6
1772,6
1773,13
1774,9
1775,2
1776,3
1777,4
1778,16
1779,6
1780,6
1781,11
1782,18
1783,7
1784,14
1785,1
1786,13
1787,3
1788,10
1789,6
1790,13
1791,18
1792,20
1793,4
1794,2
1795,6
1796,1
1797,17
1798,23
1799,1
1800,9
1801,15
1802,8
1803,8
1804,2
1805,9
1806,17
1807,15
1808,22
1809,1
1810,14
1811,4
1812,14
1813,2
1814,5
1815,5
1816,20
1817,24
1818,8
1819,8
1820,28
1821,2
1822,8
1823,9
1824,15
1825,10
1826,1
1827,9
1828,10
1829,6
1830,11
1831,12
1832,1
1833,4
1834,4
1835,27
1836,21
1837,1
1838,9
1839,15
1840,5
1841,16
1842,2
1843,4
1844,34
1845,2
1846,9
1847,11
1848,6
1849,1
1850,6
1851,11
1852,6
1853,10
1854,15
1855,13
1856,2
1857,2
1858,13
1859,14
1860,5
1861,6
1862,18
1863,3
1864,30
1865,1
1866,5
1867,9
1868,5
1869,7
1870,27
1871,20
1872,4
1873,1
1874,13
1875,6
1876,11
1877,7
1878,21
1879,35
1880,16
1881,1
1882,9
1883,6
1884,11
1885,2
1886,16
1887,11
1888,6
1889,1
1890,3
1891,2
1892,6
1893,3
1894,3
1895,4
1896,1
1897,8
1898,12
1899,6
1900,3
1901,7
1902,12
1903,3
1904,4
1905,13
1906,1
1907,12
1908,14
1909,2
1910,2
1911,11
1912,21
1913,3
1914,1
1915,1
1916,3
1917,5
1918,15
1919,9
1920,6
1921,1
1922,2
1923,4
1924,7
1925,9
1926,2
1927,1
1928,2
1929,5
1930,3
1931,7
1932,3
1933,6
1934,2
1935,2
1936,8
1937,1
1938,2
1939,2
1940,1
1941,9
1942,3
1943,1
1944,6
1945,3
1946,1
1947,1
1948,5
1949,5
1950,5
1951,1
1952,1
1953,2
1954,10
1955,5
1956,2
1957,11
1958,1
1959,1
1960,1
1961,8
1962,14
1963,13
1964,11
1965,7
1966,5
1967,3
1968,7
1969,13
1970,4
1971,6
1972,3
1973,3
1974,9
1975,1
1976,1
1977,1
1978,2
1979,3
1980,6
1981,3
1982,7
1983,9
1984,7
1985,1
1986,18
1987,6
1988,28
1989,1
1990,8
1991,3
1992,8
1993,7
1994,2
1995,4
1996,1
1997,2
1998,3
1999,3
2000,1
2001,15
2002,1
2003,1
2004,5
2005,1
2006,12
2007,2
2008,1
2009,1
2010,2
2011,1
2012,2
2013,7
2014,1
2015,6
2016,3
2017,4
2018,1
2019,7
2020,9
2021,1
2022,3
2023,3
2024,5
2025,3
2026,3
2027,8
2028,8
2029,3
2030,12
2031,13
2032,3
2033,7
2034,13
2035,3
2036,3
2037,4
2038,3
2039,5
2040,3
2041,14
2042,6
2043,3
2044,2
2045,8
2046,3
2047,1
2048,3
2049,2
2050,1
2051,11
2052,1
2053,3
2054,8
2055,5
2056,11
2057,1
2058,9
2059,7
2060,5
2061,6
2062,2
2063,1
2064,4
2065,7
2066,12
2067,7
2068,11
2069,7
2070,1
2071,8
2072,7
2073,4
2074,3
2075,2
2076,1
2077,1
2078,4
2079,8
2080,9
2081,1
2082,1
2083,4
2084,2
2085,18
2086,8
2087,7
2088,3
2089,2
2090,9
2091,1
2092,7
2093,3
2094,8
2095,3
2096,4
2097,9
2098,2
2099,3
2100,4
2101,4
2102,7
2103,1
2104,4
2105,8
2106,2
2107,3
2108,2
2109,10
2110,1
2111,8
2112,4
2113,7
2114,1
2115,4
2116,1
2117,13
2118,1
2119,7
2120,3
2121,4
2122,5
2123,11
2124,2
2125,3
2126,23
2127,13
2128,1
2129,1
2130,2
2131,2
2132,7
2133,10
2134,2
2135,6
2136,3
2137,4
2138,5
2139,2
2140,6
2141,4
2142,2
2143,4
2144,6
2145,14
2146,1
2147,6
2148,4
2149,12
2150,5
2151,1
2152,2
2153,3
2154,10
2155,8
2156,4
2157,5
2158,10
2159,2
2160,4
2161,14
2162,6
2163,1
2164,2
2165,15
2166,1
2167,3
2168,1
2169,1
2170,1
2171,5
2172,4
2173,3
2174,9
2175,11
2176,6
2177,1
2178,8
2179,4
2180,3
2181,7
2182,11
2183,12
2184,5
2185,6
2186,15
2187,1
2188,9
2189,6
2190,5
2191,6
2192,4
2193,1
2194,6
2195,19
2196,1
2197,5
2198,6
2199,19
2200,6
2201,2
2202,9
2203,23
2204,4
2205,11
2206,1
2207,5
2208,7
2209,6
2210,6
2211,6
2212,7
2213,2
2214,10
2215,3
2216,15
2217,15
2218,15
2219,2
2220,2
2221,19
2222,1
2223,4
2224,6
2225,12
2226,2
2227,4
2228,9
2229,12
2230,7
2231,1
2232,2
2233,8
2234,9
2235,2
2236,3
2237,10
2238,2
2239,4
2240,5
2241,2
2242,1
2243,4
2244,6
2245,15
2246,19
2247,6
2248,2
2249,2
2250,12
2251,8
2252,23
2253,13
2254,4
2255,4
2256,3
2257,15
2258,7
2259,10
2260,4
2261,3
2262,17
2263,7
2264,17
2265,4
2266,1
2267,3
2268,5
2269,14
2270,26
2271,7
2272,4
2273,14
2274,7
2275,11
2276,29
2277,7
2278,9
2279,7
2280,6
2281,10
2282,4
2283,4
2284,1
2285,16
2286,5
2287,4
2288,8
2289,1
2290,4
2291,1
2292,1
2293,4
2294,24
2295,6
2296,6
2297,6
2298,10
2299,40
2300,18
2301,10
2302,8
2303,25
2304,3
2305,6
2306,4
2307,2
2308,9
2309,11
2310,8
2311,4
2312,1
2313,18
2314,5
2315,2
2316,3
2317,9
2318,3
2319,21
2320,3
2321,22
2322,2
2323,20
2324,3
2325,8
2326,14
2327,14
2328,1
2329,2
2330,1
2331,10
2332,4
2333,8
2334,22
2335,2
2336,2
2337,11
2338,3
2339,6
2340,10
2341,4
2342,13
2343,7
2344,23
2345,6
2346,1
2347,10
2348,47
2349,13
2350,5
2351,1
2352,9
2353,5
2354,1
2355,15
2356,13
2357,5
2358,1
2359,22
2360,2
2361,21
2362,4
2363,13
2364,6
2365,5
2366,1
2367,2
2368,7
2369,1
2370,9
2371,15
2372,31
2373,58
2374,8
2375,44
2376,18
2377,43
2378,34
2379,11
2380,7
2381,7
2382,2
2383,18
2384,2
2385,4
2386,7
2387,11
2388,10
2389,20
2390,2
2391,26
2392,25
2393,5
2394,1
2395,11
2396,31
2397,3
2398,3
2399,20
2400,3
2401,12
2402,3
2403,10
2404,2
2405,18
2406,5
2407,43
2408,17
2409,38
2410,21
2411,6
2412,5
2413,5
2414,4
2415,6
2416,8
2417,2
2418,23
2419,5
2420,38
2421,2
2422,4
2423,7
2424,1
2425,1
2426,34
2427,37
2428,30
2429,3
2430,10
2431,7
2432,14
2433,18
2434,4
2435,8
2436,7
2437,16
2438,21
2439,7
2440,16
2441,14
2442,11
2443,14
2444,6
2445,9
2446,12
2447,29
2448,56
2449,26
2450,10
2451,23
2452,11
2453,14
2454,1
2455,12
2456,3
2457,15
2458,9
2459,6
2460,3
2461,6
2462,33
2463,6
2464,8
2465,12
2466,13
2467,3
2468,9
2469,5
2470,8
2471,2
2472,1
2473,15
2474,34
2475,23
2476,24
2477,8
2478,2
2479,7
2480,14
2481,20
2482,21
2483,20
2484,35
2485,29
2486,9
2487,1
2488,7
2489,14
2490,2
2491,6
2492,3
2493,1
2494,5
2495,10
2496,23
2497,2
2498,18
2499,1
2500,8
2501,4
2502,6
2503,4
2504,2
2505,11
2506,40
2507,8
2508,5
2509,1
2510,18
2511,3
2512,24
2513,15
2514,12
2515,25
2516,28
2517,8
2518,3
2519,53
2520,8
2521,26
2522,36
2523,3
2524,16
2525,20
2526,11
2527,5
2528,53
2529,14
2530,4
2531,2
2532,16
2533,25
2534,7
2535,35
2536,64
2537,25
2538,16
2539,11
2540,15
2541,29
2542,6
2543,1
2544,4
2545,19
2546,1
2547,8
2548,3
2549,4
2550,15
2551,21
2552,3
2553,22
2554,16
2555,17
2556,13
2557,11
2558,8
2559,4
2560,1
2561,16
2562,24
2563,13
2564,6
2565,7
2566,55
2567,16
2568,3
2569,20
2570,5
2571,12
2572,17
2573,17
2574,18
2575,10
2576,53
2577,41
2578,3
2579,16
2580,16
2581,2
2582,1
2583,55
2584,8
2585,10
2586,14
2587,6
2588,4
2589,57
2590,39
2591,9
2592,3
2593,26
2594,14
2595,1
2596,5
2597,12
2598,18
2599,25
2600,11
2601,26
2602,7
2603,30
2604,3
2605,3
2606,51
2607,8
2608,31
2609,4
2610,14
2611,18
2612,5
2613,2
2614,2
2615,41
2616,3
2617,14
2618,14
2619,1
2620,10
2621,16
2622,14
2623,9
2624,3
2625,7
2626,19
2627,32
2628,40
2629,2
2630,25
2631,2
2632,14
2633,1
2634,25
2635,10
2636,17
2637,1
2638,3
2639,14
2640,3
2641,5
2642,21
2643,3
2644,7
2645,13
2646,11
2647,4
2648,6
2649,15
2650,1
2651,14
2652,10
2653,19
2654,27
2655,7
2656,2
2657,3
2658,16
2659,8
2660,36
2661,6
2662,8
2663,9
2664,5
2665,2
2666,3
2667,6
2668,1
2669,12
2670,31
2671,6
2672,3
2673,15
2674,9
2675,13
2676,8
2677,12
2678,10
2679,23
2680,7
2681,15
2682,9
2683,1
2684,8
2685,8
2686,26
2687,5
2688,27
2689,19
2690,5
2691,1
2692,4
2693,22
2694,25
2695,4
2696,1
2697,5
2698,1
2699,18
2700,1
2701,10
2702,4
2703,12
2704,5
2705,12
2706,4
2707,4
2708,2
2709,10
2710,8
2711,2
2712,8
2713,17
2714,13
2715,25
2716,4
2717,8
2718,3
2719,8
2720,2
2721,23
2722,7
2723,11
2724,4
2725,42
2726,18
2727,33
2728,16
2729,8
2730,1
2731,2
2732,46
2733,29
2734,31
2735,25
2736,27
2737,20
2738,17
2739,15
2740,21
2741,2
2742,18
2743,7
2744,30
2745,6
2746,13
2747,21
2748,11
2749,14
2750,35
2751,23
2752,37
2753,5
2754,10
2755,12
2756,10
2757,30
2758,17
2759,11
2760,13
2761,1
2762,15
2763,7
2764,13
2765,4
2766,4
2767,1
2768,9
2769,1
2770,6
2771,25
2772,10
2773,62
2774,6
2775,2
2776,2
2777,30
2778,15
2779,2
2780,5
2781,16
2782,1
2783,12
2784,17
2785,65
2786,31
2787,3
2788,7
2789,7
2790,5
2791,27
2792,12
2793,23
2794,2
2795,10
2796,1
2797,5
2798,22
2799,1
2800,15
2801,1
2802,27
2803,15
2804,9
2805,17
2806,1
2807,3
2808,14
2809,1
2810,22
2811,4
2812,12
2813,7
2814,7
2815,1
2816,18
2817,4
2818,5
2819,9
2820,7
2821,11
2822,4
2823,4
2824,3
2825,10
2826,3
2827,1
2828,1
2829,5
2830,6
2831,19
2832,4
2833,6
2834,1
2835,16
2836,3
2837,2
2838,9
2839,19
2840,7
2841,18
2842,7
2843,14
2844,7
2845,5
2846,1
2847,14
2848,6
2849,4
2850,8
2851,1
2852,6
2853,5
2854,16
2855,8
2856,5
2857,11
2858,7
2859,1
2860,22
2861,11
2862,4
2863,7
2864,16
2865,7
2866,5
2867,7
2868,4
2869,5
2870,7
2871,6
2872,9
2873,3
2874,3
2875,4
2876,2
2877,1
2878,5
2879,2
2880,5
2881,18
2882,1
2883,13
2884,1
2885,1
2886,6
2887,2
2888,8
2889,6
2890,12
2891,4
2892,7
2893,11
2894,10
2895,1
2896,18
2897,4
2898,23
2899,5
2900,2
2901,13
2902,16
2903,14
2904,7
2905,13
2906,4
2907,20
2908,10
2909,7
2910,13
2911,3
2912,1
2913,1
2914,10
2915,6
2916,22
2917,4
2918,18
2919,7
2920,1
2921,6
2922,1
2923,4
2924,11
2925,4
2926,4
2927,7
2928,8
2929,14
2930,3
2931,3
2932,11
2933,8
2934,10
2935,6
2936,2
2937,1
2938,3
2939,15
2940,4
2941,1
2942,7
2943,15
2944,6
2945,1
2946,8
2947,2
2948,6
2949,5
2950,1
2951,9
2952,2
2953,1
2954,3
2955,5
2956,2
2957,5
2958,1
2959,8
2960,10
2961,6
2962,6
2963,3
2964,4
2965,3
2966,10
2967,9
2968,4
2969,20
2970,17
2971,16
2972,5
2973,1
2974,3
2975,1
2976,2
2977,1
2978,1
2979,4
2980,14
2981,3
2982,10
2983,3
2984,2
2985,8
2986,4
2987,13
2988,6
2989,7
2990,1
2991,5
2992,4
2993,2
2994,1
2995,1
2996,11
2997,2
2998,7
2999,6
3000,2
3001,1
3002,12
3003,7
3004,3
3005,7
3006,14
3007,1
3008,10
3009,2
3010,6
3011,19
3012,17
3013,9
3014,8
3015,3
3016,1
3017,7
3018,1
3019,3
3020,6
3021,1
3022,2
3023,3
3024,2
3025,4
3026,1
3027,4
3028,14
3029,8
3030,1
3031,19
3032,2
3033,8
3034,1
3035,3
3036,1
3037,10
3038,4
3039,5
3040,2
3041,4
3042,9
3043,18
3044,4
3045,10
3046,2
3047,3
3048,9
3049,2
3050,3
3051,1
3052,4
3053,13
3054,1
3055,2
3056,5
3057,4
3058,1
3059,8
3060,1
3061,3
3062,12
3063,5
3064,5
3065,4
3066,1
3067,19
3068,25
3069,11
3070,3
3071,22
3072,3
3073,9
3074,7
3075,14
3076,1
3077,5
3078,10
3079,14
3080,1
3081,3
3082,2
3083,1
3084,23
3085,8
3086,5
3087,1
3088,9
3089,1
3090,24
3091,1
3092,2
3093,19
3094,2
3095,4
3096,11
3097,6
3098,15
3099,30
3100,8
3101,2
3102,2
3103,35
3104,37
3105,10
3106,1
3107,5
3108,14
3109,2
3110,2
3111,41
3112,7
3113,11
3114,28
3115,1
3116,6
3117,1
3118,6
3119,1
3120,19
3121,9
3122,7
3123,2
3124,4
3125,4
3126,5
3127,1
3128,4
3129,12
3130,14
3131,3
3132,12
3133,1
3134,2
3135,14
3136,10
3137,3
3138,7
3139,5
3140,6
3141,6
3142,10
3143,2
3144,6
3145,1
3146,16
3147,5
3148,1
3149,20
3150,5
3151,7
3152,10
3153,2
3154,16
3155,7
3156,7
3157,13
3158,8
3159,13
3160,16
3161,12
3162,5
3163,3
3164,4
3165,1
3166,3
3167,11
3168,3
3169,19
3170,3
3171,7
3172,4
3173,8
3174,7
3175,1
3176,1
3177,5
3178,14
3179,5
3180,6
3181,3
3182,8
3183,3
3184,15
3185,6
3186,10
3187,2
3188,7
3189,2
3190,5
3191,4
3192,1
3193,2
3194,9
3195,22
3196,7
3197,2
3198,1
3199,7
3200,4
3201,3
3202,3
3203,3
3204,23
3205,4
3206,2
3207,1
3208,2
3209,9
3210,23
3211,24
3212,19
3213,7
3214,29
3215,11
3216,5
3217,11
3218,14
3219,20
3220,1
3221,9
3222,4
3223,21
3224,9
3225,1
3226,4
3227,7
3228,1
3229,2
3230,2
3231,4
3232,1
3233,16
3234,6
3235,8
3236,3
3237,2
3238,13
3239,13
3240,9
3241,3
3242,1
3243,3
3244,1
3245,3
3246,1
3247,4
3248,15
3249,11
3250,8
3251,1
3252,14
3253,13
3254,10
3255,1
3256,3
3257,5
3258,20
3259,6
3260,4
3261,4
3262,8
3263,15
3264,17
3265,4
3266,3
3267,6
3268,2
3269,3
3270,1
3271,1
3272,1
3273,2
3274,2
3275,4
3276,1
3277,6
3278,2
3279,2
3280,4
3281,1
3282,4
3283,3
3284,2
3285,1
3286,3
3287,1
3288,4
3289,5
3290,9
3291,4
3292,1
3293,2
3294,2
3295,3
3296,2
3297,3
3298,2
3299,1
3300,1
3301,7
3302,1
3303,1
3304,10
3305,4
3306,3
3307,3
3308,1
3309,7
3310,2
3311,4
3312,1
3313,8
3314,7
3315,1
3316,6
3317,5
3318,1
3319,6
3320,3
3321,11
3322,4
3323,2
3324,2
3325,16
3326,5
3327,8
3328,1
3329,6
3330,3
3331,5
3332,10
3333,3
3334,5
3335,4
3336,1
3337,3
3338,1
3339,11
3340,3
3341,3
3342,1
3343,1
3344,2
3345,1
3346,3
3347,2
3348,7
3349,2
3350,6
3351,5
3352,4
3353,1
3354,2
3355,9
3356,3
3357,1
3358,1
3359,3
3360,2
3361,11
3362,6
3363,1
3364,1
3365,8
3366,2
3367,3
3368,4
3369,4
3370,1
3371,1
3372,2
3373,17
3374,6
3375,4
3376,1
3377,2
3378,7
3379,12
3380,6
3381,2
3382,8
3383,2
3384,18
3385,4
3386,9
3387,4
3388,1
3389,6
3390,11
3391,10
3392,1
3393,3
3394,1
3395,1
3396,3
3397,5
3398,15
3399,8
3400,1
3401,1
3402,2
3403,7
3404,5
3405,9
3406,1
3407,17
3408,4
3409,1
3410,1
3411,3
3412,10
3413,6
3414,8
3415,7
3416,1
3417,2
3418,1
3419,2
3420,8
3421,5
3422,3
3423,19
3424,2
3425,3
3426,5
3427,4
3428,3
3429,3
3430,7
3431,4
3432,4
3433,6
3434,9
3435,4
3436,13
3437,14
3438,1
3439,1
3440,5
3441,4
3442,12
3443,1
3444,2
3445,1
3446,3
3447,4
3448,2
3449,3
3450,2
3451,2
3452,1
3453,3
3454,2
3455,2
3456,20
3457,3
3458,2
3459,6
3460,2
3461,4
3462,4
3463,14
3464,7
3465,5
3466,2
3467,6
3468,8
3469,12
3470,1
3471,2
3472,1
3473,2
3474,2
3475,2
3476,2
3477,1
3478,6
3479,1
3480,6
3481,1
3482,3
3483,1
3484,5
3485,4
3486,3
3487,3
3488,2
3489,2
3490,1
3491,4
3492,1
3493,4
3494,1
3495,2
3496,1
3497,2
3498,10
3499,3
3500,2
3501,1
3502,1
3503,2
3504,11
3505,7
3506,1
3507,4
3508,2
3509,3
3510,1
3511,3
3512,4
3513,9
3514,7
3515,1
3516,1
3517,2
3518,2
3519,1
3520,1
3521,1
3522,9
3523,3
3524,3
3525,3
3526,3
3527,1
3528,1
3529,4
3530,2
3531,2
3532,3
3533,5
3534,6
3535,5
3536,7
3537,1
3538,1
3539,7
3540,2
3541,7
3542,5
3543,4
3544,3
3545,1
3546,4
3547,4
3548,11
3549,2
3550,3
3551,5
3552,7
3553,1
3554,3
3555,4
3556,3
3557,2
3558,4
3559,1
3560,1
3561,2
3562,2
3563,1
3564,2
3565,1
3566,2
3567,3
3568,4
3569,8
3570,1
3571,6
3572,2
3573,3
3574,1
3575,2
3576,2
3577,1
3578,3
3579,3
3580,4
3581,13
3582,8
3583,7
3584,5
3585,2
3586,6
3587,4
3588,3
3589,1
3590,2
3591,7
3592,1
3593,1
3594,1
3595,1
3596,3
3597,4
3598,1
3599,7
3600,2
3601,9
3602,1
3603,4
3604,4
3605,2
3606,1
3607,3
3608,1
3609,1
3610,6
3611,2
3612,4
3613,4
3614,1
3615,1
3616,5
3617,1
3618,4
3619,1
3620,3
3621,13
3622,2
3623,2
3624,2
3625,13
3626,1
3627,5
3628,3
3629,4
3630,1
3631,3
3632,4
3633,1
3634,4
3635,1
3636,2
3637,4
3638,1
3639,4
3640,5
3641,3
3642,2
3643,2
3644,8
3645,4
3646,1
3647,6
3648,5
3649,1
3650,1
3651,9
3652,7
3653,2
3654,1
3655,2
3656,2
3657,1
3658,3
3659,11
3660,3
3661,2
3662,3
3663,4
3664,3
3665,4
3666,2
3667,2
3668,1
3669,2
3670,2
3671,3
3672,4
3673,1
3674,3
3675,1
3676,5
3677,2
3678,2
3679,2
3680,5
3681,2
3682,1
3683,6
3684,2
3685,1
3686,8
3687,1
3688,2
3689,1
3690,1
3691,1
3692,1
3693,1
3694,3
3695,5
3696,7
3697,1
3698,2
3699,1
3700,2
3701,4
3702,5
3703,1
3704,4
3705,2
3706,2
3707,2
3708,1
3709,1
3710,2
3711,2
3712,2
3713,1
3714,5
3715,3
3716,1
3717,1
3718,1
3719,2
3720,8
3721,4
3722,2
3723,2
3724,1
3725,5
3726,7
3727,5
3728,2
3729,1
3730,1
3731,5
3732,9
3733,1
3734,3
3735,2
3736,2
3737,12
3738,1
3739,5
3740,1
3741,1
3742,2
3743,2
3744,1
3745,4
3746,1
3747,1
3748,5
3749,4
3750,1
3751,1
3752,1
3753,1
3754,3
3755,3
3756,1
3757,2
3758,3
3759,2
3760,3
3761,2
3762,3
3763,1
3764,1
3765,2
3766,3
3767,3
3768,1
3769,2
3770,5
3771,3
3772,3
3773,1
3774,2
3775,2
3776,6
3777,2
3778,3
3779,4
3780,4
3781,2
3782,4
3783,7
3784,2
3785,7
3786,5
3787,2
3788,3
3789,4
3790,1
3791,1
3792,2
3793,1
3794,3
3795,2
3796,4
3797,2
3798,1
3799,2
3800,2
3801,2
3802,1
3803,3
3804,1
3805,2
3806,1
3807,1
3808,2
3809,2
3810,2
3811,4
3812,3
3813,3
3814,3
3815,2
3816,2
3817,3
3818,1
3819,13
3820,6
3821,1
3822,1
3823,3
3824,2
3825,2
3826,5
3827,1
3828,1
3829,8
3830,1
3831,1
3832,3
3833,1
3834,1
3835,4
3836,2
3837,3
3838,6
3839,2
3840,1
3841,2
3842,2
3843,4
3844,2
3845,6
3846,2
3847,2
3848,2
3849,1
3850,1
3851,3
3852,3
3853,3
3854,5
3855,1
3856,5
3857,3
3858,4
3859,4
3860,1
3861,4
3862,2
3863,3
3864,10
3865,5
3866,1
3867,1
3868,5
3869,1
3870,3
3871,3
3872,2
3873,1
3874,6
3875,2
3876,4
3877,5
3878,2
3879,4
3880,6
3881,1
3882,9
3883,7
3884,2
3885,3
3886,2
3887,1
3888,5
3889,3
3890,3
3891,1
3892,4
3893,1
3894,6
3895,1
3896,3
3897,4
3898,1
3899,2
3900,3
3901,3
3902,6
3903,6
3904,5
3905,1
3906,6
3907,4
3908,8
3909,7
3910,4
3911,24
3912,1
3913,15
3914,2
3915,1
3916,5
3917,10
3918,3
3919,20
3920,35
3921,20
3922,3
3923,3
3924,10
3925,4
3926,1
3927,8
3928,2
3929,22
3930,6
3931,4
3932,1
3933,13
3934,1
3935,6
3936,1
3937,9
3938,36
3939,4
3940,30
3941,3
3942,5
3943,1
3944,4
3945,19
3946,15
3947,4
3948,2
3949,2
3950,2
3951,5
3952,11
3953,6
3954,14
3955,3
3956,3
3957,7
3958,1
3959,18
3960,6
3961,5
3962,1
3963,1
3964,6
3965,2
3966,11
3967,17
3968,1
3969,1
3970,3
3971,5
3972,6
3973,1
3974,1
3975,1
3976,9
3977,2
3978,7
3979,2
3980,2
3981,4
3982,3
3983,6
3984,3
3985,7
3986,6
3987,15
3988,6
3989,2
3990,1
3991,4
3992,5
3993,2
3994,3
3995,1
3996,1
3997,8
3998,2
3999,1
4000,2
4001,3
4002,4
4003,3
4004,3
4005,1
4006,8
4007,5
4008,5
4009,2
4010,9
4011,1
4012,4
4013,5
4014,1
4015,3
4016,1
4017,9
4018,5
4019,2
4020,1
4021,13
4022,8
4023,5
4024,10
4025,18
4026,2
4027,1
4028,1
4029,1
4030,5
4031,2
4032,3
4033,6
4034,10
4035,13
4036,1
4037,5
4038,5
4039,2
4040,2
4041,12
4042,3
4043,12
4044,2
4045,4
4046,2
4047,6
4048,6
4049,2
4050,11
4051,2
4052,2
4053,1
4054,10
4055,5
4056,1
4057,16
4058,14
4059,8
4060,13
4061,1
4062,12
4063,1
4064,3
4065,2
4066,11
4067,6
4068,2
4069,2
4070,4
4071,3
4072,3
4073,5
4074,14
4075,5
4076,3
4077,3
4078,2
4079,1
4080,3
4081,9
4082,1
4083,15
4084,1
4085,2
4086,3
4087,5
4088,1
4089,4
4090,3
4091,6
4092,1
4093,5
4094,14
4095,6
4096,8
4097,2
4098,2
4099,1
4100,6
4101,2
4102,2
4103,1
4104,3
4105,24
4106,2
4107,1
4108,6
4109,4
4110,16
4111,3
4112,3
4113,1
4114,4
4115,13
4116,4
4117,4
4118,1
4119,1
4120,4
4121,1
4122,4
4123,3
4124,13
4125,7
4126,2
4127,1
4128,11
4129,12
4130,1
4131,2
4132,1
4133,1
4134,7
4135,2
4136,7
4137,12
4138,1
4139,7
4140,8
4141,2
4142,3
4143,6
4144,3
4145,6
4146,6
4147,1
4148,3
4149,6
4150,5
4151,1
4152,4
4153,9
4154,3
4155,8
4156,5
4157,2
4158,2
4159,3
4160,4
4161,15
4162,2
4163,3
4164,4
4165,5
4166,9
4167,10
4168,6
4169,19
4170,3
4171,3
4172,7
4173,4
4174,2
4175,6
4176,2
4177,14
4178,1
4179,1
4180,10
4181,9
4182,5
4183,2
4184,7
4185,1
4186,2
4187,4
4188,1
4189,3
4190,1
4191,4
4192,17
4193,13
4194,22
4195,10
4196,1
4197,5
4198,1
4199,1
4200,9
4201,1
4202,14
4203,6
4204,2
4205,2
4206,12
4207,15
4208,5
4209,9
4210,3
4211,6
4212,1
4213,6
4214,1
4215,3
4216,3
4217,10
4218,1
4219,2
4220,11
4221,4
4222,14
4223,12
4224,3
4225,4
4226,1
4227,16
4228,4
4229,15
4230,6
4231,6
4232,2
4233,5
4234,1
4235,1
4236,2
4237,6
4238,1
4239,4
4240,1
4241,6
4242,1
4243,5
4244,3
4245,1
4246,1
4247,12
4248,10
4249,17
4250,2
4251,10
4252,3
4253,5
4254,7
4255,3
4256,2
4257,8
4258,12
4259,8
4260,5
4261,3
4262,4
4263,1
4264,4
4265,3
4266,5
4267,8
4268,1
4269,3
4270,1
4271,1
4272,5
4273,2
4274,6
4275,2
4276,3
4277,3
4278,8
4279,4
4280,4
4281,4
4282,6
4283,2
4284,4
4285,13
4286,1
4287,4
4288,3
4289,3
4290,7
4291,16
4292,1
4293,3
4294,1
4295,8
4296,11
4297,2
4298,2
4299,8
4300,2
4301,4
4302,2
4303,5
4304,1
4305,11
4306,3
4307,1
4308,1
4309,4
4310,5
4311,2
4312,1
4313,4
4314,1
4315,10
4316,1
4317,12
4318,4
4319,5
4320,1
4321,3
4322,1
4323,6
4324,1
4325,2
4326,6
4327,4
4328,2
4329,3
4330,6
4331,6
4332,4
4333,5
4334,4
4335,5
4336,4
4337,4
4338,8
4339,1
4340,2
4341,7
4342,5
4343,7
4344,2
4345,2
4346,3
4347,2
4348,8
4349,8
4350,5
4351,3
4352,8
4353,4
4354,2
4355,2
4356,1
4357,2
4358,2
4359,5
4360,1
4361,3
4362,5
4363,9
4364,2
4365,4
4366,2
4367,3
4368,1
4369,7
4370,6
4371,12
4372,3
4373,1
4374,2
4375,7
4376,2
4377,1
4378,1
4379,1
4380,1
4381,1
4382,6
4383,1
4384,3
4385,4
4386,2
4387,1
4388,4
4389,1
4390,2
4391,2
4392,2
4393,3
4394,1
4395,1
4396,1
4397,4
4398,4
4399,2
4400,3
4401,2
4402,5
4403,5
4404,1
4405,1
4406,2
4407,1
4408,5
4409,4
4410,8
4411,3
4412,3
4413,4
4414,4
4415,2
4416,1
4417,7
4418,1
4419,1
4420,1
4421,1
4422,3
4423,3
4424,2
4425,2
4426,1
4427,1
4428,7
4429,1
4430,1
4431,4
4432,2
4433,4
4434,2
4435,4
4436,2
4437,3
4438,2
4439,1
4440,7
4441,5
4442,3
4443,1
4444,1
4445,2
4446,1
4447,1
4448,1
4449,3
4450,1
4451,1
4452,2
4453,1
4454,2
4455,1
4456,1
4457,2
4458,6
4459,1
4460,3
4461,3
4462,6
4463,18
4464,1
4465,1
4466,1
4467,1
4468,7
4469,15
4470,1
4471,16
4472,3
4473,1
4474,1
4475,1
4476,2
4477,1
4478,2
4479,2
4480,1
4481,6
4482,3
4483,6
4484,8
4485,2
4486,3
4487,1
4488,3
4489,5
4490,1
4491,1
4492,7
4493,8
4494,2
4495,8
4496,1
4497,4
4498,1
4499,2
4500,4
4501,2
4502,1
4503,4
4504,1
4505,1
4506,1
4507,5
4508,4
4509,4
4510,6
4511,5
4512,3
4513,3
4514,13
4515,8
4516,1
4517,2
4518,2
4519,1
4520,2
4521,1
4522,6
4523,6
4524,3
4525,1
4526,2
4527,1
4528,3
4529,2
4530,2
4531,1
4532,2
4533,4
4534,5
4535,4
4536,2
4537,6
4538,2
4539,4
4540,1
4541,3
4542,4
4543,2
4544,7
4545,1
4546,2
4547,6
4548,4
4549,3
4550,1
4551,2
4552,3
4553,1
4554,4
4555,4
4556,2
4557,3
4558,9
4559,1
4560,5
4561,3
4562,1
4563,3
4564,3
4565,9
4566,2
4567,5
4568,4
4569,1
4570,1
4571,1
4572,2
4573,1
4574,4
4575,1
4576,1
4577,1
4578,1
4579,2
4580,7
4581,1
4582,2
4583,4
4584,4
4585,4
4586,12
4587,1
4588,3
4589,4
4590,1
4591,3
4592,5
4593,7
4594,7
4595,3
4596,5
4597,4
4598,2
4599,14
4600,4
4601,3
4602,2
4603,1
4604,4
4605,2
4606,3
4607,3
4608,1
4609,9
4610,7
4611,5
4612,1
4613,4
4614,1
4615,1
4616,2
4617,4
4618,5
4619,3
4620,3
4621,12
4622,8
4623,14
4624,8
4625,15
4626,13
4627,9
4628,4
4629,8
4630,5
4631,9
4632,19
4633,17
4634,3
4635,4
4636,2
4637,11
4638,20
4639,4
4640,10
4641,10
4642,31
4643,5
4644,21
4645,2
4646,3
4647,7
4648,1
4649,18
4650,8
4651,17
4652,4
4653,6
4654,4
4655,7
4656,9
4657,4
4658,7
4659,22
4660,2
4661,1
4662,7
4663,21
4664,1
4665,12
4666,5
4667,13
4668,2
4669,11
4670,10
4671,4
4672,3
4673,5
4674,18
4675,2
4676,2
4677,16
4678,2
4679,3
4680,6
4681,7
4682,1
4683,2
4684,13
4685,13
4686,9
4687,13
4688,4
4689,1
4690,16
4691,22
4692,12
4693,5
4694,7
4695,2
4696,5
4697,1
4698,2
4699,5
4700,2
4701,8
4702,3
4703,6
4704,5
4705,1
4706,7
4707,9
4708,9
4709,16
4710,10
4711,6
4712,10
4713,6
4714,5
4715,4
4716,4
4717,1
4718,2
4719,3
4720,13
4721,9
4722,5
4723,8
4724,4
4725,11
4726,5
4727,4
4728,4
4729,7
4730,3
4731,3
4732,7
4733,10
4734,5
4735,1
4736,9
4737,3
4738,2
4739,6
4740,10
4741,5
4742,6
4743,3
4744,6
4745,4
4746,7
4747,7
4748,11
4749,2
4750,7
4751,3
4752,3
4753,3
4754,1
4755,18
4756,2
4757,3
4758,10
4759,8
4760,12
4761,1
4762,9
4763,2
4764,2
4765,2
4766,3
4767,10
4768,1
4769,4
4770,11
4771,6
4772,7
4773,3
4774,2
4775,2
4776,8
4777,2
4778,11
4779,1
4780,1
4781,2
4782,5
4783,8
4784,6
4785,1
4786,3
4787,5
4788,10
4789,2
4790,2
4791,6
4792,4
4793,2
4794,4
4795,3
4796,1
4797,18
4798,5
4799,6
4800,9
4801,11
4802,15
4803,25
4804,16
4805,2
4806,29
4807,3
4808,4
4809,6
4810,17
4811,7
4812,7
4813,35
4814,8
4815,15
4816,21
4817,2
4818,16
4819,10
4820,2
4821,13
4822,13
4823,7
4824,14
4825,7
4826,15
4827,28
4828,17
4829,1
4830,2
4831,17
4832,11
4833,26
4834,6
4835,1
4836,1
4837,9
4838,3
4839,6
4840,3
4841,17
4842,7
4843,17
4844,13
4845,4
4846,20
4847,4
4848,1
4849,4
4850,15
4851,2
4852,5
4853,36
4854,21
4855,4
4856,9
4857,2
4858,18
4859,19
4860,9
4861,7
4862,4
4863,15
4864,1
4865,27
4866,4
4867,12
4868,6
4869,4
4870,7
4871,4
4872,1
4873,2
4874,5
4875,2
4876,7
4877,4
4878,4
4879,5
4880,3
4881,2
4882,23
4883,7
4884,4
4885,4
4886,9
4887,3
4888,1
4889,2
4890,6
4891,5
4892,4
4893,8
4894,4
4895,3
4896,2
4897,2
4898,6
4899,16
4900,5
4901,1
4902,6
4903,1
4904,1
4905,1
4906,11
4907,4
4908,1
4909,4
4910,4
4911,2
4912,2
4913,10
4914,1
4915,2
4916,1
4917,2
4918,1
4919,5
4920,4
4921,3
4922,3
4923,4
4924,3
4925,7
4926,1
4927,8
4928,1
4929,1
4930,4
4931,1
4932,1
4933,1
4934,7
4935,5
4936,5
4937,1
4938,2
4939,4
4940,2
4941,1
4942,2
4943,1
4944,3
4945,3
4946,1
4947,1
4948,2
4949,2
4950,1
4951,5
4952,8
4953,1
4954,10
4955,3
4956,1
4957,3
4958,1
4959,1
4960,1
4961,8
4962,2
4963,3
4964,1
4965,4
4966,3
4967,3
4968,1
4969,1
4970,2
4971,2
4972,10
4973,1
4974,3
4975,2
4976,8
4977,7
4978,1
4979,2
4980,1
4981,2
4982,4
4983,2
4984,3
4985,3
4986,3
4987,1
4988,2
4989,1
4990,3
4991,3
4992,3
4993,1
4994,4
4995,1
4996,4
4997,7
4998,3
4999,5
5000,5
5001,1
5002,5
5003,8
5004,4
5005,5
5006,6
5007,3
5008,1
5009,3
5010,8
5011,3
5012,1
5013,5
5014,2
5015,2
5016,2
5017,7
5018,2
5019,1
5020,6
5021,1
5022,1
5023,2
5024,2
5025,1
5026,1
5027,2
5028,3
5029,5
5030,1
5031,3
5032,2
5033,1
5034,3
5035,2
5036,2
5037,1
5038,1
5039,4
5040,3
5041,2
5042,2
5043,7
5044,5
5045,3
5046,2
5047,2
5048,2
5049,2
5050,3
5051,1
5052,2
5053,2
5054,1
5055,6
5056,1
5057,1
5058,2
5059,1
5060,5
5061,1
5062,1
5063,5
5064,1
5065,3
5066,4
5067,3
5068,1
5069,3
5070,4
5071,3
5072,2
5073,4
5074,1
5075,12
5076,4
5077,1
5078,1
5079,1
5080,1
5081,3
5082,1
5083,2
5084,9
5085,3
5086,2
5087,1
5088,1
5089,3
5090,9
5091,1
5092,4
5093,2
5094,5
5095,8
5096,5
5097,3
5098,1
5099,5
5100,5
5101,2
5102,1
5103,1
5104,1
5105,2
5106,2
5107,4
5108,1
5109,1
5110,1
5111,1
5112,1
5113,7
5114,1
5115,1
5116,2
5117,3
5118,1
5119,5
5120,1
5121,3
5122,1
5123,3
5124,1
5125,3
5126,2
5127,3
5128,1
5129,1
5130,6
5131,1
5132,1
5133,4
5134,4
5135,2
5136,6
5137,2
5138,3
5139,1
5140,3
5141,2
5142,2
5143,1
5144,10
5145,1
5146,1
5147,1
5148,2
5149,1
5150,3
5151,1
5152,4
5153,1
5154,1
5155,2
5156,2
5157,1
5158,4
5159,1
5160,1
5161,1
5162,14
5163,2
5164,1
5165,2
5166,2
5167,4
5168,4
5169,4
5170,1
5171,1
5172,1
5173,1
5174,10
5175,1
5176,1
5177,2
5178,1
5179,1
5180,2
5181,5
5182,3
5183,3
5184,1
5185,1
5186,5
5187,2
5188,5
5189,1
5190,8
5191,7
5192,3
5193,4
5194,6
5195,2
5196,1
5197,7
5198,1
5199,5
5200,2
5201,2
5202,3
5203,1
5204,2
5205,1
5206,6
5207,4
5208,1
5209,2
5210,1
5211,1
5212,2
5213,1
5214,2
5215,2
5216,1
5217,1
5218,2
5219,2
5220,3
5221,3
5222,4
5223,2
5224,1
5225,7
5226,1
5227,6
5228,4
5229,4
5230,1
5231,2
5232,5
5233,2
5234,3
5235,1
5236,1
5237,3
5238,1
5239,3
5240,6
5241,8
5242,2
5243,1
5244,4
5245,3
5246,2
5247,2
5248,2
5249,2
5250,4
5251,1
5252,1
5253,1
5254,4
5255,4
5256,2
5257,7
5258,2
5259,6
5260,1
5261,3
5262,8
5263,2
5264,3
5265,9
5266,3
5267,1
5268,2
5269,4
5270,7
5271,2
5272,1
5273,2
5274,4
5275,1
5276,4
5277,6
5278,1
5279,5
5280,1
5281,2
5282,4
5283,6
5284,2
5285,2
5286,2
5287,1
5288,3
5289,6
5290,4
5291,2
5292,5
5293,2
5294,4
5295,7
5296,5
5297,1
5298,4
5299,4
5300,6
5301,3
5302,3
5303,1
5304,2
5305,4
5306,2
5307,2
5308,2
5309,3
5310,3
5311,1
5312,6
5313,1
5314,2
5315,4
5316,8
5317,1
5318,3
5319,1
5320,1
5321,2
5322,1
5323,1
5324,2
5325,7
5326,2
5327,5
5328,1
5329,4
5330,1
5331,3
5332,2
5333,2
5334,3
5335,1
5336,2
5337,7
5338,1
5339,5
5340,5
5341,1
5342,3
5343,3
5344,2
5345,2
5346,6
5347,2
5348,1
5349,6
5350,3
5351,2
5352,2
5353,1
5354,2
5355,4
5356,1
5357,4
5358,5
5359,1
5360,4
5361,1
5362,3
5363,1
5364,8
5365,3
5366,4
5367,2
5368,2
5369,2
5370,2
5371,2
5372,3
5373,4
5374,2
5375,6
5376,5
5377,3
5378,6
5379,7
5380,1
5381,4
5382,8
5383,4
5384,1
5385,4
5386,2
5387,3
5388,1
5389,4
5390,3
5391,1
5392,3
5393,1
5394,4
5395,2
5396,4
5397,11
5398,9
5399,2
5400,2
5401,1
5402,1
5403,2
5404,5
5405,1
5406,2
5407,3
5408,3
5409,2
5410,1
5411,6
5412,1
5413,3
5414,5
5415,5
5416,7
5417,2
5418,1
5419,3
5420,4
5421,3
5422,1
5423,1
5424,1
5425,1
5426,1
5427,5
5428,1
5429,1
5430,1
5431,2
5432,6
5433,2
5434,4
5435,3
5436,6
5437,1
5438,2
5439,2
5440,1
5441,1
5442,4
5443,6
5444,4
5445,2
5446,7
5447,2
5448,2
5449,1
5450,6
5451,5
5452,3
5453,7
5454,2
5455,1
5456,2
5457,1
5458,16
5459,5
5460,5
5461,3
5462,5
5463,2
5464,1
5465,1
5466,2
5467,3
5468,1
5469,3
5470,3
5471,1
5472,6
5473,2
5474,1
5475,2
5476,4
5477,2
5478,1
5479,2
5480,1
5481,6
5482,11
5483,2
5484,1
5485,1
5486,1
5487,1
5488,5
5489,1
5490,4
5491,1
5492,3
5493,6
5494,7
5495,1
5496,2
5497,6
5498,2
5499,1
5500,1
5501,4
5502,2
5503,3
5504,3
5505,6
5506,1
5507,1
5508,2
5509,1
5510,3
5511,15
5512,1
5513,1
5514,1
5515,1
5516,1
5517,3
5518,2
5519,5
5520,6
5521,1
5522,2
5523,1
5524,1
5525,3
5526,5
5527,1
5528,10
5529,3
5530,1
5531,1
5532,3
5533,1
5534,2
5535,8
5536,1
5537,1
5538,5
5539,6
5540,5
5541,7
5542,1
5543,3
5544,3
5545,1
5546,5
5547,2
5548,3
5549,2
5550,1
5551,3
5552,3
5553,7
5554,7
5555,1
5556,2
5557,1
5558,7
5559,1
5560,8
5561,2
5562,3
5563,2
5564,6
5565,1
5566,3
5567,4
5568,5
5569,1
5570,4
5571,1
5572,4
5573,2
5574,2
5575,2
5576,1
5577,5
5578,4
5579,1
5580,6
5581,1
5582,1
5583,4
5584,1
5585,2
5586,3
5587,4
5588,2
5589,4
5590,4
5591,1
5592,6
5593,2
5594,1
5595,7
5596,3
5597,7
5598,3
5599,3
5600,2
5601,2
5602,7
5603,2
5604,2
5605,4
5606,1
5607,1
5608,1
5609,4
5610,3
5611,1
5612,17
5613,2
5614,4
5615,1
5616,4
5617,3
5618,4
5619,5
5620,2
5621,2
5622,3
5623,1
5624,3
5625,2
5626,6
5627,6
5628,10
5629,4
5630,1
5631,1
5632,6
5633,9
5634,17
5635,7
5636,15
5637,9
5638,1
5639,2
5640,2
5641,6
5642,9
5643,8
5644,1
5645,13
5646,15
5647,4
5648,1
5649,5
5650,8
5651,26
5652,5
5653,13
5654,5
5655,3
5656,2
5657,8
5658,8
5659,7
5660,5
5661,4
5662,10
5663,3
5664,1
5665,3
5666,5
5667,2
5668,2
5669,1
5670,3
5671,5
5672,19
5673,4
5674,3
5675,6
5676,2
5677,2
5678,2
5679,3
5680,2
5681,11
5682,5
5683,1
5684,2
5685,10
5686,3
5687,9
5688,3
5689,2
5690,12
5691,1
5692,5
5693,2
5694,2
5695,2
5696,1
5697,3
5698,7
5699,3
5700,4
5701,5
5702,1
5703,23
5704,2
5705,4
5706,9
5707,28
5708,8
5709,13
5710,10
5711,1
5712,14
5713,6
5714,13
5715,14
5716,2
5717,26
5718,8
5719,19
5720,10
5721,5
5722,22
5723,18
5724,8
5725,37
5726,3
5727,11
5728,8
5729,2
5730,35
5731,11
5732,11
5733,2
5734,1
5735,25
5736,6
5737,3
5738,4
5739,1
5740,5
5741,6
5742,2
5743,2
5744,7
5745,3
5746,16
5747,2
5748,3
5749,2
5750,5
5751,15
5752,26
5753,4
5754,1
5755,13
5756,8
5757,9
5758,4
5759,1
5760,1
5761,21
5762,18
5763,2
5764,12
5765,1
5766,5
5767,3
5768,6
5769,5
5770,14
5771,3
5772,2
5773,15
5774,10
5775,25
5776,37
5777,7
5778,35
5779,9
5780,14
5781,10
5782,13
5783,19
5784,14
5785,5
5786,1
5787,10
5788,6
5789,6
5790,1
5791,3
5792,4
5793,2
5794,5
5795,6
5796,1
5797,1
5798,6
5799,4
5800,2
5801,1
5802,3
5803,4
5804,2
5805,3
5806,1
5807,3
5808,1
5809,1
5810,4
5811,1
5812,8
5813,1
5814,2
5815,3
5816,3
5817,6
5818,1
5819,1
5820,3
5821,2
5822,3
5823,8
5824,2
5825,4
5826,1
5827,1
5828,1
5829,2
5830,1
5831,4
5832,3
5833,4
5834,3
5835,3
5836,4
5837,1
5838,6
5839,3
5840,4
5841,4
5842,6
5843,10
5844,5
5845,8
5846,2
5847,1
5848,7
5849,1
5850,1
5851,2
5852,2
5853,3
5854,1
5855,4
5856,1
5857,2
5858,6
5859,4
5860,10
5861,2
5862,1
5863,3
5864,5
5865,3
5866,5
5867,8
5868,1
5869,1
5870,8
5871,5
5872,7
5873,4
5874,1
5875,2
5876,11
5877,3
5878,11
5879,7
5880,1
5881,1
5882,2
5883,1
5884,5
5885,5
5886,3
5887,2
5888,1
5889,2
5890,1
5891,2
5892,1
5893,2
5894,2
5895,3
5896,3
5897,2
5898,1
5899,1
5900,1
5901,1
5902,4
5903,1
5904,1
5905,1
5906,4
5907,2
5908,1
5909,1
5910,1
5911,3
5912,3
5913,1
5914,1
5915,5
5916,12
5917,8
5918,1
5919,2
5920,4
5921,2
5922,4
5923,1
5924,5
5925,1
5926,8
5927,2
5928,2
5929,2
5930,3
5931,6
5932,2
5933,6
5934,2
5935,3
5936,1
5937,3
5938,2
5939,2
5940,3
5941,1
5942,2
5943,1
5944,2
5945,2
5946,1
5947,2
5948,1
5949,6
5950,1
5951,1
5952,1
5953,1
5954,5
5955,1
5956,3
5957,1
5958,5
5959,1
5960,2
5961,5
5962,2
5963,2
5964,1
5965,1
5966,2
5967,1
5968,3
5969,1
5970,2
5971,3
5972,2
5973,2
5974,3
5975,2
5976,9
5977,11
5978,4
5979,5
5980,1
5981,5
5982,6
5983,2
5984,1
5985,1
5986,2
5987,2
5988,1
5989,1
5990,12
5991,2
5992,1
5993,10
5994,1
5995,2
5996,2
5997,3
5998,10
5999,3
6000,2
6001,3
6002,1
6003,3
6004,3
6005,4
6006,7
6007,2
6008,4
6009,1
6010,2
6011,5
6012,1
6013,8
6014,4
6015,2
6016,19
6017,3
6018,1
6019,1
6020,1
6021,3
6022,3
6023,1
6024,2
6025,12
6026,2
6027,6
6028,1
6029,7
6030,3
6031,2
6032,1
6033,5
6034,2
6035,3
6036,1
6037,1
6038,1
6039,1
6040,2
6041,1
6042,4
6043,1
6044,2
6045,4
6046,1
6047,1
6048,1
6049,3
6050,4
6051,3
6052,2
6053,1
6054,2
6055,1
6056,1
6057,2
6058,2
6059,1
6060,2
6061,2
6062,7
6063,10
6064,1
6065,2
6066,1
6067,4
6068,4
6069,1
6070,17
6071,2
6072,9
6073,6
6074,1
6075,11
6076,6
6077,2
6078,1
6079,7
6080,1
6081,2
6082,4
6083,6
6084,2
6085,4
6086,2
6087,2
6088,3
6089,6
6090,1
6091,2
6092,5
6093,13
6094,3
6095,5
6096,5
6097,1
6098,3
6099,6
6100,3
6101,2
6102,9
6103,11
6104,6
6105,1
6106,9
6107,1
6108,1
6109,15
6110,3
6111,3
6112,1
6113,3
6114,5
6115,4
6116,10
6117,2
6118,3
6119,5
6120,3
6121,2
6122,5
6123,1
6124,4
6125,1
6126,7
6127,2
6128,3
6129,2
6130,2
6131,5
6132,10
6133,1
6134,13
6135,6
6136,4
6137,7
6138,2
6139,7
6140,12
6141,4
6142,6
6143,4
6144,1
6145,5
6146,6
6147,2
6148,1
6149,9
6150,1
6151,1
6152,1
6153,1
6154,7
6155,2
6156,2
6157,5
6158,2
6159,4
6160,2
6161,2
6162,1
6163,1
6164,3
6165,3
6166,3
6167,1
6168,4
6169,3
6170,1
6171,3
6172,7
6173,2
6174,4
6175,5
6176,1
6177,3
6178,8
6179,1
6180,1
6181,1
6182,3
6183,4
6184,4
6185,2
6186,1
6187,1
6188,1
6189,1
6190,1
6191,1
6192,2
6193,1
6194,2
6195,1
6196,1
6197,3
6198,4
6199,2
6200,1
6201,1
6202,2
6203,1
6204,1
6205,1
6206,2
6207,3
6208,1
6209,1
6210,2
6211,1
6212,1
6213,1
6214,1
6215,3
6216,1
6217,3
6218,1
6219,2
6220,1
6221,2
6222,2
6223,1
6224,2
6225,1
6226,1
6227,4
6228,2
6229,2
6230,2
6231,3
6232,1
6233,3
6234,3
6235,3
6236,1
6237,2
6238,4
6239,2
6240,1
6241,5
6242,2
6243,3
6244,2
6245,1
6246,1
6247,2
6248,3
6249,1
6250,2
6251,1
6252,1
6253,5
6254,2
6255,1
6256,1
6257,7
6258,3
6259,4
6260,1
6261,1
6262,12
6263,12
6264,2
6265,3
6266,1
6267,1
6268,3
6269,2
6270,1
6271,2
6272,2
6273,2
6274,2
6275,2
6276,1
6277,1
6278,1
6279,2
6280,1
6281,1
6282,2
6283,1
6284,5
6285,1
6286,2
6287,1
6288,2
6289,4
6290,1
6291,1
6292,2
6293,3
6294,1
6295,2
6296,4
6297,1
6298,1
6299,1
6300,1
6301,4
6302,2
6303,1
6304,1
6305,6
6306,1
6307,3
6308,1
6309,2
6310,2
6311,2
6312,3
6313,5
6314,11
6315,6
6316,1
6317,2
6318,5
6319,3
6320,3
6321,4
6322,4
6323,4
6324,3
6325,2
6326,2
6327,5
6328,1
6329,4
6330,2
6331,2
6332,1
6333,2
6334,2
6335,2
6336,1
6337,4
6338,1
6339,4
6340,2
6341,1
6342,3
6343,2
6344,1
6345,1
6346,1
6347,2
6348,1
6349,1
6350,1
6351,1
6352,4
6353,1
6354,8
6355,1
6356,2
6357,1
6358,4
6359,2
6360,2
6361,1
6362,3
6363,2
6364,6
6365,1
6366,3
6367,6
6368,5
6369,1
6370,1
6371,1
6372,1
6373,1
6374,3
6375,1
6376,5
6377,1
6378,1
6379,4
6380,1
6381,3
6382,5
6383,1
6384,1
6385,2
6386,1
6387,1
6388,2
6389,4
6390,1
6391,1
6392,1
6393,4
6394,5
6395,13
6396,1
6397,1
6398,4
6399,1
6400,10
6401,5
6402,5
6403,3
6404,1
6405,1
6406,6
6407,1
6408,1
6409,6
6410,2
6411,4
6412,7
6413,1
6414,4
6415,11
6416,10
6417,4
6418,5
6419,4
6420,2
6421,1
6422,5
6423,1
6424,8
6425,1
6426,2
6427,2
6428,1
6429,3
6430,1
6431,2
6432,1
6433,4
6434,3
6435,3
6436,5
6437,2
6438,2
6439,2
6440,6
6441,2
6442,2
6443,2
6444,1
6445,1
6446,2
6447,11
6448,2
6449,2
6450,4
6451,9
6452,3
6453,1
6454,1
6455,5
6456,7
6457,3
6458,2
6459,1
6460,2
6461,1
6462,3
6463,4
6464,6
6465,1
6466,6
6467,5
6468,3
6469,5
6470,2
6471,1
6472,4
6473,3
6474,2
6475,3
6476,5
6477,3
6478,6
6479,3
6480,3
6481,2
6482,2
6483,5
6484,3
6485,1
6486,1
6487,4
6488,1
6489,6
6490,2
6491,1
6492,3
6493,7
6494,1
6495,6
6496,3
6497,2
6498,8
6499,3
6500,7
6501,3
6502,3
6503,1
6504,5
6505,1
6506,2
6507,1
6508,2
6509,5
6510,2
6511,2
6512,1
6513,2
6514,2
6515,4
6516,3
6517,1
6518,2
6519,3
6520,4
6521,1
6522,1
6523,1
6524,1
6525,1
6526,3
6527,2
6528,3
6529,5
6530,1
6531,5
6532,1
6533,5
6534,3
6535,1
6536,2
6537,2
6538,2
6539,1
6540,6
6541,5
6542,4
6543,10
6544,1
6545,1
6546,2
6547,6
6548,3
6549,1
6550,2
6551,4
6552,10
6553,2
6554,1
6555,6
6556,3
6557,9
6558,1
6559,1
6560,3
6561,8
6562,7
6563,1
6564,1
6565,1
6566,1
6567,1
6568,1
6569,7
6570,1
6571,1
6572,1
6573,1
6574,3
6575,6
6576,2
6577,2
6578,4
6579,4
6580,1
6581,1
6582,2
6583,3
6584,2
6585,7
6586,2
6587,1
6588,2
6589,2
6590,3
6591,2
6592,1
6593,1
6594,2
6595,1
6596,4
6597,2
6598,3
6599,1
6600,1
6601,1
6602,2
6603,4
6604,2
6605,1
6606,1
6607,3
6608,1
6609,1
6610,3
6611,1
6612,1
6613,3
6614,1
6615,4
6616,1
6617,5
6618,3
6619,1
6620,3
6621,1
6622,3
6623,2
6624,5
6625,3
6626,1
6627,2
6628,1
6629,2
6630,2
6631,2
6632,1
6633,3
6634,2
6635,1
6636,5
6637,3
6638,1
6639,2
6640,4
6641,1
6642,3
6643,3
6644,2
6645,6
6646,2
6647,10
6648,1
6649,5
6650,2
6651,1
6652,6
6653,3
6654,5
6655,4
6656,3
6657,5
6658,5
6659,3
6660,1
6661,3
6662,4
6663,2
6664,6
6665,4
6666,1
6667,5
6668,2
6669,4
6670,3
6671,1
6672,1
6673,2
6674,4
6675,1
6676,1
6677,1
6678,5
6679,1
6680,1
6681,3
6682,2
6683,5
6684,5
6685,1
6686,6
6687,6
6688,6
6689,2
6690,2
6691,4
6692,1
6693,2
6694,5
6695,2
6696,1
6697,1
6698,3
6699,1
6700,1
6701,1
6702,2
6703,2
6704,1
6705,1
6706,1
6707,2
6708,2
6709,1
6710,1
6711,3
6712,1
6713,1
6714,1
6715,1
6716,3
6717,2
6718,2
6719,1
6720,1
6721,2
6722,4
6723,8
6724,2
6725,1
6726,1
6727,3
6728,2
6729,1
6730,2
6731,5
6732,2
6733,1
6734,2
6735,2
6736,1
6737,4
6738,2
6739,4
6740,6
6741,3
6742,1
6743,1
6744,1
6745,1
6746,1
6747,1
6748,10
6749,2
6750,3
6751,7
6752,1
6753,1
6754,1
6755,2
6756,5
6757,2
6758,2
6759,2
6760,3
6761,3
6762,4
6763,2
6764,2
6765,2
6766,5
6767,2
6768,2
6769,1
6770,2
6771,1
6772,4
6773,2
6774,1
6775,1
6776,1
6777,3
6778,1
6779,1
6780,3
6781,1
6782,3
6783,1
6784,2
6785,1
6786,3
6787,3
6788,1
6789,3
6790,2
6791,1
6792,1
6793,1
6794,2
6795,1
6796,1
6797,1
6798,1
6799,2
6800,1
6801,1
6802,2
6803,1
6804,1
6805,4
6806,1
6807,2
6808,1
6809,1
6810,1
6811,1
6812,6
6813,1
6814,1
6815,3
6816,1
6817,2
6818,1
6819,3
6820,6
6821,1
6822,1
6823,3
6824,3
6825,1
6826,1
6827,4
6828,2
6829,1
6830,1
6831,4
6832,1
6833,7
6834,4
6835,2
6836,1
6837,4
6838,3
6839,1
6840,3
6841,2
6842,4
6843,1
6844,3
6845,5
6846,5
6847,1
6848,1
6849,2
6850,3
6851,2
6852,2
6853,3
6854,2
6855,4
6856,3
6857,2
6858,1
6859,8
6860,2
6861,2
6862,1
6863,1
6864,3
6865,5
6866,3
6867,1
6868,3
6869,2
6870,2
6871,1
6872,1
6873,1
6874,2
6875,3
6876,1
6877,3
6878,1
6879,2
6880,1
6881,3
6882,1
6883,2
6884,1
6885,1
6886,3
6887,1
6888,1
6889,4
6890,1
6891,2
6892,1
6893,3
6894,1
6895,4
6896,1
6897,1
6898,2
6899,2
6900,5
6901,1
6902,2
6903,7
6904,6
6905,1
6906,2
6907,2
6908,3
6909,3
6910,5
6911,1
6912,2
6913,2
6914,3
6915,2
6916,1
6917,2
6918,1
6919,2
6920,2
6921,4
6922,1
6923,3
6924,1
6925,2
6926,10
6927,2
6928,2
6929,2
6930,2
6931,2
6932,3
6933,2
6934,1
6935,8
6936,1
6937,1
6938,1
6939,2
6940,1
6941,3
6942,4
6943,3
6944,1
6945,1
6946,6
6947,3
6948,2
6949,1
6950,1
6951,1
6952,2
6953,3
6954,2
6955,1
6956,1
6957,2
6958,1
6959,1
6960,2
6961,2
6962,3
6963,2
6964,3
6965,2
6966,1
6967,1
6968,6
6969,1
6970,3
6971,2
6972,2
6973,1
6974,1
6975,3
6976,3
6977,6
6978,3
6979,3
6980,3
6981,6
6982,1
6983,1
6984,3
6985,3
6986,5
6987,3
6988,1
6989,1
6990,2
6991,2
6992,1
6993,1
6994,1
6995,2
6996,5
6997,4
6998,3
6999,2
7000,1
7001,3
7002,1
7003,2
7004,2
7005,4
7006,2
7007,5
7008,1
7009,5
7010,3
7011,1
7012,3
7013,1
7014,5
7015,1
7016,1
7017,1
7018,4
7019,1
7020,4
7021,1
7022,1
7023,3
7024,2
7025,5
7026,1
7027,1
7028,1
7029,3
7030,1
7031,1
7032,2
7033,4
7034,3
7035,1
7036,1
7037,2
7038,2
7039,3
7040,2
7041,1
7042,6
7043,3
7044,5
7045,2
7046,3
7047,6
7048,3
7049,4
7050,1
7051,1
7052,4
7053,5
7054,1
7055,2
7056,1
7057,9
7058,1
7059,3
7060,1
7061,6
7062,3
7063,3
7064,1
7065,1
7066,1
7067,2
7068,5
7069,4
7070,2
7071,4
7072,2
7073,2
7074,2
7075,5
7076,1
7077,2
7078,2
7079,1
7080,1
7081,3
7082,5
7083,1
7084,4
7085,2
7086,1
7087,1
7088,2
7089,7
7090,4
7091,4
7092,3
7093,2
7094,1
7095,6
7096,1
7097,4
7098,6
7099,1
7100,2
7101,4
7102,1
7103,2
7104,2
7105,7
7106,5
7107,4
7108,2
7109,3
7110,2
7111,5
7112,1
7113,1
7114,2
7115,2
7116,1
7117,1
7118,2
7119,5
7120,2
7121,6
7122,2
7123,1
7124,1
7125,1
7126,2
7127,9
7128,2
7129,4
7130,1
7131,7
7132,2
7133,1
7134,6
7135,5
7136,10
7137,2
7138,11
7139,3
7140,1
7141,8
7142,1
7143,2
7144,9
7145,2
7146,3
7147,5
7148,2
7149,1
7150,7
7151,2
7152,2
7153,1
7154,2
7155,3
7156,8
7157,4
7158,2
7159,1
7160,1
7161,1
7162,4
7163,1
7164,5
7165,5
7166,4
7167,4
7168,2
7169,1
7170,3
7171,3
7172,3
7173,5
7174,3
7175,7
7176,1
7177,1
7178,1
7179,2
7180,8
7181,1
7182,11
7183,4
7184,3
7185,5
7186,17
7187,3
7188,2
7189,3
7190,8
7191,1
7192,6
7193,5
7194,2
7195,3
7196,8
7197,1
7198,5
7199,2
7200,1
7201,3
7202,4
7203,14
7204,3
7205,6
7206,2
7207,5
7208,2
7209,2
7210,3
7211,2
7212,4
7213,5
7214,1
7215,2
7216,1
7217,4
7218,13
7219,2
7220,8
7221,1
7222,2
7223,13
7224,6
7225,9
7226,2
7227,8
7228,9
7229,6
7230,5
7231,3
7232,1
7233,3
7234,1
7235,1
7236,1
7237,3
7238,2
7239,6
7240,3
7241,2
7242,3
7243,2
7244,1
7245,1
7246,4
7247,6
7248,3
7249,7
7250,5
7251,6
7252,7
7253,2
7254,1
7255,3
7256,1
7257,1
7258,3
7259,1
7260,4
7261,1
7262,4
7263,1
7264,2
7265,1
7266,1
7267,6
7268,3
7269,4
7270,1
7271,2
7272,1
7273,5
7274,1
7275,1
7276,1
7277,9
7278,6
7279,3
7280,3
7281,3
7282,2
7283,2
7284,3
7285,1
7286,1
7287,2
7288,3
7289,4
7290,2
7291,1
7292,1
7293,1
7294,1
7295,2
7296,1
7297,5
7298,3
7299,5
7300,4
7301,3
7302,2
7303,1
7304,2
7305,4
7306,4
7307,5
7308,6
7309,3
7310,1
7311,1
7312,2
7313,1
7314,1
7315,2
7316,3
7317,8
7318,1
7319,4
7320,5
7321,1
7322,3
7323,2
7324,3
7325,2
7326,3
7327,1
7328,2
7329,1
7330,2
7331,5
7332,6
7333,2
7334,1
7335,1
7336,1
7337,2
7338,1
7339,1
7340,1
7341,2
7342,1
7343,3
7344,2
7345,3
7346,1
7347,1
7348,4
7349,1
7350,1
7351,1
7352,1
7353,1
7354,2
7355,1
7356,1
7357,1
7358,2
7359,1
7360,3
7361,1
7362,8
7363,3
7364,4
7365,4
7366,1
7367,4
7368,12
7369,2
7370,1
7371,1
7372,3
7373,1
7374,3
7375,1
7376,5
7377,1
7378,3
7379,1
7380,5
7381,2
7382,1
7383,3
7384,2
7385,2
7386,2
7387,1
7388,1
7389,1
7390,3
7391,1
7392,4
7393,1
7394,3
7395,1
7396,2
7397,1
7398,1
7399,1
7400,1
7401,2
7402,1
7403,1
7404,2
7405,1
7406,4
7407,1
7408,4
7409,1
7410,2
7411,4
7412,2
7413,1
7414,1
7415,3
7416,2
7417,2
7418,6
7419,3
7420,1
7421,1
7422,4
7423,1
7424,5
7425,3
7426,4
7427,1
7428,3
7429,1
7430,1
7431,2
7432,2
7433,1
7434,1
7435,5
7436,4
7437,1
7438,1
7439,3
7440,1
7441,3
7442,2
7443,3
7444,1
7445,2
7446,2
7447,2
7448,4
7449,1
7450,1
7451,1
7452,2
7453,3
7454,3
7455,2
7456,4
7457,6
7458,6
7459,4
7460,1
7461,1
7462,7
7463,1
7464,4
7465,5
7466,3
7467,1
7468,4
7469,1
7470,1
7471,1
7472,2
7473,2
7474,2
7475,1
7476,3
7477,3
7478,2
7479,1
7480,1
7481,2
7482,1
7483,2
7484,1
7485,2
7486,4
7487,1
7488,2
7489,1
7490,2
7491,1
7492,1
7493,1
7494,1
7495,3
7496,1
7497,2
7498,2
7499,3
7500,1
7501,4
7502,7
7503,2
7504,1
7505,2
7506,8
7507,1
7508,2
7509,4
7510,4
7511,1
7512,6
7513,2
7514,1
7515,1
7516,1
7517,2
7518,2
7519,4
7520,2
7521,1
7522,6
7523,6
7524,2
7525,7
7526,2
7527,1
7528,3
7529,5
7530,3
7531,1
7532,7
7533,2
7534,8
7535,12
7536,1
7537,2
7538,1
7539,3
7540,3
7541,3
7542,10
7543,1
7544,2
7545,5
7546,1
7547,3
7548,3
7549,2
7550,3
7551,3
7552,1
7553,4
7554,3
7555,3
7556,1
7557,3
7558,2
7559,4
7560,5
7561,1
7562,2
7563,1
7564,1
7565,6
7566,1
7567,4
7568,5
7569,1
7570,3
7571,4
7572,3
7573,3
7574,5
7575,2
7576,4
7577,3
7578,6
7579,5
7580,1
7581,6
7582,2
7583,2
7584,6
7585,1
7586,4
7587,1
7588,1
7589,1
7590,3
7591,3
7592,3
7593,7
7594,2
7595,3
7596,2
7597,1
7598,4
7599,2
7600,6
7601,4
7602,2
7603,3
7604,3
7605,1
7606,3
7607,1
7608,1
7609,2
7610,3
7611,1
7612,2
7613,4
7614,1
7615,2
7616,1
7617,1
7618,2
7619,1
7620,5
7621,3
7622,2
7623,4
7624,1
7625,1
7626,3
7627,1
7628,1
7629,1
7630,4
7631,5
7632,3
7633,8
7634,2
7635,1
7636,1
7637,1
7638,3
7639,5
7640,2
7641,4
7642,1
7643,1
7644,2
7645,1
7646,1
7647,3
7648,3
7649,2
7650,1
7651,1
7652,1
7653,1
7654,1
7655,3
7656,2
7657,1
7658,1
7659,4
7660,2
7661,3
7662,1
7663,1
7664,2
7665,3
7666,1
7667,1
7668,2
7669,1
7670,1
7671,1
7672,2
7673,3
7674,3
7675,1
7676,2
7677,3
7678,1
7679,2
7680,1
7681,5
7682,3
7683,2
7684,2
7685,5
7686,4
7687,1
7688,2
7689,2
7690,2
7691,10
7692,7
7693,1
7694,2
7695,2
7696,2
7697,2
7698,3
7699,1
7700,2
7701,1
7702,3
7703,2
7704,2
7705,6
7706,1
7707,1
7708,2
7709,1
7710,2
7711,4
7712,3
7713,1
7714,2
7715,3
7716,4
7717,1
7718,2
7719,1
7720,3
7721,1
7722,1
7723,3
7724,1
7725,3
7726,1
7727,1
7728,1
7729,2
7730,6
7731,2
7732,1
7733,1
7734,2
7735,2
7736,1
7737,3
7738,1
7739,3
7740,1
7741,2
7742,1
7743,1
7744,1
7745,2
7746,3
7747,1
7748,1
7749,2
7750,1
7751,5
7752,6
7753,2
7754,8
7755,5
7756,4
7757,5
7758,2
7759,1
7760,5
7761,3
7762,1
7763,2
7764,1
7765,7
7766,4
7767,2
7768,1
7769,2
7770,1
7771,3
7772,3
7773,1
7774,3
7775,2
7776,2
7777,1
7778,2
7779,1
7780,1
7781,3
7782,1
7783,1
7784,2
7785,2
7786,2
7787,1
7788,2
7789,2
7790,2
7791,1
7792,1
7793,2
7794,1
7795,3
7796,1
7797,3
7798,6
7799,1
7800,2
7801,1
7802,1
7803,1
7804,3
7805,2
7806,7
7807,3
7808,1
7809,2
7810,2
7811,3
7812,1
7813,2
7814,1
7815,3
7816,6
7817,1
7818,1
7819,2
7820,1
7821,3
7822,1
7823,1
7824,1
7825,2
7826,3
7827,3
7828,1
7829,3
7830,1
7831,1
7832,1
7833,4
7834,3
7835,1
7836,2
7837,5
7838,1
7839,2
7840,1
7841,3
7842,2
7843,2
7844,4
7845,4
7846,4
7847,1
7848,2
7849,5
7850,4
7851,2
7852,2
7853,1
7854,1
7855,5
7856,3
7857,1
7858,1
7859,2
7860,1
7861,1
7862,1
7863,2
7864,2
7865,1
7866,2
7867,2
7868,2
7869,1
7870,6
7871,1
7872,1
7873,4
7874,3
7875,2
7876,1
7877,1
7878,1
7879,3
7880,1
7881,1
7882,4
7883,2
7884,2
7885,4
7886,1
7887,1
7888,1
7889,1
7890,2
7891,3
7892,4
7893,2
7894,1
7895,1
7896,3
7897,1
7898,2
7899,1
7900,1
7901,1
7902,2
7903,1
7904,1
7905,1
7906,1
7907,2
7908,2
7909,1
7910,1
7911,1
7912,2
7913,1
7914,1
7915,1
7916,3
7917,1
7918,4
7919,1
7920,5
7921,4
7922,2
7923,4
7924,3
7925,2
7926,2
7927,1
7928,3
7929,3
7930,3
7931,2
7932,1
7933,1
7934,3
7935,2
7936,2
7937,1
7938,1
7939,1
7940,6
7941,2
7942,1
7943,1
7944,2
7945,3
7946,4
7947,1
7948,1
7949,5
7950,1
7951,1
7952,1
7953,2
7954,5
7955,1
7956,2
7957,1
7958,1
7959,1
7960,3
7961,2
7962,2
7963,1
7964,5
7965,2
7966,1
7967,1
7968,2
7969,1
7970,2
7971,1
7972,4
7973,3
7974,1
7975,1
7976,1
7977,3
7978,2
7979,1
7980,2
7981,3
7982,4
7983,1
7984,1
7985,2
7986,2
7987,1
7988,2
7989,1
7990,2
7991,2
7992,3
7993,3
7994,2
7995,3
7996,1
7997,1
7998,1
7999,2
8000,1
8001,2
8002,2
8003,1
8004,1
8005,1
8006,3
8007,1
8008,1
8009,1
8010,1
8011,3
8012,1
8013,1
8014,3
8015,8
8016,2
8017,4
8018,1
8019,2
8020,1
8021,1
8022,1
8023,2
8024,1
8025,1
8026,2
8027,4
8028,4
8029,5
8030,3
8031,11
8032,1
8033,1
8034,3
8035,3
8036,1
8037,3
8038,3
8039,10
8040,2
8041,1
8042,1
8043,2
8044,5
8045,1
8046,2
8047,3
8048,2
8049,1
8050,4
8051,1
8052,2
8053,2
8054,2
8055,1
8056,1
8057,7
8058,1
8059,1
8060,3
8061,1
8062,1
8063,1
8064,1
8065,2
8066,1
8067,4
8068,2
8069,1
8070,1
8071,1
8072,3
8073,7
8074,3
8075,6
8076,3
8077,1
8078,5
8079,2
8080,1
8081,3
8082,9
8083,7
8084,2
8085,3
8086,1
8087,4
8088,1
8089,2
8090,4
8091,7
8092,1
8093,1
8094,7
8095,5
8096,5
8097,1
8098,2
8099,8
8100,1
8101,1
8102,1
8103,2
8104,1
8105,6
8106,1
8107,2
8108,2
8109,1
8110,4
8111,1
8112,4
8113,1
8114,4
8115,7
8116,6
8117,1
8118,1
8119,8
8120,5
8121,2
8122,3
8123,3
8124,12
8125,1
8126,1
8127,2
8128,1
8129,2
8130,2
8131,4
8132,1
8133,1
8134,1
8135,1
8136,1
8137,5
8138,1
8139,1
8140,5
8141,3
8142,9
8143,10
8144,2
8145,1
8146,3
8147,4
8148,7
8149,4
8150,1
8151,2
8152,1
8153,1
8154,3
8155,1
8156,2
8157,1
8158,4
8159,1
8160,3
8161,1
8162,2
8163,7
8164,1
8165,1
8166,2
8167,1
8168,6
8169,3
8170,5
8171,6
8172,4
8173,1
8174,1
8175,3
8176,9
8177,2
8178,1
8179,1
8180,5
8181,1
8182,5
8183,5
8184,2
8185,1
8186,3
8187,1
8188,3
8189,5
8190,1
8191,1
8192,2
8193,3
8194,2
8195,3
8196,2
8197,2
8198,2
8199,5
8200,2
8201,2
8202,6
8203,3
8204,2
8205,13
8206,1
8207,4
8208,5
8209,8
8210,1
8211,2
8212,6
8213,7
8214,10
8215,1
8216,2
8217,4
8218,18
8219,6
8220,7
8221,5
8222,1
8223,3
8224,5
8225,3
8226,3
8227,2
8228,4
8229,1
8230,2
8231,1
8232,3
8233,3
8234,2
8235,1
8236,7
8237,3
8238,3
8239,3
8240,3
8241,1
8242,1
8243,1
8244,3
8245,1
8246,2
8247,4
8248,2
8249,6
8250,2
8251,4
8252,1
8253,2
8254,1
8255,2
8256,1
8257,2
8258,2
8259,1
8260,1
8261,1
8262,2
8263,4
8264,4
8265,1
8266,2
8267,1
8268,1
8269,1
8270,1
8271,1
8272,5
8273,1
8274,2
8275,2
8276,7
8277,1
8278,2
8279,1
8280,1
8281,3
8282,2
8283,1
8284,1
8285,6
8286,1
8287,2
8288,1
8289,1
8290,1
8291,3
8292,3
8293,1
8294,1
8295,2
8296,1
8297,1
8298,1
8299,3
8300,1
8301,1
8302,2
8303,1
8304,1
8305,2
8306,1
8307,2
8308,1
8309,1
8310,3
8311,1
8312,1
8313,4
8314,3
8315,3
8316,1
8317,1
8318,1
8319,2
8320,1
8321,2
8322,4
8323,1
8324,1
8325,3
8326,2
8327,4
8328,3
8329,1
8330,2
8331,9
8332,1
8333,12
8334,5
8335,1
8336,1
8337,6
8338,2
8339,2
8340,7
8341,2
8342,1
8343,8
8344,1
8345,4
8346,4
8347,6
8348,5
8349,9
8350,2
8351,10
8352,3
8353,1
8354,3
8355,1
8356,2
8357,12
8358,2
8359,1
8360,1
8361,1
8362,1
8363,1
8364,5
8365,3
8366,1
8367,2
8368,1
8369,5
8370,1
8371,7
8372,1
8373,8
8374,5
8375,3
8376,3
8377,1
8378,6
8379,6
8380,3
8381,2
8382,1
8383,6
8384,2
8385,2
8386,6
8387,2
8388,4
8389,12
8390,4
8391,1
8392,4
8393,12
8394,4
8395,1
8396,3
8397,1
8398,5
8399,2
8400,2
8401,1
8402,1
8403,2
8404,1
8405,1
8406,1
8407,1
8408,5
8409,1
8410,1
8411,3
8412,2
8413,1
8414,1
8415,1
8416,1
8417,5
8418,2
8419,2
8420,5
8421,1
8422,2
8423,1
8424,1
8425,1
8426,1
8427,4
8428,1
8429,4
8430,1
8431,5
8432,1
8433,1
8434,1
8435,3
8436,3
8437,1
8438,3
8439,1
8440,2
8441,1
8442,5
8443,3
8444,1
8445,1
8446,1
8447,2
8448,2
8449,6
8450,1
8451,4
8452,1
8453,1
8454,1
8455,1
8456,4
8457,4
8458,6
8459,7
8460,1
8461,3
8462,1
8463,5
8464,1
8465,3
8466,1
8467,1
8468,1
8469,3
8470,1
8471,1
8472,3
8473,1
8474,1
8475,1
8476,2
8477,3
8478,1
8479,3
8480,4
8481,1
8482,3
8483,1
8484,4
8485,1
8486,1
8487,3
8488,4
8489,2
8490,1
8491,5
8492,1
8493,1
8494,3
8495,1
8496,2
8497,1
8498,1
8499,1
8500,1
8501,3
8502,2
8503,2
8504,5
8505,3
8506,3
8507,1
8508,5
8509,4
8510,1
8511,2
8512,1
8513,1
8514,2
8515,1
8516,2
8517,2
8518,1
8519,1
8520,3
8521,5
8522,5
8523,1
8524,2
8525,1
8526,1
8527,2
8528,1
8529,3
8530,2
8531,4
8532,6
8533,1
8534,2
8535,1
8536,2
8537,1
8538,1
8539,2
8540,1
8541,1
8542,1
8543,1
8544,1
8545,1
8546,4
8547,4
8548,1
8549,5
8550,3
8551,1
8552,2
8553,1
8554,1
8555,2
8556,1
8557,1
8558,1
8559,3
8560,2
8561,1
8562,1
8563,1
8564,2
8565,3
8566,1
8567,1
8568,1
8569,3
8570,1
8571,2
8572,1
8573,2
8574,3
8575,1
8576,3
8577,4
8578,2
8579,2
8580,4
8581,3
8582,1
8583,1
8584,1
8585,1
8586,2
8587,3
8588,2
8589,1
8590,1
8591,1
8592,4
8593,2
8594,1
8595,1
8596,3
8597,2
8598,3
8599,4
8600,1
8601,1
8602,1
8603,1
8604,1
8605,1
8606,2
8607,4
8608,3
8609,1
8610,3
8611,1
8612,2
8613,1
8614,2
8615,1
8616,1
8617,1
8618,1
8619,1
8620,1
8621,2
8622,2
8623,1
8624,3
8625,2
8626,4
8627,2
8628,1
8629,3
8630,1
8631,1
8632,6
8633,4
8634,3
8635,1
8636,1
8637,2
8638,4
8639,1
8640,7
8641,2
8642,3
8643,1
8644,4
8645,1
8646,1
8647,1
8648,7
8649,1
8650,1
8651,1
8652,3
8653,3
8654,1
8655,2
8656,3
8657,3
8658,2
8659,5
8660,4
8661,2
8662,3
8663,2
8664,2
8665,1
8666,1
8667,2
8668,3
8669,3
8670,1
8671,2
8672,4
8673,1
8674,1
8675,1
8676,1
8677,4
8678,4
8679,4
8680,5
8681,1
8682,1
8683,4
8684,3
8685,1
8686,1
8687,2
8688,3
8689,4
8690,4
8691,1
8692,1
8693,8
8694,1
8695,7
8696,2
8697,1
8698,3
8699,6
8700,5
8701,3
8702,1
8703,13
8704,9
8705,3
8706,4
8707,1
8708,6
8709,4
8710,1
8711,1
8712,10
8713,10
8714,1
8715,8
8716,6
8717,10
8718,5
8719,4
8720,6
8721,7
8722,1
8723,3
8724,1
8725,1
8726,1
8727,3
8728,7
8729,1
8730,5
8731,2
8732,1
8733,1
8734,5
8735,3
8736,1
8737,1
8738,4
8739,4
8740,3
8741,13
8742,1
8743,4
8744,2
8745,9
8746,4
8747,2
8748,1
8749,1
8750,4
8751,4
8752,1
8753,8
8754,2
8755,9
8756,11
8757,1
8758,3
8759,2
8760,5
8761,1
8762,9
8763,5
8764,7
8765,2
8766,3
8767,2
8768,3
8769,4
8770,1
8771,7
8772,2
8773,1
8774,10
8775,7
8776,6
8777,1
8778,1
8779,5
8780,1
8781,2
8782,4
8783,1
8784,8
8785,2
8786,6
8787,6
8788,3
8789,6
8790,3
8791,3
8792,6
8793,3
8794,2
8795,3
8796,9
8797,3
8798,1
8799,1
8800,10
8801,2
8802,1
8803,3
8804,2
8805,2
8806,1
8807,2
8808,1
8809,2
8810,4
8811,6
8812,1
8813,18
8814,1
8815,2
8816,1
8817,13
8818,15
8819,3
8820,2
8821,2
8822,1
8823,2
8824,5
8825,3
8826,2
8827,8
8828,1
8829,3
8830,7
8831,5
8832,4
8833,5
8834,1
8835,4
8836,4
8837,2
8838,5
8839,1
8840,1
8841,6
8842,3
8843,4
8844,9
8845,7
8846,5
8847,2
8848,5
8849,1
8850,6
8851,4
8852,4
8853,6
8854,1
8855,12
8856,3
8857,6
8858,1
8859,2
8860,2
8861,2
8862,1
8863,11
8864,7
8865,12
8866,5
8867,4
8868,3
8869,2
8870,12
8871,2
8872,1
8873,2
8874,6
8875,7
8876,1
8877,6
8878,6
8879,4
8880,2
8881,1
8882,4
8883,9
8884,2
8885,1
8886,5
8887,2
8888,4
8889,1
8890,7
8891,8
8892,8
8893,9
8894,5
8895,4
8896,4
8897,4
8898,3
8899,2
8900,8
8901,2
8902,3
8903,1
8904,1
8905,6
8906,1
8907,2
8908,5
8909,6
8910,4
8911,2
8912,1
8913,6
8914,1
8915,8
8916,1
8917,3
8918,1
8919,2
8920,2
8921,3
8922,2
8923,4
8924,6
8925,2
8926,1
8927,3
8928,3
8929,1
8930,1
8931,7
8932,1
8933,1
8934,2
8935,1
8936,3
8937,2
8938,1
8939,2
8940,9
8941,1
8942,8
8943,1
8944,1
8945,1
8946,4
8947,1
8948,1
8949,2
8950,3
8951,2
8952,6
8953,1
8954,2
8955,2
8956,1
8957,6
8958,1
8959,1
8960,3
8961,3
8962,1
8963,3
8964,1
8965,1
8966,3
8967,2
8968,2
8969,1
8970,1
8971,2
8972,4
8973,1
8974,3
8975,3
8976,2
8977,2
8978,1
8979,2
8980,3
8981,1
8982,8
8983,1
8984,1
8985,5
8986,8
8987,2
8988,1
8989,4
8990,2
8991,2
8992,5
8993,2
8994,4
8995,1
8996,1
8997,6
8998,3
8999,2
9000,1
9001,1
9002,2
9003,5
9004,3
9005,3
9006,4
9007,1
9008,5
9009,7
9010,4
9011,3
9012,1
9013,4
9014,1
9015,3
9016,1
9017,2
9018,12
9019,1
9020,8
9021,3
9022,3
9023,4
9024,2
9025,4
9026,5
9027,4
9028,1
9029,4
9030,3
9031,1
9032,3
9033,4
9034,6
9035,4
9036,6
9037,7
9038,1
9039,2
9040,2
9041,9
9042,15
9043,7
9044,2
9045,9
9046,3
9047,2
9048,2
9049,2
9050,5
9051,1
9052,2
9053,2
9054,1
9055,1
9056,4
9057,1
9058,3
9059,7
9060,3
9061,6
9062,2
9063,2
9064,1
9065,11
9066,1
9067,6
9068,14
9069,2
9070,2
9071,3
9072,1
9073,2
9074,1
9075,1
9076,3
9077,2
9078,2
9079,9
9080,2
9081,5
9082,1
9083,2
9084,3
9085,3
9086,4
9087,3
9088,2
9089,4
9090,11
9091,1
9092,1
9093,7
9094,1
9095,3
9096,3
9097,4
9098,2
9099,4
9100,1
9101,2
9102,9
9103,1
9104,3
9105,1
9106,1
9107,1
9108,3
9109,5
9110,1
9111,4
9112,1
9113,3
9114,3
9115,5
9116,1
9117,1
9118,4
9119,1
9120,3
9121,4
9122,5
9123,12
9124,9
9125,2
9126,1
9127,1
9128,8
9129,1
9130,2
9131,7
9132,5
9133,2
9134,4
9135,2
9136,12
9137,5
9138,6
9139,3
9140,4
9141,9
9142,12
9143,9
9144,4
9145,1
9146,9
9147,1
9148,3
9149,13
9150,11
9151,6
9152,1
9153,3
9154,2
9155,1
9156,2
9157,10
9158,4
9159,16
9160,1
9161,2
9162,10
9163,2
9164,5
9165,12
9166,8
9167,4
9168,4
9169,9
9170,1
9171,1
9172,2
9173,28
9174,2
9175,9
9176,2
9177,4
9178,3
9179,1
9180,2
9181,2
9182,1
9183,5
9184,4
9185,2
9186,1
9187,3
9188,1
9189,3
9190,1
9191,2
9192,5
9193,1
9194,1
9195,1
9196,18
9197,13
9198,1
9199,4
9200,6
9201,1
9202,5
9203,6
9204,2
9205,7
9206,3
9207,1
9208,1
9209,3
9210,1
9211,10
9212,8
9213,4
9214,2
9215,4
9216,1
9217,3
9218,3
9219,1
9220,4
9221,8
9222,1
9223,3
9224,1
9225,1
9226,1
9227,3
9228,3
9229,3
9230,6
9231,5
9232,1
9233,3
9234,18
9235,6
9236,1
9237,1
9238,19
9239,5
9240,1
9241,1
9242,11
9243,8
9244,5
9245,39
9246,2
9247,11
9248,9
9249,6
9250,4
9251,7
9252,2
9253,2
9254,2
9255,3
9256,5
9257,14
9258,6
9259,16
9260,1
9261,20
9262,1
9263,7
9264,3
9265,4
9266,18
9267,14
9268,18
9269,11
9270,28
9271,2
9272,1
9273,3
9274,6
9275,6
9276,42
9277,6
9278,9
9279,5
9280,7
9281,2
9282,6
9283,7
9284,5
9285,10
9286,2
9287,20
9288,6
9289,4
9290,10
9291,2
9292,23
9293,15
9294,6
9295,2
9296,12
9297,19
9298,14
9299,10
9300,1
9301,2
9302,1
9303,9
9304,22
9305,2
9306,17
9307,20
9308,5
9309,28
9310,3
9311,11
9312,4
9313,1
9314,1
9315,15
9316,2
9317,1
9318,7
9319,4
9320,5
9321,8
9322,12
9323,2
9324,1
9325,9
9326,2
9327,15
9328,5
9329,10
9330,26
9331,14
9332,18
9333,2
9334,2
9335,2
9336,16
9337,1
9338,6
9339,5
9340,12
9341,10
9342,9
9343,3
9344,20
9345,2
9346,3
9347,11
9348,1
9349,1
9350,1
9351,6
9352,3
9353,11
9354,1
9355,8
9356,1
9357,21
9358,6
9359,4
9360,18
9361,2
9362,11
9363,21
9364,11
9365,2
9366,10
9367,8
9368,10
9369,11
9370,16
9371,6
9372,3
9373,9
9374,16
9375,11
9376,3
9377,4
9378,4
9379,6
9380,2
9381,6
9382,10
9383,29
9384,23
9385,1
9386,6
9387,7
9388,2
9389,22
9390,3
9391,15
9392,18
9393,23
9394,3
9395,5
9396,33
9397,36
9398,12
9399,2
9400,7
9401,1
9402,7
9403,23
9404,5
9405,10
9406,7
9407,3
9408,1
9409,21
9410,30
9411,19
9412,28
9413,15
9414,18
9415,2
9416,12
9417,5
9418,3
9419,9
9420,6
9421,20
9422,34
9423,9
9424,3
9425,7
9426,10
9427,31
9428,38
9429,17
9430,2
9431,3
9432,5
9433,3
9434,5
9435,18
9436,6
9437,11
9438,31
9439,3
9440,12
9441,5
9442,7
9443,11
9444,16
9445,21
9446,4
9447,9
9448,17
9449,12
9450,4
9451,13
9452,8
9453,9
9454,45
9455,41
9456,1
9457,24
9458,15
9459,4
9460,8
9461,9
9462,7
9463,11
9464,5
9465,20
9466,16
9467,11
9468,1
9469,11
9470,14
9471,12
9472,7
9473,5
9474,4
9475,11
9476,7
9477,38
9478,43
9479,5
9480,7
9481,7
9482,6
9483,16
9484,2
9485,3
9486,21
9487,18
9488,6
9489,18
9490,4
9491,31
9492,4
9493,3
9494,10
9495,29
9496,2
9497,16
9498,20
9499,9
9500,9
9501,8
9502,1
9503,11
9504,2
9505,8
9506,47
9507,17
9508,5
9509,11
9510,2
9511,33
9512,2
9513,2
9514,30
9515,1
9516,2
9517,3
9518,14
9519,3
9520,13
9521,3
9522,16
9523,2
9524,2
9525,1
9526,14
9527,2
9528,21
9529,6
9530,8
9531,11
9532,2
9533,3
9534,1
9535,1
9536,8
9537,2
9538,13
9539,34
9540,2
9541,2
9542,19
9543,3
9544,7
9545,2
9546,15
9547,5
9548,2
9549,19
9550,6
9551,3
9552,5
9553,1
9554,27
9555,1
9556,16
9557,11
9558,3
9559,4
9560,7
9561,14
9562,4
9563,19
9564,9
9565,1
9566,10
9567,4
9568,9
9569,2
9570,9
9571,3
9572,13
9573,1
9574,1
9575,6
9576,1
9577,7
9578,3
9579,7
9580,1
9581,2
9582,7
9583,1
9584,6
9585,10
9586,8
9587,12
9588,5
9589,1
9590,4
9591,5
9592,10
9593,4
9594,7
9595,1
9596,2
9597,1
9598,5
9599,9
9600,12
9601,3
9602,3
9603,1
9604,3
9605,1
9606,2
9607,3
9608,4
9609,2
9610,1
9611,1
9612,1
9613,1
9614,1
9615,1
9616,16
9617,3
9618,1
9619,4
9620,7
9621,2
9622,8
9623,3
9624,1
9625,11
9626,2
9627,8
9628,4
9629,1
9630,5
9631,3
9632,3
9633,14
9634,1
9635,3
9636,1
9637,1
9638,1
9639,2
9640,5
9641,2
9642,3
9643,2
9644,2
9645,14
9646,2
9647,2
9648,5
9649,1
9650,1
9651,4
9652,4
9653,2
9654,2
9655,3
9656,2
9657,1
9658,4
9659,2
9660,1
9661,1
9662,1
9663,4
9664,2
9665,4
9666,7
9667,4
9668,8
9669,1
9670,2
9671,4
9672,2
9673,1
9674,1
9675,5
9676,13
9677,1
9678,5
9679,2
9680,1
9681,2
9682,4
9683,3
9684,11
9685,5
9686,2
9687,3
9688,2
9689,1
9690,5
9691,2
9692,3
9693,2
9694,2
9695,1
9696,1
9697,6
9698,10
9699,7
9700,2
9701,3
9702,2
9703,10
9704,2
9705,2
9706,1
9707,5
9708,7
9709,3
9710,5
9711,1
9712,2
9713,3
9714,4
9715,2
9716,6
9717,3
9718,3
9719,5
9720,2
9721,1
9722,1
9723,3
9724,1
9725,1
9726,3
9727,2
9728,4
9729,3
9730,2
9731,2
9732,3
9733,4
9734,1
9735,2
9736,7
9737,7
9738,1
9739,3
9740,6
9741,4
9742,8
9743,1
9744,2
9745,4
9746,4
9747,2
9748,6
9749,4
9750,1
9751,4
9752,4
9753,4
9754,1
9755,4
9756,1
9757,1
9758,1
9759,6
9760,5
9761,4
9762,2
9763,3
9764,1
9765,2
9766,1
9767,2
9768,2
9769,1
9770,1
9771,2
9772,4
9773,1
9774,5
9775,2
9776,4
9777,2
9778,2
9779,5
9780,5
9781,2
9782,5
9783,1
9784,3
9785,1
9786,1
9787,8
9788,3
9789,2
9790,4
9791,12
9792,3
9793,3
9794,1
9795,2
9796,1
9797,2
9798,2
9799,3
9800,6
9801,1
9802,5
9803,1
9804,2
9805,2
9806,1
9807,2
9808,3
9809,3
9810,1
9811,1
9812,1
9813,1
9814,2
9815,2
9816,2
9817,7
9818,4
9819,7
9820,1
9821,7
9822,2
9823,1
9824,4
9825,1
9826,7
9827,3
9828,2
9829,1
9830,5
9831,1
9832,3
9833,1
9834,1
9835,3
9836,1
9837,2
9838,1
9839,1
9840,4
9841,2
9842,1
9843,3
9844,3
9845,1
9846,5
9847,11
9848,3
9849,4
9850,3
9851,2
9852,1
9853,1
9854,1
9855,4
9856,4
9857,1
9858,5
9859,8
9860,1
9861,11
9862,1
9863,2
9864,1
9865,4
9866,4
9867,1
9868,1
9869,1
9870,9
9871,5
9872,2
9873,1
9874,1
9875,5
9876,2
9877,2
9878,8
9879,7
9880,2
9881,5
9882,1
9883,1
9884,2
9885,2
9886,1
9887,4
9888,2
9889,1
9890,2
9891,8
9892,2
9893,1
9894,1
9895,3
9896,5
9897,1
9898,8
9899,3
9900,1
9901,5
9902,1
9903,1
9904,1
9905,2
9906,1
9907,1
9908,3
9909,2
9910,2
9911,1
9912,1
9913,9
9914,2
9915,1
9916,1
9917,3
9918,3
9919,2
9920,1
9921,3
9922,2
9923,1
9924,3
9925,1
9926,9
9927,3
9928,3
9929,3
9930,2
9931,1
9932,1
9933,7
9934,8
9935,4
9936,2
9937,3
9938,13
9939,12
9940,1
9941,1
9942,2
9943,5
9944,5
9945,1
9946,2
9947,2
9948,4
9949,5
9950,2
9951,1
9952,4
9953,6
9954,3
9955,1
9956,1
9957,15
9958,1
9959,1
9960,4
9961,2
9962,4
9963,4
9964,9
9965,7
9966,3
9967,4
9968,5
9969,1
9970,6
9971,8
9972,1
9973,2
9974,6
9975,1
9976,11
9977,2
9978,3
9979,2
9980,12
9981,4
9982,13
9983,1
9984,5
9985,4
9986,1
9987,3
9988,8
9989,1
9990,6
9991,8
9992,2
9993,2
9994,2
9995,3
9996,2
9997,1
9998,5
9999,5
10000,3
10001,1
10002,2
10003,3
10004,12
10005,3
10006,7
10007,2
10008,1
10009,1
10010,2
10011,4
10012,6
10013,10
10014,7
10015,3
10016,1
10017,3
10018,1
10019,7
10020,1
10021,2
10022,2
10023,2
10024,1
10025,8
10026,5
10027,2
10028,3
10029,11
10030,3
10031,6
10032,4
10033,1
10034,7
10035,2
10036,3
10037,14
10038,1
10039,6
10040,1
10041,9
10042,9
10043,8
10044,1
10045,3
10046,2
10047,2
10048,10
10049,1
10050,1
10051,2
10052,2
10053,12
10054,3
10055,2
10056,3
10057,7
10058,2
10059,1
10060,6
10061,1
10062,1
10063,5
10064,5
10065,4
10066,2
10067,4
10068,5
10069,7
10070,2
10071,5
10072,1
10073,3
10074,1
10075,1
10076,1
10077,1
10078,1
10079,2
10080,1
10081,9
10082,2
10083,2
10084,7
10085,4
10086,6
10087,3
10088,4
10089,2
10090,1
10091,6
10092,1
10093,1
10094,5
10095,12
10096,2
10097,6
10098,9
10099,4
10100,3
10101,1
10102,3
10103,1
10104,1
10105,5
10106,2
10107,9
10108,9
10109,5
10110,7
10111,2
10112,1
10113,4
10114,2
10115,1
10116,5
10117,6
10118,6
10119,1
10120,5
10121,6
10122,8
10123,4
10124,6
10125,1
10126,4
10127,8
10128,2
10129,3
10130,1
10131,1
10132,8
10133,7
10134,5
10135,3
10136,2
10137,9
10138,5
10139,7
10140,6
10141,3
10142,2
10143,4
10144,1
10145,2
10146,1
10147,1
10148,1
10149,1
10150,3
10151,4
10152,8
10153,6
10154,1
10155,1
10156,2
10157,3
10158,1
10159,1
10160,1
10161,4
10162,1
10163,3
10164,7
10165,9
10166,2
10167,7
10168,5
10169,1
10170,1
10171,1
10172,3
10173,7
10174,4
10175,4
10176,18
10177,7
10178,8
10179,1
10180,2
10181,2
10182,7
10183,1
10184,8
10185,3
10186,10
10187,2
10188,5
10189,10
10190,1
10191,7
10192,1
10193,6
10194,3
10195,2
10196,5
10197,8
10198,1
10199,7
10200,3
10201,4
10202,6
10203,1
10204,2
10205,3
10206,1
10207,1
10208,8
10209,2
10210,1
10211,1
10212,4
10213,2
10214,1
10215,2
10216,1
10217,7
10218,2
10219,1
10220,6
10221,6
10222,2
10223,6
10224,10
10225,6
10226,2
10227,3
10228,2
10229,2
10230,10
10231,1
10232,3
10233,4
10234,2
10235,1
10236,1
10237,2
10238,10
10239,13
10240,5
10241,2
10242,8
10243,3
10244,1
10245,2
10246,3
10247,1
10248,1
10249,9
10250,4
10251,7
10252,3
10253,6
10254,1
10255,1
10256,13
10257,2
10258,2
10259,1
10260,3
10261,6
10262,12
10263,2
10264,5
10265,1
10266,4
10267,4
10268,6
10269,7
10270,5
10271,18
10272,1
10273,3
10274,8
10275,2
10276,6
10277,3
10278,3
10279,3
10280,2
10281,9
10282,1
10283,5
10284,3
10285,6
10286,2
10287,5
10288,1
10289,6
10290,4
10291,3
10292,2
10293,8
10294,1
10295,1
10296,1
10297,6
10298,2
10299,4
10300,1
10301,1
10302,7
10303,5
10304,2
10305,5
10306,1
10307,3
10308,3
10309,4
10310,8
10311,3
10312,1
10313,2
10314,1
10315,7
10316,1
10317,9
10318,4
10319,2
10320,8
10321,1
10322,7
10323,2
10324,1
10325,2
10326,8
10327,7
10328,26
10329,1
10330,2
10331,8
10332,9
10333,2
10334,3
10335,13
10336,6
10337,3
10338,5
10339,7
10340,5
10341,9
10342,6
10343,1
10344,10
10345,2
10346,13
10347,1
10348,8
10349,4
10350,9
10351,8
10352,2
10353,12
10354,3
10355,4
10356,10
10357,7
10358,1
10359,10
10360,3
10361,5
10362,11
10363,4
10364,15
10365,5
10366,3
10367,3
10368,7
10369,22
10370,2
10371,2
10372,10
10373,1
10374,13
10375,2
10376,4
10377,3
10378,3
10379,1
10380,7
10381,5
10382,2
10383,19
10384,1
10385,6
10386,5
10387,7
10388,1
10389,20
10390,27
10391,5
10392,5
10393,8
10394,5
10395,11
10396,3
10397,3
10398,1
10399,14
10400,1
10401,7
10402,1
10403,1
10404,22
10405,11
10406,12
10407,11
10408,9
10409,1
10410,5
10411,30
10412,10
10413,19
10414,1
10415,8
10416,2
10417,1
10418,10
10419,6
10420,16
10421,1
10422,12
10423,1
10424,6
10425,3
10426,4
10427,9
10428,16
10429,20
10430,8
10431,18
10432,19
10433,3
10434,11
10435,2
10436,1
10437,9
10438,6
10439,25
10440,8
10441,19
10442,1
10443,11
10444,1
10445,9
10446,11
10447,2
10448,8
10449,10
10450,12
10451,14
10452,7
10453,8
10454,1
10455,12
10456,11
10457,1
10458,2
10459,3
10460,6
10461,9
10462,2
10463,14
10464,4
10465,16
10466,9
10467,2
10468,7
10469,25
10470,16
10471,10
10472,2
10473,14
10474,7
10475,22
10476,1
10477,2
10478,18
10479,6
10480,11
10481,19
10482,12
10483,2
10484,3
10485,15
10486,6
10487,3
10488,15
10489,6
10490,12
10491,4
10492,2
10493,11
10494,27
10495,1
10496,5
10497,6
10498,11
10499,15
10500,14
10501,31
10502,8
10503,12
10504,27
10505,9
10506,25
10507,25
10508,1
10509,14
10510,15
10511,20
10512,4
10513,8
10514,27
10515,2
10516,19
10517,46
10518,24
10519,1
10520,6
10521,9
10522,2
10523,5
10524,11
10525,1
10526,31
10527,15
10528,28
10529,9
10530,45
10531,11
10532,5
10533,5
10534,5
10535,18
10536,19
10537,1
10538,19
10539,13
10540,8
10541,14
10542,1
10543,10
10544,2
10545,17
10546,6
10547,39
10548,44
10549,16
10550,11
10551,3
10552,19
10553,25
10554,7
10555,2
10556,2
10557,18
10558,61
10559,7
10560,18
10561,13
10562,12
10563,3
10564,3
10565,14
10566,7
10567,14
10568,11
10569,3
10570,19
10571,5
10572,15
10573,1
10574,53
10575,5
10576,3
10577,17
10578,14
10579,7
10580,31
10581,5
10582,8
10583,38
10584,9
10585,7
10586,3
10587,4
10588,36
10589,1
10590,13
10591,1
10592,19
10593,26
10594,11
10595,2
10596,3
10597,3
10598,3
10599,2
10600,1
10601,4
10602,1
10603,2
10604,5
10605,4
10606,5
10607,7
10608,1
10609,3
10610,4
10611,9
10612,30
10613,3
10614,16
10615,4
10616,3
10617,5
10618,3
10619,3
10620,2
10621,14
10622,15
10623,4
10624,1
10625,3
10626,1
10627,1
10628,4
10629,7
10630,15
10631,6
10632,21
10633,23
10634,8
10635,2
10636,2
10637,7
10638,8
10639,5
10640,4
10641,12
10642,14
10643,3
10644,14
10645,1
10646,3
10647,2
10648,10
10649,9
10650,7
10651,1
10652,2
10653,5
10654,19
10655,5
10656,4
10657,1
10658,4
10659,2
10660,3
10661,6
10662,2
10663,10
10664,10
10665,21
10666,5
10667,10
10668,18
10669,11
10670,6
10671,5
10672,6
10673,2
10674,4
10675,4
10676,12
10677,23
10678,14
10679,3
10680,5
10681,1
10682,2
10683,2
10684,2
10685,3
10686,1
10687,1
10688,1
10689,3
10690,1
10691,1
10692,1
10693,2
10694,1
10695,4
10696,2
10697,1
10698,1
10699,1
10700,3
10701,2
10702,1
10703,1
10704,1
10705,2
10706,1
10707,1
10708,2
10709,1
10710,1
10711,7
10712,4
10713,5
10714,1
10715,4
10716,1
10717,3
10718,3
10719,1
10720,3
10721,2
10722,4
10723,4
10724,9
10725,3
10726,1
10727,1
10728,1
10729,7
10730,1
10731,1
10732,1
10733,5
10734,1
10735,5
10736,3
10737,2
10738,4
10739,3
10740,1
10741,1
10742,1
10743,1
10744,1
10745,1
10746,2
10747,1
10748,1
10749,1
10750,2
10751,3
10752,2
10753,1
10754,3
10755,1
10756,2
10757,2
10758,4
10759,1
10760,2
10761,1
10762,2
10763,1
10764,1
10765,2
10766,2
10767,1
10768,1
10769,1
10770,1
10771,1
10772,1
10773,1
10774,1
10775,1
10776,1
10777,1
10778,4
10779,1
10780,1
10781,1
10782,2
10783,1
10784,1
10785,3
10786,1
10787,1
10788,2
10789,3
10790,1
10791,1
10792,2
10793,3
10794,2
10795,3
10796,2
10797,1
10798,1
10799,2
10800,2
