1,1
2,7
3,1
4,1
5,7
6,3
7,2
8,9
9,1
10,1
11,9
12,3
13,2
14,1
15,1
16,1
17,1
18,2
19,10
20,3
21,2
22,5
23,2
24,10
25,2
26,3
27,7
28,2
29,11
30,4
31,2
32,2
33,10
34,3
35,6
36,2
37,2
38,1
39,4
40,11
41,1
42,6
43,1
44,7
45,1
46,5
47,6
48,3
49,1
50,11
51,7
52,1
53,10
54,2
55,3
56,17
57,3
58,9
59,4
60,3
61,3
62,5
63,17
64,12
65,1
66,3
67,3
68,3
69,1
70,1
71,2
72,1
73,5
74,10
75,4
76,2
77,3
78,4
79,6
80,2
81,2
82,1
83,3
84,2
85,10
86,8
87,9
88,11
89,4
90,2
91,3
92,3
93,1
94,2
95,5
96,12
97,3
98,3
99,8
100,7
101,4
102,2
103,3
104,3
105,14
106,6
107,5
108,5
109,8
110,5
111,5
112,1
113,1
114,3
115,2
116,5
117,4
118,5
119,1
120,3
121,5
122,1
123,6
124,7
125,11
126,6
127,1
128,3
129,14
130,8
131,2
132,9
133,1
134,3
135,4
136,6
137,6
138,7
139,2
140,9
141,3
142,8
143,4
144,3
145,3
146,8
147,1
148,5
149,1
150,10
151,1
152,2
153,3
154,4
155,3
156,10
157,2
158,8
159,6
160,12
161,12
162,7
163,10
164,1
165,4
166,4
167,6
168,8
169,13
170,1
171,1
172,3
173,4
174,3
175,8
176,1
177,3
178,6
179,5
180,1
181,4
182,9
183,11
184,1
185,5
186,7
187,2
188,3
189,5
190,4
191,2
192,5
193,13
194,3
195,9
196,2
197,3
198,16
199,2
200,7
201,7
202,8
203,1
204,2
205,7
206,1
207,1
208,2
209,4
210,1
211,12
212,1
213,6
214,3
215,3
216,4
217,9
218,1
219,1
220,6
221,3
222,1
223,1
224,1
225,2
226,3
227,2
228,5
229,1
230,2
231,1
232,2
233,2
234,1
235,1
236,1
237,7
238,4
239,8
240,11
241,1
242,5
243,4
244,6
245,3
246,4
247,2
248,1
249,7
250,5
251,3
252,8
253,3
254,6
255,3
256,2
257,2
258,2
259,6
260,4
261,3
262,2
263,2
264,5
265,1
266,1
267,9
268,1
269,2
270,8
271,2
272,13
273,3
274,7
275,1
276,1
277,4
278,3
279,1
280,2
281,2
282,2
283,5
284,2
285,10
286,8
287,9
288,4
289,9
290,2
291,8
292,3
293,9
294,1
295,3
296,2
297,4
298,1
299,1
300,11
301,1
302,1
303,2
304,5
305,3
306,3
307,1
308,2
309,4
310,8
311,2
312,2
313,4
314,3
315,2
316,2
317,3
318,3
319,3
320,5
321,4
322,2
323,1
324,1
325,3
326,4
327,4
328,1
329,3
330,2
331,2
332,7
333,7
334,3
335,4
336,2
337,5
338,1
339,2
340,2
341,2
342,2
343,7
344,3
345,1
346,2
347,2
348,2
349,11
350,4
351,1
352,4
353,1
354,5
355,3
356,2
357,4
358,1
359,3
360,5
361,9
362,2
363,4
364,2
365,3
366,1
367,2
368,3
369,4
370,6
371,1
372,3
373,2
374,6
375,1
376,3
377,2
378,7
379,7
380,3
381,2
382,5
383,3
384,6
385,3
386,11
387,3
388,2
389,2
390,2
391,3
392,1
393,4
394,9
395,4
396,5
397,1
398,5
399,1
400,6
401,2
402,11
403,3
404,4
405,1
406,1
407,5
408,9
409,4
410,2
411,2
412,7
413,2
414,1
415,20
416,16
417,4
418,1
419,1
420,2
421,4
422,3
423,3
424,8
425,6
426,2
427,3
428,4
429,1
430,10
431,3
432,4
433,7
434,1
435,5
436,1
437,7
438,1
439,3
440,3
441,12
442,4
443,1
444,2
445,6
446,1
447,4
448,4
449,1
450,4
451,8
452,4
453,3
454,5
455,1
456,5
457,6
458,1
459,6
460,1
461,7
462,2
463,6
464,1
465,5
466,2
467,1
468,3
469,2
470,2
471,2
472,6
473,3
474,3
475,4
476,9
477,1
478,2
479,2
480,9
481,5
482,3
483,6
484,4
485,10
486,4
487,1
488,2
489,3
490,14
491,2
492,1
493,4
494,3
495,2
496,6
497,3
498,4
499,2
500,8
501,4
502,2
503,2
504,1
505,5
506,2
507,1
508,3
509,7
510,1
511,8
512,1
513,3
514,3
515,2
516,6
517,2
518,5
519,6
520,5
521,5
522,1
523,3
524,2
525,2
526,1
527,2
528,4
529,2
530,1
531,4
532,1
533,6
534,1
535,3
536,11
537,1
538,4
539,6
540,3
541,1
542,5
543,2
544,11
545,6
546,1
547,4
548,5
549,7
550,2
551,2
552,3
553,1
554,3
555,1
556,4
557,1
558,1
559,6
560,1
561,1
562,3
563,3
564,2
565,4
566,5
567,3
568,8
569,1
570,1
571,11
572,1
573,1
574,6
575,1
576,1
577,5
578,7
579,1
580,5
581,3
582,3
583,5
584,3
585,4
586,3
587,1
588,6
589,2
590,5
591,1
592,4
593,3
594,1
595,4
596,2
597,8
598,3
599,1
600,4
601,2
602,4
603,13
604,9
605,8
606,12
607,6
608,1
609,1
610,2
611,3
612,2
613,3
614,1
615,2
616,2
617,5
618,6
619,3
620,7
621,7
622,1
623,5
624,4
625,4
626,1
627,3
628,3
629,1
630,1
631,1
632,9
633,3
634,7
635,5
636,11
637,4
638,2
639,7
640,1
641,7
642,1
643,3
644,8
645,3
646,9
647,19
648,11
649,1
650,8
651,9
652,3
653,1
654,5
655,3
656,1
657,3
658,13
659,6
660,7
661,7
662,2
663,9
664,3
665,16
666,8
667,1
668,4
669,17
670,1
671,7
672,2
673,2
674,6
675,4
676,6
677,4
678,2
679,15
680,3
681,2
682,19
683,22
684,4
685,2
686,6
687,12
688,14
689,4
690,19
691,4
692,18
693,17
694,2
695,26
696,27
697,20
698,7
699,6
700,12
701,2
702,6
703,12
704,2
705,36
706,4
707,5
708,6
709,5
710,3
711,3
712,13
713,17
714,10
715,4
716,4
717,33
718,7
719,6
720,5
721,5
722,2
723,3
724,2
725,2
726,1
727,2
728,2
729,1
730,1
731,1
732,5
733,9
734,3
735,1
736,1
737,2
738,2
739,2
740,4
741,4
742,2
743,1
744,4
745,5
746,6
747,2
748,3
749,7
750,3
751,9
752,1
753,10
754,2
755,2
756,3
757,4
758,2
759,1
760,6
761,11
762,3
763,2
764,3
765,1
766,1
767,5
768,1
769,1
770,4
771,1
772,1
773,1
774,2
775,1
776,5
777,5
778,9
779,1
780,3
781,3
782,1
783,1
784,8
785,2
786,3
787,2
788,6
789,3
790,4
791,2
792,1
793,4
794,2
795,2
796,8
797,4
798,5
799,3
800,1
801,1
802,3
803,2
804,1
805,2
806,5
807,1
808,4
809,3
810,9
811,1
812,3
813,2
814,1
815,17
816,6
817,1
818,7
819,8
820,4
821,6
822,1
823,3
824,3
825,2
826,3
827,2
828,9
829,3
830,1
831,5
832,3
833,3
834,8
835,3
836,4
837,5
838,2
839,2
840,8
841,7
842,1
843,2
844,2
845,3
846,11
847,3
848,5
849,5
850,16
851,1
852,11
853,3
854,6
855,6
856,9
857,4
858,2
859,13
860,3
861,2
862,6
863,1
864,3
865,14
866,8
867,4
868,4
869,1
870,9
871,2
872,3
873,3
874,1
875,7
876,3
877,4
878,1
879,1
880,1
881,1
882,1
883,4
884,9
885,7
886,10
887,3
888,1
889,4
890,6
891,5
892,4
893,4
894,5
895,8
896,1
897,8
898,4
899,1
900,3
901,1
902,4
903,1
904,2
905,4
906,1
907,2
908,1
909,4
910,1
911,2
912,8
913,2
914,1
915,7
916,2
917,1
918,2
919,2
920,1
921,2
922,3
923,3
924,2
925,1
926,2
927,1
928,10
929,1
930,1
931,7
932,6
933,6
934,2
935,1
936,5
937,1
938,12
939,2
940,1
941,4
942,6
943,2
944,11
945,3
946,5
947,3
948,2
949,4
950,3
951,4
952,6
953,1
954,15
955,4
956,1
957,1
958,2
959,7
960,5
961,2
962,4
963,5
964,4
965,5
966,1
967,17
968,3
969,8
970,4
971,4
972,6
973,2
974,2
975,1
976,2
977,2
978,5
979,1
980,4
981,9
982,3
983,7
984,1
985,10
986,1
987,6
988,4
989,5
990,6
991,2
992,3
993,1
994,14
995,5
996,12
997,3
998,9
999,1
1000,5
1001,4
1002,9
1003,4
1004,12
1005,8
1006,6
1007,14
1008,3
1009,3
1010,7
1011,10
1012,5
1013,1
1014,3
1015,16
1016,2
1017,9
1018,1
1019,1
1020,4
1021,3
1022,3
1023,18
1024,6
1025,14
1026,1
1027,1
1028,1
1029,5
1030,3
1031,22
1032,1
1033,14
1034,9
1035,11
1036,13
1037,7
1038,3
1039,7
1040,5
1041,1
1042,10
1043,20
1044,6
1045,20
1046,7
1047,1
1048,1
1049,10
1050,12
1051,5
1052,9
1053,20
1054,3
1055,5
1056,3
1057,7
1058,5
1059,4
1060,36
1061,1
1062,7
1063,2
1064,28
1065,8
1066,14
1067,5
1068,3
1069,5
1070,8
1071,5
1072,9
1073,26
1074,10
1075,23
1076,7
1077,7
1078,3
1079,4
1080,14
1081,4
1082,7
1083,1
1084,2
1085,1
1086,6
1087,5
1088,5
1089,3
1090,5
1091,4
1092,1
1093,3
1094,18
1095,3
1096,6
1097,2
1098,2
1099,5
1100,16
1101,7
1102,1
1103,3
1104,1
1105,3
1106,1
1107,1
1108,5
1109,11
1110,7
1111,18
1112,3
1113,2
1114,3
1115,6
1116,5
1117,7
1118,4
1119,3
1120,3
1121,17
1122,2
1123,8
1124,5
1125,8
1126,10
1127,1
1128,8
1129,25
1130,25
1131,5
1132,12
1133,6
1134,8
1135,3
1136,8
1137,11
1138,2
1139,1
1140,1
1141,5
1142,2
1143,6
1144,28
1145,16
1146,4
1147,1
1148,14
1149,4
1150,7
1151,3
1152,24
1153,4
1154,9
1155,6
1156,12
1157,4
1158,11
1159,1
1160,9
1161,5
1162,4
1163,6
1164,21
1165,10
1166,9
1167,2
1168,22
1169,20
1170,9
1171,2
1172,8
1173,7
1174,16
1175,5
1176,14
1177,11
1178,7
1179,9
1180,1
1181,6
1182,6
1183,6
1184,18
1185,7
1186,26
1187,6
1188,9
1189,8
1190,23
1191,18
1192,9
1193,15
1194,3
1195,4
1196,15
1197,9
1198,1
1199,6
1200,4
1201,1
1202,1
1203,29
1204,22
1205,8
1206,7
1207,8
1208,2
1209,13
1210,2
1211,2
1212,3
1213,6
1214,14
1215,2
1216,3
1217,4
1218,2
1219,10
1220,6
1221,2
1222,10
1223,21
1224,19
1225,2
1226,23
1227,2
1228,2
1229,34
1230,3
1231,4
1232,12
1233,8
1234,17
1235,4
1236,4
1237,1
1238,10
1239,7
1240,14
1241,3
1242,6
1243,6
1244,1
1245,6
1246,1
1247,6
1248,3
1249,1
1250,15
1251,3
1252,3
1253,1
1254,16
1255,12
1256,14
1257,1
1258,15
1259,2
1260,14
1261,1
1262,1
1263,1
1264,4
1265,1
1266,7
1267,3
1268,2
1269,7
1270,1
1271,3
1272,15
1273,7
1274,12
1275,1
1276,1
1277,8
1278,7
1279,3
1280,15
1281,4
1282,9
1283,9
1284,3
1285,6
1286,4
1287,8
1288,6
1289,3
1290,9
1291,8
1292,2
1293,3
1294,7
1295,2
1296,1
1297,2
1298,2
1299,14
1300,2
1301,14
1302,7
1303,1
1304,5
1305,7
1306,2
1307,2
1308,1
1309,3
1310,5
1311,1
1312,1
1313,1
1314,2
1315,1
1316,2
1317,4
1318,1
1319,4
1320,2
1321,1
1322,2
1323,2
1324,2
1325,3
1326,2
1327,3
1328,7
1329,1
1330,7
1331,16
1332,1
1333,12
1334,3
1335,2
1336,4
1337,1
1338,3
1339,2
1340,4
1341,1
1342,4
1343,1
1344,6
1345,12
1346,4
1347,1
1348,1
1349,5
1350,15
1351,2
1352,2
1353,11
1354,12
1355,1
1356,3
1357,3
1358,6
1359,3
1360,1
1361,6
1362,5
1363,8
1364,2
1365,3
1366,6
1367,2
1368,9
1369,5
1370,1
1371,4
1372,2
1373,2
1374,16
1375,1
1376,11
1377,5
1378,8
1379,5
1380,3
1381,2
1382,1
1383,4
1384,8
1385,1
1386,1
1387,4
1388,3
1389,2
1390,4
1391,2
1392,5
1393,11
1394,5
1395,2
1396,5
1397,11
1398,2
1399,4
1400,2
1401,3
1402,3
1403,4
1404,2
1405,4
1406,3
1407,1
1408,4
1409,2
1410,1
1411,2
1412,3
1413,1
1414,17
1415,1
1416,1
1417,1
1418,10
1419,1
1420,15
1421,6
1422,2
1423,5
1424,4
1425,6
1426,8
1427,2
1428,1
1429,5
1430,2
1431,2
1432,4
1433,3
1434,2
1435,7
1436,3
1437,1
1438,1
1439,3
1440,3
1441,3
1442,1
1443,7
1444,2
1445,2
1446,5
1447,2
1448,5
1449,1
1450,4
1451,1
1452,1
1453,4
1454,4
1455,4
1456,3
1457,12
1458,1
1459,5
1460,1
1461,4
1462,2
1463,3
1464,2
1465,1
1466,3
1467,3
1468,3
1469,6
1470,11
1471,9
1472,2
1473,1
1474,1
1475,4
1476,1
1477,4
1478,5
1479,1
1480,5
1481,1
1482,1
1483,2
1484,3
1485,1
1486,1
1487,1
1488,4
1489,6
1490,3
1491,5
1492,2
1493,2
1494,8
1495,2
1496,3
1497,6
1498,2
1499,1
1500,13
1501,8
1502,4
1503,6
1504,1
1505,3
1506,1
1507,1
1508,3
1509,2
1510,2
1511,4
1512,2
1513,2
1514,15
1515,3
1516,2
1517,3
1518,2
1519,1
1520,7
1521,4
1522,9
1523,4
1524,3
1525,5
1526,3
1527,1
1528,17
1529,7
1530,10
1531,5
1532,2
1533,5
1534,6
1535,1
1536,4
1537,4
1538,1
1539,1
1540,1
1541,1
1542,10
1543,4
1544,1
1545,6
1546,3
1547,1
1548,3
1549,1
1550,3
1551,2
1552,2
1553,6
1554,2
1555,1
1556,4
1557,5
1558,14
1559,2
1560,3
1561,1
1562,3
1563,6
1564,5
1565,7
1566,3
1567,1
1568,1
1569,4
1570,3
1571,1
1572,2
1573,5
1574,1
1575,14
1576,2
1577,1
1578,3
1579,9
1580,1
1581,4
1582,2
1583,3
1584,6
1585,1
1586,7
1587,3
1588,10
1589,3
1590,3
1591,1
1592,1
1593,5
1594,1
1595,4
1596,3
1597,1
1598,9
1599,2
1600,3
1601,1
1602,1
1603,8
1604,3
1605,3
1606,8
1607,2
1608,8
1609,6
1610,2
1611,2
1612,14
1613,6
1614,2
1615,4
1616,2
1617,1
1618,3
1619,2
1620,4
1621,1
1622,7
1623,15
1624,8
1625,2
1626,8
1627,9
1628,1
1629,2
1630,3
1631,19
1632,6
1633,2
1634,4
1635,5
1636,5
1637,6
1638,2
1639,1
1640,7
1641,2
1642,3
1643,10
1644,13
1645,5
1646,1
1647,3
1648,1
1649,1
1650,4
1651,1
1652,14
1653,5
1654,1
1655,2
1656,9
1657,2
1658,8
1659,12
1660,1
1661,6
1662,14
1663,3
1664,3
1665,13
1666,3
1667,1
1668,2
1669,2
1670,1
1671,1
1672,8
1673,6
1674,6
1675,1
1676,4
1677,3
1678,5
1679,2
1680,8
1681,2
1682,3
1683,8
1684,11
1685,5
1686,1
1687,6
1688,22
1689,3
1690,22
1691,2
1692,3
1693,7
1694,4
1695,18
1696,4
1697,2
1698,2
1699,1
1700,1
1701,14
1702,8
1703,3
1704,2
1705,5
1706,2
1707,1
1708,2
1709,6
1710,9
1711,3
1712,11
1713,28
1714,2
1715,6
1716,2
1717,1
1718,1
1719,4
1720,11
1721,15
1722,11
1723,4
1724,6
1725,11
1726,8
1727,16
1728,2
1729,4
1730,10
1731,6
1732,6
1733,12
1734,3
1735,5
1736,7
1737,2
1738,1
1739,5
1740,6
1741,3
1742,1
1743,3
1744,11
1745,6
1746,1
1747,7
1748,30
1749,2
1750,11
1751,18
1752,12
1753,2
1754,5
1755,4
1756,9
1757,3
1758,12
1759,13
1760,4
1761,1
1762,8
1763,14
1764,2
1765,8
1766,22
1767,12
1768,20
1769,4
1770,14
1771,15
1772,5
1773,11
1774,7
1775,1
1776,9
1777,1
1778,1
1779,2
1780,3
1781,3
1782,3
1783,8
1784,7
1785,23
1786,10
1787,3
1788,8
1789,5
1790,8
1791,5
1792,5
1793,13
1794,3
1795,17
1796,1
1797,6
1798,2
1799,9
1800,6
1801,4
1802,1
1803,1
1804,22
1805,8
1806,6
1807,3
1808,10
1809,4
1810,4
1811,3
1812,18
1813,7
1814,3
1815,2
1816,10
1817,5
1818,16
1819,13
1820,14
1821,4
1822,9
1823,12
1824,6
1825,9
1826,5
1827,5
1828,1
1829,9
1830,5
1831,11
1832,11
1833,6
1834,14
1835,9
1836,12
1837,8
1838,28
1839,3
1840,8
1841,2
1842,22
1843,18
1844,8
1845,6
1846,25
1847,6
1848,7
1849,13
1850,4
1851,5
1852,7
1853,11
1854,22
1855,11
1856,28
1857,27
1858,6
1859,19
1860,6
1861,1
1862,22
1863,5
1864,23
1865,4
1866,1
1867,2
1868,4
1869,3
1870,8
1871,2
1872,1
1873,13
1874,5
1875,1
1876,3
1877,5
1878,5
1879,2
1880,2
1881,11
1882,3
1883,3
1884,1
1885,10
1886,17
1887,7
1888,16
1889,2
1890,5
1891,15
1892,6
1893,1
1894,6
1895,11
1896,4
1897,4
1898,7
1899,13
1900,2
1901,15
1902,11
1903,6
1904,8
1905,9
1906,10
1907,1
1908,14
1909,1
1910,3
1911,1
1912,4
1913,3
1914,7
1915,2
1916,2
1917,2
1918,7
1919,9
1920,13
1921,6
1922,1
1923,5
1924,5
1925,6
1926,2
1927,3
1928,2
1929,2
1930,7
1931,8
1932,1
1933,7
1934,8
1935,10
1936,8
1937,1
1938,1
1939,16
1940,3
1941,3
1942,7
1943,6
1944,4
1945,5
1946,3
1947,5
1948,15
1949,1
1950,6
1951,15
1952,4
1953,3
1954,4
1955,3
1956,1
1957,6
1958,5
1959,2
1960,9
1961,7
1962,2
1963,3
1964,1
1965,2
1966,3
1967,7
1968,2
1969,5
1970,3
1971,6
1972,8
1973,4
1974,5
1975,8
1976,4
1977,2
1978,7
1979,3
1980,1
1981,2
1982,1
1983,3
1984,2
1985,4
1986,4
1987,11
1988,2
1989,1
1990,3
1991,4
1992,4
1993,6
1994,1
1995,7
1996,2
1997,3
1998,13
1999,1
2000,3
2001,1
2002,2
2003,1
2004,8
2005,1
2006,4
2007,6
2008,6
2009,1
2010,3
2011,3
2012,1
2013,6
2014,7
2015,5
2016,5
2017,8
2018,1
2019,2
2020,8
2021,2
2022,1
2023,1
2024,2
2025,2
2026,2
2027,4
2028,1
2029,13
2030,2
2031,1
2032,6
2033,1
2034,1
2035,7
2036,5
2037,2
2038,4
2039,3
2040,9
2041,9
2042,2
2043,2
2044,5
2045,2
2046,2
2047,3
2048,9
2049,8
2050,2
2051,5
2052,5
2053,2
2054,2
2055,7
2056,2
2057,7
2058,1
2059,4
2060,1
2061,2
2062,11
2063,6
2064,2
2065,12
2066,7
2067,3
2068,2
2069,10
2070,5
2071,7
2072,4
2073,7
2074,1
2075,2
2076,9
2077,21
2078,5
2079,10
2080,10
2081,1
2082,2
2083,1
2084,2
2085,1
2086,7
2087,12
2088,2
2089,1
2090,3
2091,1
2092,6
2093,4
2094,1
2095,3
2096,2
2097,5
2098,6
2099,2
2100,2
2101,2
2102,1
2103,1
2104,5
2105,2
2106,10
2107,3
2108,4
2109,3
2110,4
2111,1
2112,3
2113,1
2114,2
2115,4
2116,5
2117,4
2118,3
2119,2
2120,11
2121,3
2122,19
2123,4
2124,1
2125,1
2126,2
2127,2
2128,6
2129,2
2130,10
2131,4
2132,8
2133,7
2134,4
2135,13
2136,2
2137,1
2138,6
2139,1
2140,2
2141,1
2142,8
2143,1
2144,4
2145,2
2146,3
2147,3
2148,8
2149,10
2150,11
2151,3
2152,6
2153,2
2154,1
2155,9
2156,8
2157,1
2158,6
2159,6
2160,11
2161,4
2162,10
2163,16
2164,10
2165,8
2166,6
2167,7
2168,3
2169,1
2170,1
2171,1
2172,3
2173,7
2174,1
2175,4
2176,2
2177,4
2178,3
2179,2
2180,13
2181,6
2182,2
2183,13
2184,1
2185,1
2186,5
2187,12
2188,12
2189,3
2190,8
2191,1
2192,3
2193,3
2194,11
2195,5
2196,3
2197,3
2198,22
2199,18
2200,7
2201,3
2202,29
2203,15
2204,7
2205,13
2206,12
2207,12
2208,7
2209,27
2210,4
2211,1
2212,4
2213,4
2214,2
2215,7
2216,8
2217,16
2218,8
2219,8
2220,8
2221,4
2222,3
2223,10
2224,16
2225,3
2226,7
2227,16
2228,3
2229,7
2230,7
2231,7
2232,8
2233,6
2234,12
2235,11
2236,11
2237,10
2238,14
2239,15
2240,7
2241,11
2242,1
2243,12
2244,2
2245,1
2246,12
2247,15
2248,2
2249,13
2250,18
2251,2
2252,7
2253,1
2254,23
2255,16
2256,11
2257,10
2258,4
2259,1
2260,3
2261,14
2262,24
2263,2
2264,4
2265,16
2266,9
2267,3
2268,21
2269,1
2270,9
2271,9
2272,2
2273,12
2274,6
2275,20
2276,3
2277,6
2278,17
2279,5
2280,5
2281,1
2282,13
2283,5
2284,2
2285,7
2286,6
2287,1
2288,2
2289,3
2290,10
2291,5
2292,2
2293,6
2294,1
2295,6
2296,10
2297,7
2298,2
2299,10
2300,3
2301,2
2302,7
2303,16
2304,1
2305,1
2306,6
2307,1
2308,4
2309,2
2310,1
2311,5
2312,9
2313,14
2314,11
2315,13
2316,3
2317,3
2318,11
2319,11
2320,6
2321,1
2322,6
2323,6
2324,7
2325,17
2326,1
2327,5
2328,18
2329,1
2330,6
2331,2
2332,11
2333,10
2334,9
2335,1
2336,17
2337,1
2338,21
2339,2
2340,4
2341,8
2342,3
2343,4
2344,3
2345,3
2346,6
2347,3
2348,2
2349,3
2350,16
2351,29
2352,22
2353,16
2354,7
2355,10
2356,4
2357,5
2358,14
2359,8
2360,3
2361,11
2362,35
2363,23
2364,19
2365,7
2366,8
2367,42
2368,2
2369,6
2370,1
2371,12
2372,9
2373,1
2374,2
2375,14
2376,5
2377,3
2378,8
2379,9
2380,12
2381,1
2382,24
2383,43
2384,21
2385,1
2386,20
2387,42
2388,10
2389,1
2390,33
2391,1
2392,16
2393,39
2394,15
2395,13
2396,1
2397,23
2398,10
2399,5
2400,2
2401,43
2402,4
2403,22
2404,2
2405,3
2406,30
2407,6
2408,13
2409,30
2410,6
2411,7
2412,32
2413,43
2414,45
2415,30
2416,11
2417,4
2418,60
2419,38
2420,35
2421,15
2422,14
2423,11
2424,51
2425,65
2426,1
2427,5
2428,2
2429,1
2430,16
2431,11
2432,9
2433,10
2434,16
2435,15
2436,15
2437,3
2438,15
2439,79
2440,4
2441,8
2442,9
2443,10
2444,33
2445,4
2446,26
2447,8
2448,20
2449,14
2450,42
2451,22
2452,14
2453,7
2454,4
2455,1
2456,31
2457,2
2458,2
2459,8
2460,12
2461,4
2462,16
2463,19
2464,69
2465,5
2466,3
2467,4
2468,7
2469,37
2470,13
2471,13
2472,3
2473,1
2474,14
2475,7
2476,2
2477,20
2478,9
2479,12
2480,8
2481,8
2482,7
2483,17
2484,6
2485,7
2486,2
2487,2
2488,31
2489,3
2490,12
2491,8
2492,8
2493,3
2494,1
2495,8
2496,35
2497,21
2498,8
2499,21
2500,10
2501,3
2502,43
2503,11
2504,14
2505,7
2506,14
2507,2
2508,17
2509,1
2510,4
2511,14
2512,26
2513,14
2514,1
2515,17
2516,29
2517,7
2518,9
2519,7
2520,13
2521,43
2522,2
2523,12
2524,1
2525,32
2526,2
2527,10
2528,39
2529,46
2530,25
2531,3
2532,13
2533,7
2534,16
2535,6
2536,3
2537,1
2538,12
2539,13
2540,4
2541,2
2542,12
2543,8
2544,3
2545,2
2546,8
2547,45
2548,29
2549,46
2550,10
2551,6
2552,42
2553,13
2554,2
2555,16
2556,2
2557,60
2558,2
2559,28
2560,2
2561,16
2562,17
2563,11
2564,18
2565,32
2566,1
2567,65
2568,2
2569,18
2570,22
2571,48
2572,44
2573,30
2574,11
2575,32
2576,15
2577,15
2578,26
2579,21
2580,7
2581,5
2582,2
2583,7
2584,1
2585,26
2586,10
2587,20
2588,16
2589,6
2590,39
2591,1
2592,20
2593,3
2594,8
2595,19
2596,1
2597,9
2598,39
2599,2
2600,5
2601,31
2602,8
2603,49
2604,22
2605,6
2606,5
2607,4
2608,12
2609,15
2610,37
2611,45
2612,4
2613,26
2614,23
2615,29
2616,1
2617,10
2618,7
2619,24
2620,3
2621,10
2622,29
2623,8
2624,2
2625,58
2626,28
2627,1
2628,5
2629,33
2630,10
2631,6
2632,34
2633,25
2634,12
2635,11
2636,4
2637,8
2638,7
2639,7
2640,4
2641,18
2642,16
2643,2
2644,52
2645,1
2646,8
2647,5
2648,10
2649,2
2650,48
2651,27
2652,23
2653,3
2654,5
2655,26
2656,2
2657,44
2658,18
2659,11
2660,4
2661,21
2662,22
2663,12
2664,27
2665,23
2666,3
2667,37
2668,1
2669,17
2670,3
2671,11
2672,30
2673,27
2674,32
2675,4
2676,10
2677,4
2678,5
2679,1
2680,13
2681,22
2682,6
2683,5
2684,3
2685,10
2686,14
2687,8
2688,22
2689,10
2690,13
2691,16
2692,11
2693,9
2694,36
2695,24
2696,3
2697,24
2698,21
2699,11
2700,6
2701,1
2702,18
2703,26
2704,2
2705,6
2706,3
2707,2
2708,4
2709,12
2710,11
2711,15
2712,4
2713,33
2714,59
2715,13
2716,15
2717,32
2718,50
2719,2
2720,8
2721,5
2722,8
2723,1
2724,3
2725,2
2726,2
2727,6
2728,10
2729,5
2730,14
2731,12
2732,38
2733,12
2734,3
2735,9
2736,11
2737,23
2738,13
2739,5
2740,10
2741,2
2742,13
2743,15
2744,27
2745,35
2746,7
2747,14
2748,2
2749,30
2750,11
2751,15
2752,10
2753,17
2754,34
2755,8
2756,15
2757,3
2758,17
2759,24
2760,3
2761,12
2762,12
2763,10
2764,14
2765,6
2766,16
2767,16
2768,21
2769,20
2770,4
2771,3
2772,6
2773,8
2774,16
2775,7
2776,1
2777,26
2778,20
2779,3
2780,27
2781,3
2782,6
2783,21
2784,6
2785,4
2786,2
2787,30
2788,2
2789,34
2790,15
2791,3
2792,4
2793,29
2794,8
2795,24
2796,7
2797,1
2798,11
2799,1
2800,13
2801,61
2802,31
2803,22
2804,14
2805,1
2806,5
2807,20
2808,20
2809,18
2810,1
2811,12
2812,3
2813,14
2814,14
2815,1
2816,1
2817,2
2818,4
2819,3
2820,5
2821,13
2822,6
2823,41
2824,4
2825,5
2826,9
2827,36
2828,5
2829,5
2830,1
2831,13
2832,15
2833,1
2834,6
2835,1
2836,7
2837,1
2838,1
2839,5
2840,13
2841,4
2842,10
2843,2
2844,16
2845,2
2846,11
2847,11
2848,6
2849,3
2850,2
2851,7
2852,11
2853,1
2854,4
2855,24
2856,2
2857,36
2858,17
2859,20
2860,3
2861,1
2862,2
2863,5
2864,12
2865,21
2866,4
2867,11
2868,2
2869,11
2870,17
2871,9
2872,6
2873,7
2874,14
2875,11
2876,4
2877,30
2878,11
2879,4
2880,1
2881,11
2882,3
2883,7
2884,17
2885,5
2886,5
2887,6
2888,5
2889,4
2890,3
2891,1
2892,1
2893,11
2894,7
2895,10
2896,5
2897,16
2898,20
2899,14
2900,5
2901,14
2902,1
2903,4
2904,18
2905,8
2906,8
2907,2
2908,7
2909,7
2910,12
2911,3
2912,7
2913,5
2914,24
2915,3
2916,6
2917,5
2918,1
2919,7
2920,12
2921,1
2922,14
2923,9
2924,5
2925,3
2926,3
2927,3
2928,12
2929,7
2930,3
2931,2
2932,4
2933,15
2934,8
2935,4
2936,12
2937,8
2938,3
2939,1
2940,5
2941,7
2942,11
2943,3
2944,9
2945,10
2946,3
2947,11
2948,3
2949,3
2950,3
2951,3
2952,5
2953,1
2954,3
2955,2
2956,3
2957,6
2958,6
2959,10
2960,1
2961,6
2962,3
2963,4
2964,1
2965,12
2966,1
2967,5
2968,1
2969,10
2970,10
2971,2
2972,4
2973,4
2974,2
2975,3
2976,18
2977,6
2978,1
2979,1
2980,1
2981,6
2982,1
2983,2
2984,11
2985,4
2986,8
2987,7
2988,3
2989,6
2990,7
2991,15
2992,6
2993,4
2994,5
2995,11
2996,2
2997,2
2998,1
2999,1
3000,4
3001,3
3002,8
3003,8
3004,4
3005,2
3006,2
3007,16
3008,1
3009,7
3010,3
3011,16
3012,10
3013,1
3014,5
3015,1
3016,7
3017,9
3018,10
3019,19
3020,1
3021,8
3022,1
3023,1
3024,9
3025,6
3026,10
3027,5
3028,2
3029,3
3030,5
3031,1
3032,2
3033,4
3034,7
3035,10
3036,13
3037,4
3038,13
3039,5
3040,4
3041,11
3042,1
3043,3
3044,10
3045,7
3046,10
3047,11
3048,9
3049,3
3050,10
3051,13
3052,9
3053,2
3054,3
3055,13
3056,1
3057,3
3058,1
3059,2
3060,2
3061,3
3062,20
3063,23
3064,2
3065,7
3066,10
3067,5
3068,17
3069,4
3070,5
3071,3
3072,1
3073,10
3074,27
3075,5
3076,1
3077,16
3078,8
3079,5
3080,1
3081,5
3082,5
3083,21
3084,4
3085,3
3086,3
3087,8
3088,13
3089,7
3090,6
3091,8
3092,13
3093,2
3094,11
3095,21
3096,12
3097,6
3098,16
3099,11
3100,3
3101,31
3102,3
3103,8
3104,5
3105,3
3106,33
3107,8
3108,4
3109,12
3110,12
3111,11
3112,3
3113,35
3114,16
3115,13
3116,3
3117,35
3118,2
3119,8
3120,2
3121,24
3122,50
3123,2
3124,4
3125,10
3126,4
3127,5
3128,38
3129,1
3130,38
3131,10
3132,4
3133,14
3134,40
3135,21
3136,9
3137,11
3138,18
3139,24
3140,15
3141,11
3142,1
3143,8
3144,2
3145,27
3146,36
3147,5
3148,15
3149,3
3150,15
3151,17
3152,9
3153,6
3154,25
3155,8
3156,2
3157,6
3158,2
3159,2
3160,20
3161,9
3162,6
3163,8
3164,5
3165,2
3166,10
3167,16
3168,3
3169,5
3170,2
3171,22
3172,7
3173,9
3174,5
3175,1
3176,11
3177,10
3178,14
3179,14
3180,8
3181,5
3182,2
3183,13
3184,4
3185,6
3186,4
3187,3
3188,14
3189,3
3190,9
3191,1
3192,2
3193,4
3194,13
3195,9
3196,1
3197,17
3198,10
3199,2
3200,33
3201,12
3202,9
3203,7
3204,1
3205,9
3206,15
3207,7
3208,9
3209,11
3210,8
3211,5
3212,3
3213,8
3214,4
3215,18
3216,1
3217,11
3218,3
3219,4
3220,7
3221,1
3222,10
3223,2
3224,21
3225,7
3226,6
3227,5
3228,5
3229,26
3230,8
3231,1
3232,3
3233,2
3234,10
3235,2
3236,2
3237,4
3238,3
3239,9
3240,8
3241,19
3242,1
3243,13
3244,2
3245,19
3246,5
3247,4
3248,1
3249,2
3250,3
3251,14
3252,3
3253,8
3254,3
3255,1
3256,2
3257,6
3258,14
3259,2
3260,14
3261,1
3262,2
3263,5
3264,4
3265,3
3266,2
3267,7
3268,1
3269,1
3270,9
3271,4
3272,2
3273,5
3274,5
3275,14
3276,4
3277,5
3278,4
3279,2
3280,9
3281,5
3282,1
3283,3
3284,1
3285,1
3286,3
3287,4
3288,4
3289,1
3290,7
3291,2
3292,6
3293,14
3294,2
3295,1
3296,7
3297,2
3298,3
3299,1
3300,2
3301,4
3302,4
3303,2
3304,4
3305,3
3306,1
3307,8
3308,1
3309,1
3310,4
3311,4
3312,1
3313,2
3314,1
3315,1
3316,1
3317,2
3318,1
3319,1
3320,11
3321,2
3322,3
3323,3
3324,1
3325,1
3326,5
3327,3
3328,1
3329,2
3330,6
3331,3
3332,2
3333,2
3334,7
3335,3
3336,8
3337,1
3338,3
3339,3
3340,2
3341,4
3342,2
3343,6
3344,4
3345,3
3346,3
3347,1
3348,10
3349,3
3350,1
3351,8
3352,2
3353,5
3354,8
3355,3
3356,7
3357,9
3358,1
3359,7
3360,3
3361,8
3362,9
3363,2
3364,16
3365,5
3366,8
3367,1
3368,13
3369,14
3370,12
3371,12
3372,4
3373,1
3374,2
3375,2
3376,1
3377,9
3378,1
3379,4
3380,5
3381,3
3382,1
3383,4
3384,3
3385,1
3386,6
3387,11
3388,1
3389,2
3390,3
3391,4
3392,4
3393,13
3394,2
3395,8
3396,6
3397,2
3398,1
3399,6
3400,6
3401,9
3402,1
3403,10
3404,1
3405,1
3406,4
3407,10
3408,6
3409,2
3410,8
3411,10
3412,10
3413,13
3414,2
3415,9
3416,11
3417,27
3418,10
3419,17
3420,2
3421,2
3422,2
3423,2
3424,8
3425,31
3426,1
3427,5
3428,4
3429,1
3430,2
3431,7
3432,2
3433,2
3434,4
3435,2
3436,1
3437,8
3438,21
3439,6
3440,5
3441,1
3442,6
3443,13
3444,16
3445,8
3446,5
3447,4
3448,7
3449,2
3450,1
3451,6
3452,1
3453,1
3454,1
3455,4
3456,1
3457,1
3458,1
3459,3
3460,1
3461,1
3462,3
3463,3
3464,6
3465,3
3466,1
3467,3
3468,1
3469,2
3470,1
3471,6
3472,1
3473,2
3474,1
3475,4
3476,7
3477,6
3478,8
3479,2
3480,6
3481,2
3482,4
3483,1
3484,3
3485,2
3486,5
3487,3
3488,1
3489,1
3490,1
3491,2
3492,6
3493,6
3494,4
3495,1
3496,4
3497,7
3498,1
3499,5
3500,1
3501,2
3502,2
3503,1
3504,5
3505,3
3506,5
3507,1
3508,1
3509,5
3510,16
3511,8
3512,1
3513,2
3514,1
3515,5
3516,1
3517,7
3518,7
3519,1
3520,8
3521,2
3522,1
3523,4
3524,1
3525,3
3526,8
3527,3
3528,6
3529,1
3530,3
3531,5
3532,2
3533,1
3534,7
3535,2
3536,8
3537,2
3538,2
3539,2
3540,1
3541,7
3542,1
3543,5
3544,1
3545,1
3546,1
3547,2
3548,1
3549,3
3550,2
3551,3
3552,2
3553,1
3554,1
3555,4
3556,1
3557,3
3558,1
3559,2
3560,6
3561,3
3562,6
3563,4
3564,1
3565,2
3566,1
3567,1
3568,2
3569,3
3570,4
3571,3
3572,3
3573,1
3574,6
3575,1
3576,4
3577,6
3578,1
3579,8
3580,2
3581,1
3582,2
3583,4
3584,3
3585,5
3586,6
3587,6
3588,6
3589,3
3590,6
3591,1
3592,2
3593,2
3594,1
3595,8
3596,5
3597,5
3598,3
3599,1
3600,8
3601,3
3602,4
3603,1
3604,1
3605,5
3606,6
3607,1
3608,4
3609,4
3610,1
3611,1
3612,6
3613,1
3614,3
3615,2
3616,8
3617,1
3618,3
3619,3
3620,1
3621,2
3622,2
3623,2
3624,1
3625,2
3626,2
3627,1
3628,1
3629,6
3630,4
3631,1
3632,2
3633,5
3634,1
3635,1
3636,3
3637,1
3638,2
3639,7
3640,8
3641,5
3642,1
3643,2
3644,1
3645,2
3646,1
3647,7
3648,1
3649,1
3650,3
3651,2
3652,1
3653,1
3654,3
3655,10
3656,1
3657,3
3658,1
3659,3
3660,1
3661,3
3662,3
3663,3
3664,1
3665,4
3666,1
3667,1
3668,1
3669,2
3670,1
3671,2
3672,2
3673,1
3674,3
3675,2
3676,2
3677,1
3678,3
3679,2
3680,2
3681,1
3682,3
3683,2
3684,1
3685,2
3686,5
3687,5
3688,1
3689,1
3690,4
3691,6
3692,3
3693,1
3694,2
3695,1
3696,2
3697,2
3698,1
3699,2
3700,2
3701,2
3702,4
3703,1
3704,2
3705,2
3706,2
3707,3
3708,4
3709,1
3710,1
3711,1
3712,3
3713,1
3714,1
3715,5
3716,1
3717,1
3718,3
3719,1
3720,1
3721,7
3722,7
3723,7
3724,2
3725,1
3726,6
3727,2
3728,1
3729,2
3730,1
3731,4
3732,2
3733,7
3734,2
3735,11
3736,1
3737,2
3738,4
3739,3
3740,3
3741,1
3742,5
3743,1
3744,2
3745,2
3746,5
3747,2
3748,7
3749,1
3750,6
3751,3
3752,2
3753,1
3754,5
3755,1
3756,6
3757,1
3758,2
3759,1
3760,9
3761,4
3762,1
3763,9
3764,8
3765,2
3766,2
3767,1
3768,2
3769,2
3770,1
3771,4
3772,1
3773,3
3774,1
3775,2
3776,1
3777,4
3778,2
3779,2
3780,2
3781,2
3782,6
3783,1
3784,2
3785,1
3786,1
3787,2
3788,1
3789,2
3790,5
3791,3
3792,1
3793,3
3794,2
3795,2
3796,1
3797,4
3798,1
3799,1
3800,6
3801,6
3802,2
3803,1
3804,2
3805,1
3806,7
3807,5
3808,1
3809,1
3810,1
3811,1
3812,1
3813,2
3814,3
3815,2
3816,5
3817,2
3818,1
3819,1
3820,2
3821,2
3822,1
3823,6
3824,6
3825,7
3826,1
3827,1
3828,1
3829,2
3830,1
3831,1
3832,3
3833,2
3834,4
3835,4
3836,1
3837,2
3838,1
3839,1
3840,1
3841,5
3842,1
3843,1
3844,1
3845,6
3846,3
3847,1
3848,3
3849,7
3850,6
3851,2
3852,2
3853,11
3854,2
3855,13
3856,4
3857,2
3858,5
3859,1
3860,1
3861,1
3862,4
3863,5
3864,6
3865,4
3866,3
3867,1
3868,5
3869,5
3870,6
3871,4
3872,5
3873,4
3874,3
3875,2
3876,2
3877,5
3878,1
3879,1
3880,4
3881,2
3882,1
3883,1
3884,1
3885,3
3886,5
3887,1
3888,3
3889,4
3890,3
3891,6
3892,1
3893,1
3894,1
3895,2
3896,2
3897,5
3898,2
3899,4
3900,5
3901,2
3902,4
3903,7
3904,13
3905,1
3906,4
3907,11
3908,13
3909,4
3910,6
3911,11
3912,1
3913,8
3914,21
3915,14
3916,5
3917,9
3918,6
3919,11
3920,1
3921,5
3922,12
3923,4
3924,6
3925,8
3926,15
3927,3
3928,4
3929,11
3930,10
3931,5
3932,11
3933,3
3934,2
3935,15
3936,7
3937,20
3938,1
3939,7
3940,16
3941,33
3942,27
3943,1
3944,13
3945,3
3946,3
3947,5
3948,1
3949,8
3950,11
3951,10
3952,15
3953,14
3954,5
3955,4
3956,3
3957,22
3958,3
3959,3
3960,5
3961,3
3962,7
3963,6
3964,6
3965,4
3966,2
3967,3
3968,4
3969,4
3970,6
3971,6
3972,4
3973,10
3974,12
3975,4
3976,3
3977,13
3978,8
3979,7
3980,28
3981,12
3982,1
3983,2
3984,5
3985,4
3986,1
3987,1
3988,10
3989,6
3990,1
3991,1
3992,2
3993,1
3994,15
3995,2
3996,1
3997,6
3998,5
3999,4
4000,3
4001,1
4002,4
4003,1
4004,10
4005,2
4006,2
4007,10
4008,6
4009,2
4010,2
4011,4
4012,4
4013,5
4014,2
4015,3
4016,8
4017,5
4018,5
4019,6
4020,3
4021,5
4022,9
4023,6
4024,2
4025,3
4026,2
4027,1
4028,6
4029,13
4030,1
4031,11
4032,1
4033,3
4034,2
4035,2
4036,1
4037,1
4038,3
4039,16
4040,1
4041,3
4042,7
4043,9
4044,16
4045,1
4046,1
4047,10
4048,16
4049,1
4050,11
4051,4
4052,3
4053,4
4054,3
4055,19
4056,7
4057,5
4058,2
4059,4
4060,2
4061,3
4062,5
4063,1
4064,12
4065,6
4066,3
4067,4
4068,2
4069,9
4070,5
4071,13
4072,5
4073,9
4074,5
4075,4
4076,7
4077,4
4078,12
4079,8
4080,6
4081,2
4082,1
4083,2
4084,7
4085,5
4086,2
4087,6
4088,6
4089,2
4090,2
4091,9
4092,4
4093,4
4094,1
4095,2
4096,1
4097,4
4098,4
4099,1
4100,2
4101,3
4102,3
4103,2
4104,2
4105,2
4106,2
4107,3
4108,13
4109,2
4110,2
4111,13
4112,10
4113,4
4114,9
4115,4
4116,1
4117,2
4118,8
4119,16
4120,1
4121,3
4122,5
4123,4
4124,10
4125,2
4126,5
4127,9
4128,3
4129,4
4130,3
4131,6
4132,1
4133,5
4134,10
4135,4
4136,7
4137,1
4138,8
4139,1
4140,1
4141,3
4142,1
4143,2
4144,7
4145,7
4146,16
4147,6
4148,1
4149,1
4150,4
4151,9
4152,5
4153,1
4154,1
4155,11
4156,11
4157,5
4158,6
4159,2
4160,12
4161,4
4162,3
4163,7
4164,5
4165,16
4166,2
4167,4
4168,3
4169,5
4170,1
4171,10
4172,21
4173,6
4174,3
4175,8
4176,13
4177,8
4178,2
4179,2
4180,16
4181,12
4182,12
4183,3
4184,8
4185,10
4186,2
4187,18
4188,1
4189,6
4190,5
4191,1
4192,3
4193,5
4194,7
4195,6
4196,5
4197,2
4198,7
4199,7
4200,15
4201,7
4202,4
4203,5
4204,8
4205,1
4206,1
4207,5
4208,2
4209,13
4210,2
4211,8
4212,3
4213,1
4214,7
4215,7
4216,3
4217,4
4218,2
4219,8
4220,8
4221,2
4222,7
4223,5
4224,2
4225,2
4226,2
4227,6
4228,3
4229,1
4230,20
4231,5
4232,1
4233,2
4234,12
4235,1
4236,2
4237,1
4238,1
4239,6
4240,2
4241,1
4242,15
4243,1
4244,3
4245,9
4246,13
4247,2
4248,2
4249,1
4250,4
4251,3
4252,2
4253,1
4254,5
4255,8
4256,16
4257,5
4258,1
4259,1
4260,7
4261,5
4262,1
4263,1
4264,4
4265,1
4266,7
4267,1
4268,2
4269,1
4270,4
4271,2
4272,3
4273,4
4274,1
4275,2
4276,2
4277,3
4278,2
4279,1
4280,2
4281,4
4282,1
4283,1
4284,6
4285,1
4286,5
4287,2
4288,4
4289,1
4290,1
4291,2
4292,1
4293,1
4294,1
4295,2
4296,1
4297,2
4298,5
4299,2
4300,1
4301,8
4302,2
4303,1
4304,2
4305,2
4306,1
4307,3
4308,1
4309,1
4310,5
4311,2
4312,2
4313,6
4314,1
4315,2
4316,2
4317,3
4318,4
4319,1
4320,2
4321,7
4322,2
4323,2
4324,3
4325,4
4326,1
4327,1
4328,10
4329,2
4330,5
4331,1
4332,2
4333,1
4334,1
4335,7
4336,5
4337,2
4338,5
4339,2
4340,3
4341,1
4342,1
4343,1
4344,2
4345,3
4346,9
4347,2
4348,4
4349,1
4350,6
4351,2
4352,1
4353,2
4354,2
4355,5
4356,3
4357,2
4358,1
4359,5
4360,1
4361,3
4362,3
4363,5
4364,9
4365,2
4366,1
4367,1
4368,1
4369,3
4370,1
4371,2
4372,1
4373,1
4374,4
4375,8
4376,2
4377,1
4378,2
4379,3
4380,1
4381,3
4382,2
4383,6
4384,5
4385,11
4386,8
4387,8
4388,1
4389,2
4390,1
4391,1
4392,2
4393,2
4394,1
4395,4
4396,5
4397,1
4398,8
4399,1
4400,13
4401,1
4402,2
4403,1
4404,9
4405,5
4406,1
4407,4
4408,1
4409,8
4410,3
4411,6
4412,5
4413,5
4414,8
4415,2
4416,3
4417,1
4418,2
4419,4
4420,5
4421,1
4422,1
4423,1
4424,1
4425,1
4426,1
4427,4
4428,1
4429,2
4430,2
4431,3
4432,5
4433,2
4434,2
4435,1
4436,6
4437,11
4438,2
4439,5
4440,3
4441,2
4442,6
4443,14
4444,4
4445,2
4446,4
4447,1
4448,1
4449,11
4450,4
4451,3
4452,4
4453,6
4454,2
4455,6
4456,1
4457,1
4458,4
4459,4
4460,4
4461,3
4462,2
4463,1
4464,3
4465,2
4466,4
4467,8
4468,2
4469,1
4470,1
4471,2
4472,3
4473,1
4474,2
4475,4
4476,6
4477,1
4478,6
4479,5
4480,1
4481,1
4482,6
4483,6
4484,2
4485,3
4486,3
4487,1
4488,2
4489,5
4490,2
4491,5
4492,5
4493,10
4494,1
4495,3
4496,1
4497,3
4498,3
4499,1
4500,6
4501,5
4502,4
4503,4
4504,1
4505,1
4506,4
4507,1
4508,5
4509,3
4510,5
4511,1
4512,4
4513,7
4514,7
4515,3
4516,4
4517,1
4518,1
4519,4
4520,4
4521,4
4522,1
4523,4
4524,2
4525,1
4526,2
4527,2
4528,1
4529,2
4530,1
4531,3
4532,1
4533,8
4534,2
4535,5
4536,1
4537,2
4538,7
4539,1
4540,4
4541,6
4542,1
4543,2
4544,3
4545,3
4546,2
4547,2
4548,2
4549,4
4550,1
4551,2
4552,1
4553,4
4554,4
4555,11
4556,2
4557,4
4558,3
4559,1
4560,7
4561,4
4562,1
4563,1
4564,1
4565,3
4566,5
4567,1
4568,4
4569,2
4570,3
4571,1
4572,2
4573,1
4574,1
4575,16
4576,2
4577,6
4578,1
4579,3
4580,2
4581,1
4582,2
4583,2
4584,3
4585,3
4586,1
4587,2
4588,2
4589,1
4590,2
4591,8
4592,1
4593,3
4594,1
4595,1
4596,1
4597,3
4598,1
4599,2
4600,4
4601,15
4602,4
4603,3
4604,4
4605,6
4606,4
4607,2
4608,1
4609,2
4610,6
4611,4
4612,1
4613,1
4614,8
4615,2
4616,5
4617,2
4618,2
4619,1
4620,2
4621,17
4622,2
4623,6
4624,16
4625,4
4626,8
4627,4
4628,1
4629,19
4630,12
4631,19
4632,3
4633,4
4634,5
4635,9
4636,2
4637,8
4638,1
4639,1
4640,4
4641,4
4642,9
4643,9
4644,19
4645,27
4646,23
4647,2
4648,2
4649,7
4650,4
4651,3
4652,1
4653,2
4654,12
4655,6
4656,2
4657,3
4658,7
4659,6
4660,3
4661,22
4662,23
4663,13
4664,4
4665,2
4666,14
4667,4
4668,5
4669,6
4670,1
4671,6
4672,1
4673,19
4674,19
4675,33
4676,14
4677,11
4678,4
4679,10
4680,5
4681,1
4682,7
4683,15
4684,16
4685,7
4686,1
4687,1
4688,5
4689,19
4690,1
4691,12
4692,8
4693,2
4694,5
4695,10
4696,3
4697,7
4698,7
4699,6
4700,7
4701,1
4702,17
4703,25
4704,6
4705,23
4706,4
4707,11
4708,4
4709,1
4710,13
4711,8
4712,4
4713,2
4714,7
4715,4
4716,1
4717,6
4718,10
4719,13
4720,1
4721,4
4722,6
4723,1
4724,5
4725,2
4726,2
4727,3
4728,1
4729,2
4730,5
4731,5
4732,3
4733,3
4734,6
4735,1
4736,2
4737,10
4738,3
4739,1
4740,5
4741,4
4742,1
4743,7
4744,17
4745,1
4746,8
4747,7
4748,4
4749,6
4750,2
4751,1
4752,1
4753,3
4754,15
4755,7
4756,1
4757,4
4758,5
4759,5
4760,3
4761,6
4762,2
4763,5
4764,6
4765,2
4766,7
4767,1
4768,6
4769,5
4770,1
4771,2
4772,13
4773,2
4774,5
4775,4
4776,3
4777,3
4778,7
4779,16
4780,2
4781,1
4782,8
4783,1
4784,4
4785,15
4786,7
4787,2
4788,3
4789,2
4790,19
4791,3
4792,9
4793,2
4794,2
4795,12
4796,1
4797,1
4798,1
4799,6
4800,3
4801,12
4802,2
4803,5
4804,3
4805,5
4806,1
4807,1
4808,6
4809,39
4810,3
4811,8
4812,9
4813,1
4814,4
4815,5
4816,10
4817,3
4818,21
4819,9
4820,3
4821,5
4822,7
4823,4
4824,4
4825,13
4826,23
4827,14
4828,20
4829,8
4830,2
4831,3
4832,17
4833,3
4834,5
4835,2
4836,3
4837,6
4838,17
4839,23
4840,2
4841,11
4842,8
4843,6
4844,13
4845,11
4846,2
4847,8
4848,8
4849,3
4850,8
4851,23
4852,16
4853,4
4854,4
4855,10
4856,3
4857,4
4858,19
4859,10
4860,7
4861,5
4862,23
4863,4
4864,7
4865,10
4866,6
4867,17
4868,2
4869,28
4870,5
4871,1
4872,11
4873,5
4874,7
4875,20
4876,6
4877,7
4878,12
4879,25
4880,25
4881,13
4882,6
4883,26
4884,10
4885,16
4886,7
4887,16
4888,8
4889,13
4890,10
4891,1
4892,4
4893,1
4894,1
4895,5
4896,13
4897,2
4898,1
4899,1
4900,1
4901,2
4902,3
4903,2
4904,1
4905,4
4906,2
4907,1
4908,7
4909,7
4910,2
4911,3
4912,9
4913,2
4914,3
4915,2
4916,1
4917,2
4918,1
4919,3
4920,7
4921,1
4922,1
4923,1
4924,1
4925,3
4926,1
4927,2
4928,1
4929,3
4930,3
4931,2
4932,2
4933,4
4934,1
4935,2
4936,1
4937,2
4938,2
4939,1
4940,2
4941,4
4942,2
4943,2
4944,7
4945,1
4946,3
4947,2
4948,2
4949,1
4950,1
4951,3
4952,2
4953,3
4954,10
4955,2
4956,5
4957,9
4958,1
4959,6
4960,4
4961,8
4962,1
4963,12
4964,1
4965,1
4966,4
4967,2
4968,3
4969,1
4970,2
4971,1
4972,2
4973,1
4974,2
4975,1
4976,3
4977,4
4978,6
4979,2
4980,1
4981,7
4982,2
4983,7
4984,1
4985,3
4986,8
4987,4
4988,1
4989,8
4990,3
4991,6
4992,1
4993,2
4994,1
4995,6
4996,2
4997,2
4998,3
4999,1
5000,3
5001,4
5002,3
5003,1
5004,4
5005,4
5006,2
5007,3
5008,1
5009,4
5010,5
5011,7
5012,1
5013,1
5014,2
5015,3
5016,2
5017,1
5018,1
5019,2
5020,3
5021,1
5022,3
5023,1
5024,1
5025,2
5026,2
5027,1
5028,2
5029,4
5030,6
5031,6
5032,2
5033,1
5034,3
5035,1
5036,1
5037,5
5038,1
5039,2
5040,1
5041,7
5042,1
5043,3
5044,1
5045,3
5046,5
5047,1
5048,2
5049,7
5050,10
5051,5
5052,1
5053,2
5054,2
5055,3
5056,1
5057,6
5058,2
5059,4
5060,5
5061,9
5062,4
5063,2
5064,1
5065,1
5066,2
5067,2
5068,1
5069,1
5070,2
5071,2
5072,1
5073,2
5074,2
5075,1
5076,4
5077,1
5078,10
5079,2
5080,1
5081,5
5082,3
5083,2
5084,2
5085,3
5086,1
5087,3
5088,2
5089,1
5090,1
5091,4
5092,8
5093,3
5094,1
5095,4
5096,1
5097,1
5098,8
5099,1
5100,1
5101,3
5102,1
5103,6
5104,2
5105,4
5106,1
5107,1
5108,2
5109,2
5110,1
5111,1
5112,3
5113,1
5114,2
5115,1
5116,5
5117,1
5118,4
5119,5
5120,1
5121,2
5122,1
5123,1
5124,2
5125,2
5126,1
5127,2
5128,2
5129,4
5130,1
5131,7
5132,5
5133,2
5134,1
5135,1
5136,1
5137,8
5138,1
5139,3
5140,1
5141,1
5142,3
5143,1
5144,1
5145,3
5146,1
5147,4
5148,1
5149,1
5150,2
5151,6
5152,2
5153,3
5154,3
5155,5
5156,4
5157,3
5158,2
5159,5
5160,2
5161,9
5162,1
5163,2
5164,1
5165,4
5166,9
5167,2
5168,2
5169,2
5170,3
5171,1
5172,4
5173,7
5174,2
5175,5
5176,3
5177,4
5178,2
5179,4
5180,3
5181,4
5182,2
5183,4
5184,7
5185,1
5186,1
5187,1
5188,3
5189,6
5190,1
5191,3
5192,1
5193,3
5194,1
5195,1
5196,1
5197,1
5198,1
5199,2
5200,3
5201,1
5202,2
5203,1
5204,1
5205,4
5206,2
5207,1
5208,1
5209,2
5210,3
5211,1
5212,2
5213,1
5214,1
5215,6
5216,2
5217,1
5218,3
5219,1
5220,1
5221,4
5222,1
5223,1
5224,2
5225,2
5226,4
5227,1
5228,3
5229,1
5230,1
5231,3
5232,1
5233,4
5234,1
5235,4
5236,6
5237,8
5238,4
5239,3
5240,5
5241,1
5242,1
5243,7
5244,1
5245,4
5246,9
5247,9
5248,1
5249,1
5250,3
5251,3
5252,1
5253,7
5254,3
5255,5
5256,3
5257,6
5258,5
5259,3
5260,5
5261,2
5262,3
5263,3
5264,2
5265,1
5266,1
5267,2
5268,3
5269,5
5270,2
5271,4
5272,4
5273,4
5274,4
5275,1
5276,3
5277,6
5278,1
5279,4
5280,7
5281,2
5282,3
5283,4
5284,4
5285,2
5286,7
5287,2
5288,1
5289,3
5290,2
5291,2
5292,2
5293,5
5294,4
5295,7
5296,4
5297,1
5298,7
5299,9
5300,6
5301,1
5302,1
5303,6
5304,8
5305,7
5306,2
5307,5
5308,1
5309,3
5310,5
5311,5
5312,3
5313,1
5314,13
5315,1
5316,1
5317,5
5318,2
5319,2
5320,1
5321,1
5322,2
5323,4
5324,8
5325,2
5326,1
5327,1
5328,2
5329,3
5330,3
5331,4
5332,1
5333,1
5334,7
5335,1
5336,2
5337,1
5338,1
5339,2
5340,1
5341,1
5342,3
5343,1
5344,2
5345,2
5346,4
5347,2
5348,1
5349,3
5350,3
5351,2
5352,4
5353,1
5354,3
5355,4
5356,5
5357,5
5358,1
5359,3
5360,1
5361,1
5362,1
5363,4
5364,2
5365,4
5366,4
5367,5
5368,5
5369,1
5370,3
5371,1
5372,8
5373,4
5374,1
5375,1
5376,1
5377,1
5378,7
5379,5
5380,7
5381,2
5382,4
5383,2
5384,1
5385,5
5386,1
5387,2
5388,4
5389,3
5390,4
5391,6
5392,1
5393,3
5394,1
5395,2
5396,2
5397,1
5398,3
5399,3
5400,1
5401,3
5402,1
5403,1
5404,2
5405,2
5406,6
5407,3
5408,1
5409,1
5410,2
5411,4
5412,1
5413,3
5414,5
5415,1
5416,2
5417,4
5418,3
5419,6
5420,1
5421,1
5422,1
5423,5
5424,1
5425,8
5426,1
5427,2
5428,1
5429,2
5430,1
5431,2
5432,1
5433,5
5434,2
5435,7
5436,5
5437,3
5438,1
5439,1
5440,1
5441,2
5442,1
5443,6
5444,1
5445,1
5446,3
5447,6
5448,6
5449,1
5450,1
5451,2
5452,3
5453,1
5454,1
5455,1
5456,1
5457,4
5458,1
5459,3
5460,1
5461,6
5462,1
5463,3
5464,3
5465,2
5466,4
5467,5
5468,2
5469,2
5470,3
5471,9
5472,2
5473,7
5474,4
5475,1
5476,1
5477,2
5478,1
5479,2
5480,5
5481,3
5482,2
5483,1
5484,3
5485,4
5486,1
5487,8
5488,2
5489,1
5490,3
5491,5
5492,1
5493,1
5494,2
5495,6
5496,2
5497,1
5498,1
5499,5
5500,4
5501,1
5502,3
5503,3
5504,3
5505,1
5506,4
5507,4
5508,1
5509,7
5510,1
5511,2
5512,8
5513,3
5514,2
5515,2
5516,3
5517,3
5518,1
5519,1
5520,4
5521,3
5522,3
5523,3
5524,1
5525,1
5526,1
5527,4
5528,3
5529,4
5530,1
5531,1
5532,3
5533,2
5534,8
5535,3
5536,1
5537,4
5538,5
5539,1
5540,1
5541,3
5542,1
5543,10
5544,1
5545,1
5546,2
5547,5
5548,2
5549,6
5550,3
5551,2
5552,3
5553,1
5554,5
5555,4
5556,2
5557,5
5558,3
5559,3
5560,3
5561,1
5562,3
5563,5
5564,1
5565,1
5566,6
5567,1
5568,4
5569,2
5570,2
5571,2
5572,1
5573,2
5574,1
5575,1
5576,4
5577,2
5578,1
5579,6
5580,8
5581,2
5582,10
5583,4
5584,5
5585,6
5586,3
5587,4
5588,1
5589,1
5590,2
5591,1
5592,1
5593,2
5594,1
5595,3
5596,4
5597,1
5598,1
5599,4
5600,1
5601,6
5602,2
5603,1
5604,5
5605,9
5606,1
5607,2
5608,1
5609,3
5610,3
5611,10
5612,19
5613,2
5614,2
5615,6
5616,3
5617,6
5618,2
5619,11
5620,10
5621,8
5622,18
5623,2
5624,1
5625,3
5626,8
5627,4
5628,9
5629,8
5630,1
5631,8
5632,1
5633,4
5634,1
5635,9
5636,5
5637,4
5638,3
5639,12
5640,19
5641,5
5642,12
5643,11
5644,4
5645,2
5646,3
5647,3
5648,7
5649,1
5650,1
5651,1
5652,12
5653,11
5654,6
5655,5
5656,9
5657,2
5658,8
5659,1
5660,16
5661,6
5662,1
5663,1
5664,8
5665,16
5666,20
5667,9
5668,2
5669,1
5670,6
5671,9
5672,10
5673,2
5674,4
5675,7
5676,2
5677,3
5678,15
5679,1
5680,8
5681,1
5682,2
5683,13
5684,4
5685,8
5686,3
5687,4
5688,6
5689,1
5690,1
5691,4
5692,12
5693,1
5694,4
5695,4
5696,8
5697,1
5698,6
5699,5
5700,1
5701,14
5702,3
5703,11
5704,34
5705,3
5706,18
5707,19
5708,12
5709,2
5710,21
5711,30
5712,7
5713,12
5714,18
5715,8
5716,19
5717,1
5718,4
5719,9
5720,19
5721,2
5722,5
5723,14
5724,22
5725,13
5726,13
5727,8
5728,10
5729,26
5730,4
5731,29
5732,9
5733,12
5734,5
5735,10
5736,2
5737,4
5738,32
5739,9
5740,8
5741,26
5742,4
5743,13
5744,24
5745,2
5746,4
5747,6
5748,12
5749,1
5750,27
5751,21
5752,37
5753,6
5754,6
5755,10
5756,1
5757,19
5758,1
5759,3
5760,12
5761,3
5762,5
5763,29
5764,11
5765,8
5766,7
5767,9
5768,5
5769,4
5770,25
5771,13
5772,2
5773,9
5774,17
5775,22
5776,15
5777,6
5778,8
5779,6
5780,2
5781,7
5782,1
5783,7
5784,4
5785,8
5786,13
5787,5
5788,13
5789,10
5790,25
5791,1
5792,1
5793,2
5794,4
5795,3
5796,5
5797,4
5798,5
5799,2
5800,8
5801,1
5802,7
5803,1
5804,7
5805,2
5806,2
5807,2
5808,1
5809,6
5810,7
5811,4
5812,1
5813,5
5814,2
5815,6
5816,1
5817,1
5818,3
5819,7
5820,6
5821,1
5822,6
5823,7
5824,6
5825,1
5826,4
5827,2
5828,1
5829,1
5830,8
5831,1
5832,3
5833,1
5834,7
5835,2
5836,6
5837,5
5838,2
5839,6
5840,2
5841,1
5842,5
5843,1
5844,1
5845,5
5846,7
5847,1
5848,9
5849,1
5850,11
5851,1
5852,1
5853,1
5854,1
5855,1
5856,7
5857,2
5858,3
5859,1
5860,2
5861,2
5862,6
5863,3
5864,2
5865,4
5866,3
5867,1
5868,5
5869,1
5870,2
5871,1
5872,1
5873,5
5874,6
5875,2
5876,2
5877,16
5878,5
5879,12
5880,1
5881,3
5882,3
5883,3
5884,2
5885,2
5886,3
5887,1
5888,1
5889,1
5890,3
5891,1
5892,5
5893,3
5894,2
5895,3
5896,2
5897,2
5898,4
5899,1
5900,6
5901,1
5902,8
5903,2
5904,3
5905,9
5906,1
5907,8
5908,2
5909,1
5910,2
5911,6
5912,1
5913,2
5914,1
5915,1
5916,2
5917,1
5918,1
5919,3
5920,1
5921,9
5922,1
5923,1
5924,5
5925,1
5926,2
5927,4
5928,4
5929,1
5930,2
5931,1
5932,2
5933,3
5934,6
5935,6
5936,1
5937,1
5938,5
5939,6
5940,3
5941,3
5942,1
5943,5
5944,7
5945,1
5946,3
5947,3
5948,4
5949,1
5950,1
5951,5
5952,1
5953,3
5954,1
5955,1
5956,1
5957,1
5958,3
5959,1
5960,3
5961,3
5962,5
5963,1
5964,4
5965,2
5966,3
5967,1
5968,1
5969,3
5970,1
5971,2
5972,6
5973,2
5974,7
5975,4
5976,8
5977,1
5978,3
5979,2
5980,3
5981,2
5982,4
5983,1
5984,4
5985,1
5986,5
5987,3
5988,2
5989,2
5990,1
5991,16
5992,7
5993,1
5994,3
5995,6
5996,2
5997,2
5998,3
5999,3
6000,1
6001,2
6002,6
6003,5
6004,1
6005,2
6006,2
6007,1
6008,2
6009,3
6010,2
6011,1
6012,1
6013,4
6014,4
6015,2
6016,3
6017,2
6018,1
6019,6
6020,8
6021,4
6022,6
6023,4
6024,4
6025,4
6026,1
6027,2
6028,1
6029,3
6030,4
6031,2
6032,6
6033,3
6034,1
6035,2
6036,6
6037,3
6038,1
6039,1
6040,1
6041,5
6042,2
6043,4
6044,2
6045,2
6046,1
6047,1
6048,2
6049,4
6050,1
6051,2
6052,3
6053,1
6054,7
6055,8
6056,1
6057,4
6058,2
6059,5
6060,3
6061,2
6062,5
6063,2
6064,1
6065,5
6066,4
6067,1
6068,2
6069,4
6070,2
6071,5
6072,2
6073,2
6074,3
6075,2
6076,12
6077,3
6078,6
6079,1
6080,4
6081,1
6082,12
6083,2
6084,8
6085,5
6086,4
6087,2
6088,1
6089,1
6090,2
6091,4
6092,3
6093,6
6094,1
6095,2
6096,5
6097,1
6098,4
6099,4
6100,1
6101,3
6102,2
6103,14
6104,13
6105,4
6106,2
6107,5
6108,5
6109,3
6110,10
6111,5
6112,1
6113,2
6114,3
6115,1
6116,6
6117,4
6118,1
6119,2
6120,1
6121,4
6122,6
6123,1
6124,4
6125,3
6126,9
6127,6
6128,2
6129,3
6130,1
6131,2
6132,2
6133,13
6134,1
6135,3
6136,3
6137,15
6138,2
6139,12
6140,11
6141,3
6142,1
6143,8
6144,5
6145,1
6146,2
6147,12
6148,2
6149,5
6150,4
6151,4
6152,1
6153,1
6154,2
6155,2
6156,2
6157,3
6158,2
6159,2
6160,3
6161,3
6162,7
6163,2
6164,2
6165,2
6166,2
6167,4
6168,2
6169,1
6170,4
6171,3
6172,1
6173,4
6174,3
6175,3
6176,1
6177,4
6178,1
6179,3
6180,3
6181,1
6182,2
6183,1
6184,2
6185,2
6186,3
6187,4
6188,1
6189,1
6190,2
6191,1
6192,1
6193,3
6194,2
6195,1
6196,1
6197,1
6198,1
6199,1
6200,1
6201,1
6202,1
6203,1
6204,6
6205,2
6206,1
6207,1
6208,1
6209,2
6210,1
6211,1
6212,1
6213,1
6214,2
6215,2
6216,1
6217,1
6218,3
6219,7
6220,2
6221,1
6222,2
6223,3
6224,2
6225,1
6226,3
6227,1
6228,2
6229,3
6230,1
6231,3
6232,2
6233,1
6234,2
6235,3
6236,1
6237,1
6238,1
6239,1
6240,1
6241,2
6242,5
6243,1
6244,1
6245,1
6246,2
6247,9
6248,2
6249,5
6250,3
6251,2
6252,1
6253,3
6254,9
6255,1
6256,2
6257,4
6258,1
6259,2
6260,1
6261,3
6262,7
6263,1
6264,2
6265,4
6266,5
6267,1
6268,2
6269,6
6270,4
6271,1
6272,1
6273,4
6274,1
6275,3
6276,4
6277,2
6278,1
6279,1
6280,2
6281,1
6282,1
6283,2
6284,1
6285,1
6286,3
6287,3
6288,1
6289,5
6290,2
6291,2
6292,1
6293,3
6294,2
6295,2
6296,1
6297,1
6298,1
6299,3
6300,3
6301,4
6302,1
6303,3
6304,2
6305,3
6306,2
6307,2
6308,1
6309,1
6310,1
6311,2
6312,1
6313,5
6314,5
6315,2
6316,10
6317,1
6318,9
6319,2
6320,1
6321,2
6322,1
6323,2
6324,3
6325,6
6326,5
6327,1
6328,4
6329,2
6330,4
6331,7
6332,5
6333,2
6334,1
6335,1
6336,2
6337,5
6338,1
6339,1
6340,1
6341,1
6342,1
6343,1
6344,5
6345,1
6346,3
6347,2
6348,3
6349,1
6350,3
6351,2
6352,2
6353,4
6354,7
6355,5
6356,1
6357,5
6358,4
6359,2
6360,3
6361,3
6362,1
6363,2
6364,1
6365,2
6366,3
6367,8
6368,2
6369,1
6370,1
6371,4
6372,3
6373,4
6374,8
6375,1
6376,3
6377,5
6378,4
6379,1
6380,4
6381,2
6382,2
6383,1
6384,6
6385,4
6386,2
6387,3
6388,1
6389,1
6390,2
6391,4
6392,11
6393,4
6394,1
6395,2
6396,12
6397,2
6398,2
6399,1
6400,2
6401,3
6402,3
6403,3
6404,2
6405,3
6406,6
6407,4
6408,3
6409,1
6410,3
6411,4
6412,10
6413,7
6414,1
6415,4
6416,1
6417,2
6418,2
6419,7
6420,4
6421,2
6422,1
6423,1
6424,4
6425,1
6426,4
6427,4
6428,3
6429,3
6430,2
6431,1
6432,1
6433,7
6434,3
6435,2
6436,1
6437,1
6438,4
6439,6
6440,4
6441,4
6442,3
6443,5
6444,5
6445,5
6446,6
6447,6
6448,2
6449,5
6450,2
6451,6
6452,1
6453,1
6454,6
6455,2
6456,6
6457,1
6458,5
6459,3
6460,1
6461,5
6462,1
6463,2
6464,1
6465,5
6466,5
6467,1
6468,3
6469,1
6470,5
6471,2
6472,1
6473,4
6474,7
6475,6
6476,2
6477,7
6478,1
6479,5
6480,1
6481,1
6482,6
6483,4
6484,1
6485,5
6486,1
6487,3
6488,1
6489,3
6490,3
6491,9
6492,1
6493,5
6494,4
6495,1
6496,4
6497,4
6498,6
6499,5
6500,4
6501,1
6502,3
6503,5
6504,2
6505,7
6506,1
6507,1
6508,1
6509,1
6510,4
6511,1
6512,1
6513,3
6514,3
6515,3
6516,1
6517,2
6518,1
6519,5
6520,1
6521,5
6522,2
6523,4
6524,3
6525,5
6526,2
6527,4
6528,1
6529,1
6530,1
6531,2
6532,3
6533,5
6534,4
6535,1
6536,6
6537,1
6538,2
6539,2
6540,5
6541,1
6542,5
6543,4
6544,1
6545,1
6546,4
6547,4
6548,1
6549,1
6550,2
6551,4
6552,2
6553,1
6554,2
6555,1
6556,2
6557,3
6558,1
6559,2
6560,4
6561,1
6562,6
6563,8
6564,2
6565,5
6566,6
6567,1
6568,3
6569,5
6570,1
6571,1
6572,1
6573,2
6574,1
6575,6
6576,2
6577,1
6578,2
6579,1
6580,2
6581,1
6582,4
6583,1
6584,5
6585,1
6586,1
6587,2
6588,1
6589,5
6590,1
6591,1
6592,2
6593,3
6594,2
6595,1
6596,1
6597,2
6598,2
6599,5
6600,1
6601,12
6602,2
6603,2
6604,1
6605,1
6606,4
6607,2
6608,2
6609,2
6610,1
6611,2
6612,4
6613,1
6614,1
6615,1
6616,6
6617,1
6618,3
6619,1
6620,3
6621,4
6622,2
6623,6
6624,6
6625,3
6626,1
6627,5
6628,3
6629,2
6630,1
6631,11
6632,1
6633,2
6634,5
6635,1
6636,3
6637,5
6638,2
6639,4
6640,6
6641,5
6642,1
6643,6
6644,4
6645,12
6646,1
6647,3
6648,5
6649,4
6650,3
6651,2
6652,1
6653,2
6654,8
6655,8
6656,2
6657,1
6658,1
6659,4
6660,1
6661,7
6662,2
6663,2
6664,1
6665,3
6666,3
6667,8
6668,2
6669,1
6670,1
6671,4
6672,5
6673,1
6674,1
6675,5
6676,9
6677,3
6678,2
6679,2
6680,2
6681,8
6682,3
6683,2
6684,2
6685,7
6686,13
6687,2
6688,1
6689,1
6690,3
6691,2
6692,2
6693,1
6694,1
6695,5
6696,2
6697,1
6698,1
6699,1
6700,2
6701,1
6702,1
6703,1
6704,1
6705,1
6706,4
6707,1
6708,4
6709,1
6710,1
6711,1
6712,1
6713,1
6714,1
6715,1
6716,2
6717,1
6718,3
6719,2
6720,4
6721,1
6722,1
6723,2
6724,2
6725,1
6726,7
6727,4
6728,3
6729,2
6730,2
6731,2
6732,2
6733,2
6734,1
6735,4
6736,3
6737,3
6738,1
6739,1
6740,1
6741,2
6742,6
6743,1
6744,2
6745,1
6746,1
6747,4
6748,2
6749,1
6750,1
6751,4
6752,2
6753,5
6754,3
6755,2
6756,2
6757,1
6758,1
6759,1
6760,7
6761,2
6762,1
6763,1
6764,2
6765,3
6766,4
6767,2
6768,1
6769,1
6770,2
6771,1
6772,2
6773,2
6774,2
6775,5
6776,2
6777,2
6778,7
6779,1
6780,2
6781,1
6782,1
6783,1
6784,1
6785,1
6786,1
6787,1
6788,1
6789,1
6790,3
6791,6
6792,2
6793,1
6794,2
6795,2
6796,3
6797,1
6798,5
6799,1
6800,3
6801,1
6802,2
6803,2
6804,3
6805,1
6806,1
6807,2
6808,4
6809,1
6810,1
6811,2
6812,1
6813,1
6814,2
6815,2
6816,1
6817,1
6818,5
6819,3
6820,2
6821,3
6822,3
6823,1
6824,2
6825,1
6826,4
6827,4
6828,5
6829,1
6830,2
6831,5
6832,3
6833,1
6834,3
6835,2
6836,2
6837,1
6838,4
6839,1
6840,3
6841,4
6842,1
6843,2
6844,5
6845,1
6846,3
6847,2
6848,2
6849,1
6850,2
6851,2
6852,4
6853,1
6854,1
6855,2
6856,4
6857,3
6858,2
6859,1
6860,3
6861,1
6862,2
6863,1
6864,1
6865,1
6866,4
6867,2
6868,4
6869,2
6870,1
6871,2
6872,1
6873,1
6874,2
6875,1
6876,6
6877,2
6878,1
6879,2
6880,1
6881,1
6882,1
6883,6
6884,1
6885,1
6886,5
6887,2
6888,1
6889,4
6890,2
6891,1
6892,2
6893,2
6894,3
6895,3
6896,1
6897,1
6898,1
6899,3
6900,2
6901,3
6902,1
6903,1
6904,2
6905,2
6906,2
6907,3
6908,1
6909,8
6910,1
6911,1
6912,2
6913,4
6914,1
6915,3
6916,3
6917,2
6918,3
6919,1
6920,4
6921,5
6922,1
6923,1
6924,3
6925,1
6926,3
6927,1
6928,4
6929,9
6930,1
6931,1
6932,1
6933,6
6934,2
6935,1
6936,1
6937,3
6938,2
6939,5
6940,3
6941,3
6942,3
6943,3
6944,4
6945,1
6946,2
6947,2
6948,1
6949,7
6950,3
6951,1
6952,1
6953,2
6954,1
6955,6
6956,1
6957,2
6958,1
6959,1
6960,1
6961,7
6962,1
6963,4
6964,6
6965,7
6966,2
6967,4
6968,3
6969,1
6970,3
6971,4
6972,4
6973,4
6974,6
6975,6
6976,1
6977,7
6978,1
6979,4
6980,3
6981,5
6982,1
6983,7
6984,2
6985,7
6986,2
6987,5
6988,2
6989,1
6990,2
6991,1
6992,1
6993,4
6994,2
6995,2
6996,1
6997,1
6998,1
6999,1
7000,1
7001,1
7002,4
7003,2
7004,4
7005,2
7006,3
7007,2
7008,2
7009,2
7010,2
7011,7
7012,3
7013,3
7014,1
7015,2
7016,2
7017,2
7018,1
7019,2
7020,1
7021,4
7022,2
7023,3
7024,2
7025,2
7026,3
7027,6
7028,1
7029,3
7030,3
7031,1
7032,1
7033,4
7034,7
7035,5
7036,4
7037,3
7038,8
7039,3
7040,6
7041,2
7042,9
7043,4
7044,3
7045,1
7046,1
7047,13
7048,13
7049,1
7050,2
7051,1
7052,1
7053,1
7054,5
7055,1
7056,1
7057,2
7058,1
7059,1
7060,1
7061,2
7062,2
7063,3
7064,2
7065,2
7066,1
7067,2
7068,4
7069,3
7070,9
7071,3
7072,1
7073,3
7074,3
7075,1
7076,1
7077,1
7078,1
7079,7
7080,1
7081,2
7082,9
7083,6
7084,5
7085,2
7086,2
7087,2
7088,1
7089,2
7090,3
7091,2
7092,5
7093,5
7094,1
7095,1
7096,3
7097,3
7098,2
7099,1
7100,3
7101,1
7102,5
7103,1
7104,3
7105,2
7106,3
7107,1
7108,2
7109,3
7110,1
7111,1
7112,4
7113,1
7114,5
7115,2
7116,1
7117,1
7118,6
7119,1
7120,1
7121,1
7122,2
7123,4
7124,12
7125,1
7126,15
7127,8
7128,7
7129,1
7130,5
7131,2
7132,1
7133,1
7134,1
7135,5
7136,1
7137,3
7138,1
7139,3
7140,3
7141,10
7142,10
7143,2
7144,3
7145,2
7146,2
7147,1
7148,9
7149,8
7150,5
7151,1
7152,1
7153,2
7154,1
7155,1
7156,7
7157,4
7158,1
7159,2
7160,7
7161,1
7162,4
7163,3
7164,3
7165,6
7166,1
7167,5
7168,1
7169,2
7170,3
7171,1
7172,1
7173,2
7174,3
7175,7
7176,2
7177,2
7178,3
7179,4
7180,5
7181,11
7182,3
7183,10
7184,1
7185,2
7186,10
7187,6
7188,1
7189,1
7190,3
7191,2
7192,4
7193,2
7194,7
7195,6
7196,5
7197,4
7198,1
7199,1
7200,4
7201,1
7202,1
7203,3
7204,4
7205,2
7206,8
7207,4
7208,3
7209,3
7210,9
7211,8
7212,1
7213,6
7214,6
7215,1
7216,2
7217,1
7218,1
7219,7
7220,4
7221,4
7222,4
7223,1
7224,1
7225,1
7226,1
7227,4
7228,3
7229,6
7230,5
7231,2
7232,2
7233,2
7234,1
7235,18
7236,5
7237,2
7238,1
7239,1
7240,4
7241,2
7242,4
7243,2
7244,10
7245,2
7246,2
7247,2
7248,1
7249,6
7250,7
7251,3
7252,1
7253,1
7254,1
7255,3
7256,1
7257,1
7258,1
7259,5
7260,4
7261,1
7262,1
7263,5
7264,5
7265,1
7266,1
7267,2
7268,1
7269,5
7270,1
7271,3
7272,2
7273,1
7274,1
7275,1
7276,1
7277,1
7278,3
7279,3
7280,1
7281,1
7282,2
7283,2
7284,3
7285,3
7286,4
7287,1
7288,1
7289,3
7290,1
7291,4
7292,1
7293,1
7294,3
7295,6
7296,1
7297,2
7298,9
7299,3
7300,3
7301,11
7302,1
7303,3
7304,2
7305,1
7306,5
7307,2
7308,4
7309,1
7310,5
7311,2
7312,3
7313,4
7314,1
7315,6
7316,2
7317,1
7318,5
7319,1
7320,3
7321,1
7322,8
7323,2
7324,1
7325,2
7326,5
7327,2
7328,3
7329,4
7330,2
7331,4
7332,1
7333,2
7334,2
7335,1
7336,2
7337,1
7338,2
7339,2
7340,1
7341,1
7342,2
7343,2
7344,1
7345,1
7346,1
7347,1
7348,3
7349,3
7350,2
7351,1
7352,1
7353,3
7354,5
7355,1
7356,3
7357,3
7358,5
7359,1
7360,1
7361,5
7362,1
7363,3
7364,2
7365,2
7366,6
7367,1
7368,1
7369,1
7370,1
7371,1
7372,2
7373,2
7374,1
7375,4
7376,1
7377,3
7378,3
7379,5
7380,2
7381,2
7382,1
7383,1
7384,3
7385,1
7386,4
7387,1
7388,5
7389,3
7390,1
7391,1
7392,2
7393,1
7394,5
7395,1
7396,1
7397,3
7398,4
7399,2
7400,1
7401,2
7402,4
7403,3
7404,2
7405,1
7406,1
7407,1
7408,1
7409,1
7410,1
7411,1
7412,3
7413,1
7414,2
7415,1
7416,2
7417,8
7418,1
7419,1
7420,2
7421,7
7422,2
7423,2
7424,2
7425,7
7426,1
7427,4
7428,1
7429,1
7430,1
7431,4
7432,2
7433,2
7434,3
7435,2
7436,2
7437,3
7438,1
7439,2
7440,3
7441,3
7442,4
7443,1
7444,4
7445,1
7446,1
7447,5
7448,1
7449,3
7450,4
7451,1
7452,2
7453,1
7454,3
7455,1
7456,3
7457,2
7458,1
7459,1
7460,2
7461,1
7462,2
7463,3
7464,4
7465,1
7466,2
7467,1
7468,7
7469,1
7470,1
7471,2
7472,1
7473,2
7474,3
7475,1
7476,2
7477,1
7478,3
7479,2
7480,2
7481,1
7482,1
7483,1
7484,3
7485,1
7486,3
7487,1
7488,4
7489,1
7490,1
7491,1
7492,2
7493,5
7494,1
7495,2
7496,1
7497,1
7498,1
7499,5
7500,2
7501,4
7502,1
7503,2
7504,2
7505,7
7506,4
7507,4
7508,5
7509,10
7510,10
7511,6
7512,8
7513,2
7514,6
7515,2
7516,8
7517,3
7518,5
7519,4
7520,3
7521,4
7522,4
7523,5
7524,4
7525,2
7526,2
7527,3
7528,2
7529,4
7530,3
7531,6
7532,2
7533,10
7534,3
7535,6
7536,2
7537,8
7538,1
7539,2
7540,2
7541,9
7542,4
7543,1
7544,4
7545,5
7546,2
7547,1
7548,7
7549,2
7550,1
7551,8
7552,20
7553,1
7554,2
7555,4
7556,6
7557,3
7558,1
7559,3
7560,2
7561,4
7562,2
7563,3
7564,1
7565,2
7566,9
7567,1
7568,1
7569,2
7570,8
7571,8
7572,1
7573,2
7574,1
7575,1
7576,4
7577,1
7578,5
7579,1
7580,4
7581,1
7582,3
7583,2
7584,3
7585,1
7586,4
7587,1
7588,9
7589,2
7590,1
7591,4
7592,1
7593,1
7594,5
7595,2
7596,1
7597,8
7598,1
7599,4
7600,2
7601,4
7602,3
7603,3
7604,3
7605,5
7606,1
7607,2
7608,4
7609,2
7610,1
7611,5
7612,2
7613,1
7614,2
7615,2
7616,2
7617,2
7618,1
7619,3
7620,1
7621,1
7622,4
7623,1
7624,4
7625,2
7626,3
7627,6
7628,3
7629,2
7630,4
7631,1
7632,1
7633,2
7634,2
7635,5
7636,1
7637,4
7638,2
7639,1
7640,1
7641,1
7642,9
7643,1
7644,1
7645,3
7646,1
7647,7
7648,4
7649,3
7650,2
7651,1
7652,5
7653,1
7654,1
7655,1
7656,3
7657,3
7658,1
7659,1
7660,1
7661,3
7662,1
7663,1
7664,1
7665,1
7666,1
7667,2
7668,1
7669,3
7670,3
7671,2
7672,3
7673,1
7674,2
7675,3
7676,1
7677,1
7678,1
7679,3
7680,5
7681,2
7682,1
7683,1
7684,1
7685,1
7686,3
7687,1
7688,3
7689,2
7690,1
7691,1
7692,3
7693,2
7694,1
7695,2
7696,4
7697,2
7698,3
7699,2
7700,2
7701,1
7702,3
7703,3
7704,1
7705,2
7706,3
7707,3
7708,2
7709,2
7710,1
7711,1
7712,2
7713,1
7714,1
7715,1
7716,1
7717,3
7718,1
7719,1
7720,1
7721,1
7722,1
7723,2
7724,1
7725,1
7726,1
7727,3
7728,4
7729,1
7730,1
7731,2
7732,1
7733,1
7734,1
7735,2
7736,1
7737,1
7738,1
7739,1
7740,1
7741,1
7742,3
7743,2
7744,4
7745,1
7746,5
7747,2
7748,4
7749,1
7750,2
7751,2
7752,3
7753,5
7754,2
7755,1
7756,4
7757,5
7758,6
7759,1
7760,1
7761,1
7762,3
7763,1
7764,3
7765,4
7766,2
7767,4
7768,2
7769,1
7770,4
7771,4
7772,1
7773,5
7774,3
7775,1
7776,4
7777,1
7778,1
7779,2
7780,1
7781,3
7782,4
7783,4
7784,2
7785,3
7786,1
7787,5
7788,1
7789,2
7790,1
7791,1
7792,2
7793,3
7794,1
7795,1
7796,2
7797,1
7798,1
7799,4
7800,2
7801,1
7802,1
7803,1
7804,1
7805,1
7806,4
7807,6
7808,3
7809,1
7810,3
7811,1
7812,5
7813,4
7814,1
7815,4
7816,3
7817,1
7818,1
7819,1
7820,1
7821,1
7822,2
7823,2
7824,2
7825,1
7826,4
7827,1
7828,2
7829,1
7830,1
7831,1
7832,6
7833,1
7834,5
7835,7
7836,3
7837,1
7838,9
7839,3
7840,3
7841,6
7842,1
7843,1
7844,6
7845,1
7846,1
7847,3
7848,3
7849,2
7850,7
7851,2
7852,1
7853,5
7854,1
7855,1
7856,8
7857,1
7858,1
7859,15
7860,2
7861,2
7862,2
7863,6
7864,1
7865,6
7866,4
7867,1
7868,3
7869,2
7870,2
7871,4
7872,6
7873,1
7874,2
7875,1
7876,3
7877,1
7878,2
7879,1
7880,1
7881,2
7882,2
7883,5
7884,2
7885,3
7886,4
7887,1
7888,1
7889,3
7890,3
7891,1
7892,1
7893,1
7894,1
7895,3
7896,1
7897,1
7898,1
7899,2
7900,2
7901,1
7902,1
7903,1
7904,2
7905,5
7906,1
7907,1
7908,2
7909,2
7910,2
7911,1
7912,2
7913,1
7914,1
7915,2
7916,4
7917,4
7918,2
7919,3
7920,3
7921,2
7922,5
7923,2
7924,1
7925,5
7926,4
7927,5
7928,1
7929,3
7930,1
7931,9
7932,4
7933,3
7934,1
7935,1
7936,3
7937,6
7938,6
7939,3
7940,2
7941,5
7942,2
7943,4
7944,2
7945,4
7946,1
7947,3
7948,1
7949,7
7950,6
7951,3
7952,1
7953,2
7954,1
7955,2
7956,1
7957,2
7958,1
7959,1
7960,4
7961,7
7962,1
7963,6
7964,5
7965,1
7966,5
7967,1
7968,1
7969,5
7970,5
7971,3
7972,1
7973,2
7974,5
7975,3
7976,1
7977,1
7978,1
7979,2
7980,1
7981,2
7982,1
7983,2
7984,2
7985,1
7986,2
7987,1
7988,1
7989,1
7990,2
7991,1
7992,5
7993,1
7994,2
7995,2
7996,1
7997,1
7998,1
7999,1
8000,1
8001,1
8002,6
8003,1
8004,3
8005,3
8006,1
8007,1
8008,4
8009,1
8010,1
8011,2
8012,7
8013,1
8014,2
8015,3
8016,2
8017,4
8018,3
8019,4
8020,1
8021,7
8022,1
8023,2
8024,4
8025,9
8026,4
8027,3
8028,2
8029,3
8030,1
8031,1
8032,1
8033,3
8034,1
8035,2
8036,1
8037,1
8038,3
8039,2
8040,2
8041,8
8042,1
8043,3
8044,1
8045,5
8046,4
8047,2
8048,2
8049,1
8050,1
8051,3
8052,2
8053,4
8054,2
8055,3
8056,2
8057,1
8058,2
8059,1
8060,1
8061,1
8062,1
8063,2
8064,3
8065,1
8066,8
8067,3
8068,3
8069,3
8070,1
8071,1
8072,1
8073,1
8074,10
8075,7
8076,2
8077,2
8078,1
8079,1
8080,6
8081,1
8082,1
8083,2
8084,1
8085,4
8086,3
8087,5
8088,1
8089,1
8090,5
8091,5
8092,1
8093,8
8094,3
8095,3
8096,6
8097,3
8098,6
8099,9
8100,2
8101,3
8102,2
8103,1
8104,13
8105,1
8106,1
8107,8
8108,1
8109,3
8110,3
8111,1
8112,3
8113,5
8114,3
8115,2
8116,2
8117,1
8118,2
8119,1
8120,4
8121,2
8122,5
8123,4
8124,2
8125,1
8126,3
8127,4
8128,1
8129,3
8130,1
8131,1
8132,1
8133,1
8134,1
8135,1
8136,1
8137,1
8138,1
8139,3
8140,2
8141,6
8142,2
8143,5
8144,4
8145,6
8146,2
8147,3
8148,1
8149,3
8150,7
8151,2
8152,2
8153,1
8154,1
8155,9
8156,8
8157,2
8158,9
8159,5
8160,3
8161,9
8162,6
8163,2
8164,1
8165,3
8166,1
8167,2
8168,4
8169,2
8170,5
8171,2
8172,4
8173,2
8174,5
8175,2
8176,1
8177,1
8178,1
8179,1
8180,1
8181,2
8182,6
8183,1
8184,3
8185,2
8186,5
8187,3
8188,4
8189,3
8190,2
8191,7
8192,6
8193,5
8194,3
8195,2
8196,4
8197,2
8198,1
8199,7
8200,2
8201,1
8202,1
8203,2
8204,2
8205,1
8206,8
8207,2
8208,6
8209,3
8210,1
8211,1
8212,1
8213,3
8214,1
8215,2
8216,2
8217,3
8218,2
8219,1
8220,4
8221,2
8222,2
8223,3
8224,5
8225,1
8226,2
8227,2
8228,5
8229,1
8230,3
8231,1
8232,2
8233,4
8234,6
8235,3
8236,2
8237,1
8238,5
8239,1
8240,1
8241,4
8242,3
8243,4
8244,1
8245,6
8246,1
8247,1
8248,4
8249,2
8250,2
8251,2
8252,2
8253,3
8254,1
8255,4
8256,1
8257,7
8258,1
8259,3
8260,4
8261,2
8262,4
8263,1
8264,1
8265,2
8266,4
8267,1
8268,2
8269,1
8270,3
8271,6
8272,2
8273,3
8274,2
8275,1
8276,3
8277,2
8278,1
8279,3
8280,4
8281,1
8282,1
8283,3
8284,1
8285,1
8286,1
8287,4
8288,1
8289,2
8290,2
8291,2
8292,2
8293,1
8294,1
8295,2
8296,2
8297,1
8298,1
8299,1
8300,1
8301,1
8302,1
8303,3
8304,1
8305,5
8306,2
8307,1
8308,1
8309,2
8310,1
8311,5
8312,4
8313,5
8314,1
8315,5
8316,1
8317,3
8318,2
8319,1
8320,3
8321,3
8322,2
8323,1
8324,4
8325,3
8326,1
8327,1
8328,7
8329,4
8330,1
8331,1
8332,1
8333,1
8334,3
8335,1
8336,1
8337,5
8338,2
8339,3
8340,7
8341,3
8342,6
8343,13
8344,3
8345,2
8346,1
8347,2
8348,4
8349,6
8350,12
8351,2
8352,5
8353,7
8354,4
8355,2
8356,1
8357,4
8358,2
8359,2
8360,1
8361,9
8362,1
8363,6
8364,5
8365,7
8366,1
8367,1
8368,5
8369,2
8370,6
8371,4
8372,1
8373,5
8374,8
8375,9
8376,3
8377,8
8378,4
8379,1
8380,1
8381,10
8382,3
8383,6
8384,1
8385,3
8386,2
8387,5
8388,2
8389,2
8390,4
8391,5
8392,4
8393,1
8394,2
8395,5
8396,8
8397,2
8398,1
8399,3
8400,3
8401,1
8402,4
8403,2
8404,2
8405,2
8406,2
8407,2
8408,2
8409,1
8410,3
8411,2
8412,5
8413,2
8414,1
8415,2
8416,6
8417,1
8418,2
8419,3
8420,3
8421,1
8422,1
8423,3
8424,1
8425,1
8426,6
8427,5
8428,4
8429,2
8430,2
8431,1
8432,5
8433,2
8434,2
8435,1
8436,3
8437,6
8438,2
8439,2
8440,1
8441,2
8442,2
8443,2
8444,1
8445,1
8446,5
8447,1
8448,1
8449,1
8450,2
8451,2
8452,1
8453,2
8454,2
8455,1
8456,1
8457,1
8458,1
8459,1
8460,4
8461,8
8462,4
8463,4
8464,2
8465,1
8466,1
8467,2
8468,1
8469,4
8470,3
8471,2
8472,1
8473,1
8474,1
8475,2
8476,4
8477,2
8478,3
8479,1
8480,2
8481,1
8482,1
8483,3
8484,2
8485,1
8486,2
8487,2
8488,1
8489,2
8490,2
8491,1
8492,2
8493,3
8494,1
8495,1
8496,1
8497,2
8498,2
8499,1
8500,1
8501,5
8502,2
8503,5
8504,1
8505,4
8506,1
8507,2
8508,2
8509,1
8510,2
8511,1
8512,1
8513,1
8514,1
8515,1
8516,2
8517,1
8518,3
8519,6
8520,2
8521,1
8522,1
8523,1
8524,1
8525,2
8526,1
8527,1
8528,2
8529,1
8530,1
8531,3
8532,1
8533,2
8534,3
8535,3
8536,1
8537,1
8538,1
8539,1
8540,2
8541,1
8542,1
8543,3
8544,3
8545,3
8546,2
8547,1
8548,3
8549,1
8550,2
8551,1
8552,1
8553,2
8554,2
8555,1
8556,1
8557,2
8558,2
8559,1
8560,1
8561,2
8562,1
8563,1
8564,2
8565,4
8566,3
8567,2
8568,1
8569,4
8570,1
8571,2
8572,1
8573,1
8574,1
8575,2
8576,1
8577,1
8578,2
8579,1
8580,1
8581,1
8582,2
8583,2
8584,1
8585,1
8586,1
8587,2
8588,1
8589,2
8590,1
8591,3
8592,1
8593,1
8594,2
8595,1
8596,1
8597,3
8598,1
8599,2
8600,2
8601,6
8602,1
8603,6
8604,2
8605,1
8606,1
8607,3
8608,3
8609,1
8610,2
8611,1
8612,1
8613,2
8614,1
8615,3
8616,1
8617,2
8618,2
8619,1
8620,1
8621,2
8622,2
8623,3
8624,1
8625,2
8626,2
8627,1
8628,1
8629,4
8630,1
8631,1
8632,4
8633,6
8634,2
8635,3
8636,4
8637,4
8638,2
8639,1
8640,5
8641,1
8642,5
8643,1
8644,1
8645,3
8646,1
8647,1
8648,1
8649,1
8650,2
8651,2
8652,2
8653,7
8654,3
8655,2
8656,2
8657,3
8658,1
8659,2
8660,1
8661,1
8662,1
8663,1
8664,4
8665,4
8666,10
8667,4
8668,1
8669,1
8670,3
8671,1
8672,2
8673,2
8674,1
8675,3
8676,1
8677,4
8678,1
8679,2
8680,2
8681,5
8682,3
8683,9
8684,4
8685,2
8686,1
8687,4
8688,7
8689,6
8690,2
8691,5
8692,1
8693,2
8694,2
8695,1
8696,1
8697,4
8698,1
8699,2
8700,1
8701,1
8702,1
8703,1
8704,1
8705,5
8706,2
8707,1
8708,1
8709,4
8710,3
8711,1
8712,1
8713,1
8714,8
8715,1
8716,1
8717,4
8718,1
8719,2
8720,4
8721,3
8722,4
8723,2
8724,7
8725,12
8726,3
8727,9
8728,2
8729,1
8730,14
8731,5
8732,4
8733,1
8734,2
8735,2
8736,6
8737,6
8738,4
8739,1
8740,3
8741,1
8742,6
8743,3
8744,1
8745,4
8746,3
8747,4
8748,4
8749,1
8750,3
8751,3
8752,7
8753,3
8754,9
8755,4
8756,1
8757,1
8758,3
8759,4
8760,1
8761,9
8762,2
8763,5
8764,6
8765,2
8766,3
8767,1
8768,3
8769,1
8770,4
8771,4
8772,3
8773,6
8774,1
8775,10
8776,3
8777,2
8778,3
8779,3
8780,7
8781,1
8782,5
8783,8
8784,5
8785,3
8786,1
8787,3
8788,3
8789,1
8790,6
8791,4
8792,2
8793,1
8794,5
8795,1
8796,3
8797,3
8798,2
8799,1
8800,5
8801,4
8802,3
8803,3
8804,6
8805,2
8806,6
8807,5
8808,1
8809,5
8810,3
8811,6
8812,6
8813,2
8814,3
8815,1
8816,4
8817,1
8818,2
8819,1
8820,1
8821,2
8822,3
8823,4
8824,10
8825,1
8826,2
8827,7
8828,6
8829,1
8830,2
8831,4
8832,1
8833,1
8834,2
8835,5
8836,3
8837,3
8838,6
8839,6
8840,3
8841,1
8842,3
8843,2
8844,1
8845,3
8846,3
8847,5
8848,3
8849,5
8850,2
8851,1
8852,2
8853,2
8854,7
8855,1
8856,13
8857,2
8858,2
8859,5
8860,2
8861,1
8862,8
8863,1
8864,1
8865,1
8866,2
8867,1
8868,1
8869,2
8870,1
8871,1
8872,4
8873,1
8874,2
8875,1
8876,1
8877,3
8878,2
8879,1
8880,2
8881,2
8882,1
8883,7
8884,1
8885,7
8886,4
8887,2
8888,1
8889,2
8890,3
8891,1
8892,3
8893,1
8894,1
8895,1
8896,1
8897,1
8898,2
8899,4
8900,2
8901,3
8902,2
8903,4
8904,2
8905,1
8906,4
8907,1
8908,4
8909,1
8910,1
8911,1
8912,2
8913,5
8914,3
8915,1
8916,3
8917,6
8918,3
8919,4
8920,2
8921,6
8922,5
8923,2
8924,5
8925,3
8926,2
8927,8
8928,3
8929,4
8930,2
8931,6
8932,1
8933,6
8934,6
8935,3
8936,2
8937,3
8938,2
8939,1
8940,2
8941,3
8942,3
8943,2
8944,2
8945,5
8946,6
8947,1
8948,2
8949,2
8950,1
8951,4
8952,3
8953,1
8954,7
8955,5
8956,3
8957,2
8958,3
8959,3
8960,3
8961,4
8962,1
8963,2
8964,5
8965,1
8966,1
8967,1
8968,3
8969,4
8970,3
8971,2
8972,2
8973,1
8974,5
8975,4
8976,5
8977,8
8978,1
8979,5
8980,2
8981,1
8982,1
8983,1
8984,5
8985,3
8986,2
8987,2
8988,1
8989,2
8990,1
8991,2
8992,2
8993,1
8994,2
8995,2
8996,2
8997,3
8998,1
8999,1
9000,7
9001,5
9002,1
9003,2
9004,1
9005,4
9006,1
9007,13
9008,1
9009,3
9010,1
9011,1
9012,1
9013,4
9014,1
9015,1
9016,7
9017,2
9018,1
9019,7
9020,4
9021,1
9022,1
9023,9
9024,4
9025,2
9026,1
9027,6
9028,6
9029,6
9030,2
9031,3
9032,2
9033,4
9034,1
9035,4
9036,3
9037,2
9038,4
9039,2
9040,3
9041,1
9042,1
9043,3
9044,2
9045,6
9046,1
9047,3
9048,3
9049,6
9050,1
9051,10
9052,2
9053,1
9054,3
9055,1
9056,2
9057,1
9058,5
9059,1
9060,6
9061,1
9062,2
9063,5
9064,3
9065,1
9066,3
9067,3
9068,2
9069,3
9070,2
9071,4
9072,1
9073,9
9074,1
9075,3
9076,1
9077,1
9078,5
9079,2
9080,2
9081,2
9082,1
9083,2
9084,2
9085,3
9086,1
9087,1
9088,1
9089,3
9090,2
9091,2
9092,1
9093,1
9094,2
9095,5
9096,1
9097,2
9098,2
9099,5
9100,7
9101,5
9102,4
9103,6
9104,3
9105,1
9106,2
9107,1
9108,3
9109,1
9110,5
9111,6
9112,2
9113,1
9114,1
9115,1
9116,6
9117,2
9118,2
9119,1
9120,2
9121,1
9122,1
9123,4
9124,3
9125,1
9126,1
9127,4
9128,2
9129,12
9130,2
9131,7
9132,9
9133,13
9134,5
9135,4
9136,2
9137,2
9138,1
9139,5
9140,2
9141,1
9142,4
9143,2
9144,11
9145,2
9146,3
9147,7
9148,5
9149,2
9150,8
9151,5
9152,6
9153,2
9154,2
9155,8
9156,5
9157,10
9158,5
9159,5
9160,3
9161,2
9162,3
9163,12
9164,3
9165,3
9166,4
9167,2
9168,1
9169,2
9170,2
9171,3
9172,2
9173,3
9174,4
9175,4
9176,4
9177,7
9178,1
9179,3
9180,5
9181,1
9182,2
9183,1
9184,4
9185,3
9186,2
9187,1
9188,1
9189,1
9190,4
9191,8
9192,1
9193,10
9194,2
9195,2
9196,2
9197,3
9198,5
9199,8
9200,2
9201,9
9202,13
9203,1
9204,3
9205,2
9206,5
9207,6
9208,5
9209,1
9210,4
9211,7
9212,15
9213,14
9214,7
9215,13
9216,13
9217,1
9218,13
9219,1
9220,2
9221,6
9222,1
9223,5
9224,6
9225,12
9226,4
9227,3
9228,18
9229,19
9230,4
9231,6
9232,3
9233,18
9234,7
9235,4
9236,11
9237,9
9238,6
9239,3
9240,17
9241,4
9242,5
9243,1
9244,1
9245,4
9246,1
9247,10
9248,17
9249,3
9250,15
9251,10
9252,3
9253,5
9254,10
9255,17
9256,9
9257,28
9258,4
9259,12
9260,13
9261,14
9262,11
9263,1
9264,14
9265,9
9266,7
9267,4
9268,17
9269,4
9270,20
9271,7
9272,7
9273,3
9274,11
9275,3
9276,9
9277,4
9278,13
9279,1
9280,8
9281,1
9282,6
9283,1
9284,8
9285,1
9286,14
9287,1
9288,2
9289,1
9290,1
9291,7
9292,4
9293,13
9294,14
9295,11
9296,4
9297,11
9298,6
9299,10
9300,8
9301,12
9302,24
9303,7
9304,16
9305,22
9306,4
9307,11
9308,2
9309,3
9310,1
9311,14
9312,23
9313,3
9314,20
9315,1
9316,10
9317,7
9318,1
9319,3
9320,25
9321,14
9322,10
9323,8
9324,6
9325,5
9326,7
9327,13
9328,9
9329,8
9330,10
9331,14
9332,5
9333,1
9334,5
9335,12
9336,2
9337,12
9338,1
9339,13
9340,8
9341,16
9342,23
9343,2
9344,5
9345,4
9346,12
9347,16
9348,14
9349,2
9350,1
9351,17
9352,12
9353,11
9354,1
9355,15
9356,1
9357,1
9358,4
9359,6
9360,2
9361,4
9362,2
9363,12
9364,4
9365,4
9366,1
9367,33
9368,6
9369,30
9370,11
9371,5
9372,1
9373,13
9374,35
9375,14
9376,1
9377,2
9378,34
9379,9
9380,24
9381,3
9382,3
9383,1
9384,2
9385,3
9386,7
9387,2
9388,2
9389,35
9390,25
9391,8
9392,5
9393,2
9394,5
9395,13
9396,19
9397,29
9398,5
9399,3
9400,25
9401,3
9402,44
9403,19
9404,12
9405,4
9406,18
9407,4
9408,23
9409,26
9410,1
9411,7
9412,12
9413,1
9414,23
9415,4
9416,2
9417,11
9418,20
9419,11
9420,3
9421,14
9422,2
9423,7
9424,23
9425,2
9426,6
9427,29
9428,1
9429,7
9430,11
9431,39
9432,26
9433,34
9434,3
9435,9
9436,8
9437,8
9438,5
9439,6
9440,12
9441,2
9442,13
9443,18
9444,33
9445,22
9446,41
9447,5
9448,27
9449,59
9450,3
9451,3
9452,2
9453,21
9454,5
9455,1
9456,24
9457,61
9458,9
9459,29
9460,14
9461,4
9462,6
9463,1
9464,9
9465,5
9466,57
9467,5
9468,25
9469,10
9470,15
9471,20
9472,27
9473,67
9474,3
9475,3
9476,3
9477,8
9478,16
9479,15
9480,17
9481,3
9482,21
9483,4
9484,59
9485,14
9486,9
9487,14
9488,2
9489,1
9490,7
9491,13
9492,19
9493,5
9494,12
9495,3
9496,5
9497,14
9498,1
9499,15
9500,18
9501,2
9502,1
9503,17
9504,6
9505,22
9506,3
9507,1
9508,13
9509,14
9510,3
9511,1
9512,1
9513,5
9514,9
9515,9
9516,3
9517,8
9518,3
9519,16
9520,2
9521,1
9522,5
9523,8
9524,6
9525,11
9526,2
9527,6
9528,5
9529,1
9530,10
9531,5
9532,4
9533,1
9534,3
9535,8
9536,14
9537,1
9538,1
9539,2
9540,7
9541,3
9542,7
9543,3
9544,8
9545,8
9546,8
9547,8
9548,23
9549,1
9550,5
9551,14
9552,2
9553,9
9554,1
9555,3
9556,7
9557,4
9558,8
9559,10
9560,4
9561,3
9562,2
9563,8
9564,2
9565,18
9566,7
9567,1
9568,5
9569,3
9570,14
9571,1
9572,1
9573,8
9574,1
9575,8
9576,6
9577,1
9578,2
9579,2
9580,5
9581,1
9582,4
9583,2
9584,8
9585,8
9586,5
9587,4
9588,8
9589,3
9590,1
9591,3
9592,5
9593,5
9594,11
9595,3
9596,2
9597,21
9598,2
9599,8
9600,3
9601,1
9602,4
9603,8
9604,7
9605,2
9606,3
9607,12
9608,2
9609,4
9610,2
9611,1
9612,2
9613,3
9614,4
9615,7
9616,1
9617,4
9618,1
9619,3
9620,2
9621,1
9622,1
9623,8
9624,5
9625,3
9626,2
9627,2
9628,2
9629,1
9630,9
9631,5
9632,9
9633,2
9634,3
9635,1
9636,1
9637,6
9638,10
9639,11
9640,4
9641,1
9642,3
9643,4
9644,2
9645,2
9646,1
9647,6
9648,1
9649,4
9650,4
9651,9
9652,2
9653,2
9654,2
9655,2
9656,1
9657,2
9658,3
9659,1
9660,1
9661,1
9662,3
9663,8
9664,2
9665,6
9666,2
9667,2
9668,3
9669,1
9670,1
9671,7
9672,1
9673,3
9674,1
9675,7
9676,4
9677,6
9678,2
9679,3
9680,1
9681,3
9682,2
9683,3
9684,1
9685,2
9686,8
9687,2
9688,2
9689,4
9690,2
9691,5
9692,1
9693,1
9694,2
9695,2
9696,1
9697,6
9698,2
9699,4
9700,2
9701,2
9702,4
9703,6
9704,7
9705,1
9706,1
9707,4
9708,3
9709,4
9710,1
9711,10
9712,2
9713,2
9714,2
9715,1
9716,1
9717,7
9718,5
9719,2
9720,7
9721,1
9722,2
9723,1
9724,4
9725,2
9726,2
9727,1
9728,2
9729,2
9730,4
9731,5
9732,3
9733,2
9734,7
9735,6
9736,2
9737,1
9738,4
9739,5
9740,5
9741,7
9742,3
9743,4
9744,1
9745,3
9746,2
9747,1
9748,1
9749,2
9750,4
9751,4
9752,7
9753,4
9754,6
9755,3
9756,5
9757,6
9758,1
9759,1
9760,1
9761,4
9762,4
9763,2
9764,9
9765,2
9766,8
9767,3
9768,4
9769,10
9770,6
9771,3
9772,8
9773,4
9774,3
9775,5
9776,3
9777,5
9778,2
9779,15
9780,1
9781,1
9782,3
9783,1
9784,1
9785,1
9786,1
9787,1
9788,1
9789,1
9790,1
9791,3
9792,4
9793,5
9794,3
9795,4
9796,4
9797,5
9798,2
9799,5
9800,3
9801,1
9802,2
9803,1
9804,1
9805,10
9806,3
9807,4
9808,3
9809,2
9810,2
9811,1
9812,4
9813,1
9814,3
9815,1
9816,3
9817,2
9818,1
9819,2
9820,2
9821,1
9822,5
9823,1
9824,1
9825,3
9826,1
9827,4
9828,1
9829,3
9830,3
9831,1
9832,3
9833,1
9834,1
9835,2
9836,3
9837,1
9838,1
9839,1
9840,1
9841,5
9842,1
9843,5
9844,3
9845,8
9846,1
9847,1
9848,1
9849,2
9850,4
9851,7
9852,3
9853,6
9854,2
9855,3
9856,5
9857,5
9858,2
9859,1
9860,2
9861,2
9862,8
9863,7
9864,6
9865,6
9866,2
9867,4
9868,2
9869,5
9870,3
9871,4
9872,3
9873,1
9874,2
9875,2
9876,2
9877,1
9878,4
9879,4
9880,1
9881,2
9882,5
9883,1
9884,2
9885,2
9886,2
9887,2
9888,1
9889,6
9890,4
9891,6
9892,3
9893,1
9894,1
9895,1
9896,6
9897,1
9898,1
9899,5
9900,2
9901,4
9902,1
9903,8
9904,2
9905,5
9906,2
9907,1
9908,1
9909,3
9910,1
9911,3
9912,3
9913,5
9914,1
9915,2
9916,1
9917,1
9918,1
9919,1
9920,1
9921,1
9922,2
9923,1
9924,2
9925,1
9926,2
9927,1
9928,2
9929,3
9930,5
9931,2
9932,5
9933,1
9934,6
9935,3
9936,1
9937,2
9938,1
9939,1
9940,6
9941,2
9942,4
9943,1
9944,3
9945,1
9946,4
9947,4
9948,1
9949,1
9950,11
9951,1
9952,5
9953,1
9954,3
9955,4
9956,2
9957,7
9958,2
9959,1
9960,1
9961,1
9962,2
9963,1
9964,4
9965,3
9966,7
9967,5
9968,10
9969,6
9970,3
9971,4
9972,6
9973,9
9974,5
9975,10
9976,4
9977,4
9978,4
9979,10
9980,3
9981,4
9982,4
9983,2
9984,4
9985,2
9986,10
9987,3
9988,5
9989,8
9990,2
9991,5
9992,2
9993,7
9994,9
9995,3
9996,5
9997,2
9998,2
9999,3
10000,3
10001,5
10002,1
10003,10
10004,2
10005,3
10006,1
10007,4
10008,3
10009,12
10010,7
10011,1
10012,5
10013,1
10014,4
10015,1
10016,3
10017,4
10018,3
10019,3
10020,4
10021,3
10022,5
10023,1
10024,6
10025,1
10026,3
10027,5
10028,3
10029,2
10030,5
10031,6
10032,3
10033,3
10034,5
10035,2
10036,4
10037,11
10038,4
10039,12
10040,3
10041,10
10042,2
10043,3
10044,7
10045,6
10046,1
10047,7
10048,1
10049,1
10050,5
10051,3
10052,12
10053,1
10054,5
10055,2
10056,3
10057,1
10058,6
10059,10
10060,1
10061,1
10062,1
10063,2
10064,10
10065,1
10066,2
10067,6
10068,6
10069,8
10070,8
10071,3
10072,5
10073,1
10074,5
10075,4
10076,1
10077,1
10078,2
10079,8
10080,2
10081,1
10082,13
10083,4
10084,3
10085,10
10086,1
10087,5
10088,1
10089,3
10090,5
10091,5
10092,5
10093,2
10094,3
10095,2
10096,5
10097,6
10098,13
10099,3
10100,13
10101,2
10102,3
10103,6
10104,3
10105,13
10106,5
10107,5
10108,4
10109,1
10110,1
10111,4
10112,14
10113,11
10114,1
10115,3
10116,7
10117,2
10118,5
10119,1
10120,2
10121,10
10122,5
10123,1
10124,2
10125,4
10126,3
10127,3
10128,1
10129,8
10130,1
10131,1
10132,9
10133,7
10134,2
10135,5
10136,1
10137,1
10138,3
10139,1
10140,4
10141,1
10142,4
10143,3
10144,1
10145,9
10146,1
10147,2
10148,1
10149,4
10150,5
10151,2
10152,7
10153,4
10154,1
10155,6
10156,2
10157,1
10158,1
10159,5
10160,1
10161,5
10162,4
10163,1
10164,1
10165,2
10166,9
10167,11
10168,2
10169,11
10170,1
10171,3
10172,1
10173,8
10174,2
10175,2
10176,4
10177,7
10178,1
10179,2
10180,3
10181,6
10182,3
10183,2
10184,3
10185,9
10186,8
10187,10
10188,8
10189,13
10190,6
10191,1
10192,3
10193,3
10194,8
10195,1
10196,1
10197,4
10198,1
10199,6
10200,3
10201,1
10202,4
10203,1
10204,2
10205,4
10206,2
10207,5
10208,1
10209,4
10210,1
10211,2
10212,2
10213,1
10214,2
10215,10
10216,3
10217,5
10218,2
10219,3
10220,6
10221,3
10222,2
10223,1
10224,2
10225,1
10226,1
10227,1
10228,1
10229,2
10230,7
10231,5
10232,7
10233,4
10234,1
10235,2
10236,6
10237,1
10238,3
10239,5
10240,2
10241,4
10242,3
10243,1
10244,3
10245,2
10246,2
10247,6
10248,7
10249,4
10250,2
10251,5
10252,5
10253,6
10254,4
10255,7
10256,1
10257,4
10258,4
10259,3
10260,1
10261,8
10262,2
10263,1
10264,8
10265,2
10266,1
10267,3
10268,1
10269,1
10270,5
10271,4
10272,1
10273,3
10274,5
10275,1
10276,3
10277,3
10278,9
10279,1
10280,6
10281,11
10282,4
10283,3
10284,2
10285,4
10286,6
10287,6
10288,3
10289,1
10290,1
10291,8
10292,3
10293,1
10294,8
10295,2
10296,2
10297,1
10298,18
10299,2
10300,1
10301,8
10302,6
10303,2
10304,2
10305,1
10306,3
10307,1
10308,4
10309,4
10310,1
10311,3
10312,1
10313,5
10314,7
10315,4
10316,2
10317,5
10318,1
10319,4
10320,1
10321,2
10322,4
10323,8
10324,1
10325,11
10326,3
10327,5
10328,20
10329,4
10330,15
10331,2
10332,1
10333,1
10334,15
10335,5
10336,8
10337,4
10338,2
10339,6
10340,11
10341,10
10342,8
10343,5
10344,11
10345,1
10346,8
10347,13
10348,1
10349,2
10350,1
10351,7
10352,16
10353,4
10354,2
10355,2
10356,16
10357,8
10358,6
10359,6
10360,4
10361,2
10362,10
10363,3
10364,2
10365,6
10366,11
10367,11
10368,6
10369,9
10370,11
10371,10
10372,6
10373,1
10374,4
10375,4
10376,6
10377,2
10378,2
10379,4
10380,18
10381,4
10382,2
10383,5
10384,2
10385,2
10386,9
10387,6
10388,4
10389,14
10390,1
10391,5
10392,1
10393,14
10394,9
10395,2
10396,1
10397,3
10398,10
10399,1
10400,2
10401,8
10402,1
10403,11
10404,4
10405,3
10406,7
10407,5
10408,1
10409,13
10410,4
10411,5
10412,1
10413,5
10414,9
10415,13
10416,3
10417,16
10418,1
10419,29
10420,2
10421,5
10422,15
10423,2
10424,9
10425,8
10426,5
10427,7
10428,2
10429,11
10430,2
10431,5
10432,12
10433,2
10434,12
10435,10
10436,10
10437,16
10438,7
10439,3
10440,6
10441,14
10442,16
10443,1
10444,17
10445,1
10446,3
10447,10
10448,16
10449,9
10450,14
10451,8
10452,18
10453,1
10454,12
10455,3
10456,16
10457,6
10458,11
10459,5
10460,16
10461,1
10462,1
10463,4
10464,15
10465,2
10466,1
10467,4
10468,19
10469,1
10470,37
10471,15
10472,51
10473,5
10474,3
10475,12
10476,1
10477,7
10478,2
10479,4
10480,12
10481,18
10482,8
10483,12
10484,2
10485,5
10486,28
10487,5
10488,21
10489,1
10490,30
10491,4
10492,10
10493,12
10494,11
10495,14
10496,11
10497,14
10498,15
10499,26
10500,4
10501,3
10502,1
10503,2
10504,22
10505,12
10506,11
10507,2
10508,32
10509,12
10510,21
10511,1
10512,7
10513,2
10514,4
10515,17
10516,14
10517,20
10518,2
10519,7
10520,16
10521,23
10522,2
10523,9
10524,16
10525,10
10526,5
10527,1
10528,7
10529,17
10530,2
10531,26
10532,9
10533,1
10534,1
10535,4
10536,9
10537,4
10538,12
10539,9
10540,10
10541,5
10542,35
10543,10
10544,6
10545,16
10546,7
10547,12
10548,4
10549,24
10550,11
10551,52
10552,1
10553,15
10554,7
10555,6
10556,11
10557,14
10558,14
10559,19
10560,19
10561,13
10562,16
10563,1
10564,8
10565,16
10566,3
10567,11
10568,3
10569,9
10570,20
10571,12
10572,1
10573,6
10574,27
10575,11
10576,6
10577,9
10578,29
10579,6
10580,1
10581,19
10582,10
10583,18
10584,7
10585,6
10586,2
10587,6
10588,8
10589,31
10590,4
10591,2
10592,5
10593,9
10594,6
10595,7
10596,19
10597,6
10598,3
10599,4
10600,3
10601,6
10602,2
10603,2
10604,8
10605,2
10606,6
10607,5
10608,1
10609,9
10610,11
10611,14
10612,4
10613,29
10614,3
10615,10
10616,2
10617,4
10618,11
10619,7
10620,7
10621,1
10622,2
10623,9
10624,3
10625,11
10626,14
10627,5
10628,12
10629,8
10630,2
10631,6
10632,2
10633,4
10634,4
10635,1
10636,13
10637,28
10638,1
10639,14
10640,9
10641,17
10642,5
10643,4
10644,15
10645,10
10646,4
10647,7
10648,13
10649,15
10650,6
10651,1
10652,6
10653,3
10654,2
10655,4
10656,5
10657,19
10658,8
10659,1
10660,3
10661,22
10662,8
10663,10
10664,3
10665,1
10666,18
10667,15
10668,13
10669,2
10670,1
10671,3
10672,5
10673,10
10674,12
10675,15
10676,6
10677,5
10678,10
10679,8
10680,1
10681,1
10682,2
10683,2
10684,1
10685,4
10686,3
10687,1
10688,2
10689,1
10690,1
10691,1
10692,2
10693,1
10694,4
10695,2
10696,2
10697,1
10698,1
10699,5
10700,1
10701,1
10702,3
10703,1
10704,2
10705,2
10706,3
10707,4
10708,1
10709,1
10710,1
10711,2
10712,1
10713,2
10714,9
10715,2
10716,3
10717,2
10718,1
10719,3
10720,8
10721,2
10722,5
10723,4
10724,1
10725,9
10726,4
10727,2
10728,1
10729,1
10730,1
10731,2
10732,3
10733,2
10734,6
10735,1
10736,3
10737,1
10738,1
10739,1
10740,6
10741,1
10742,1
10743,1
10744,3
10745,2
10746,2
10747,1
10748,1
10749,1
10750,2
10751,1
10752,1
10753,1
10754,1
10755,1
10756,1
10757,1
10758,1
10759,1
10760,1
10761,1
10762,1
10763,1
10764,2
10765,2
10766,3
10767,1
10768,1
10769,2
10770,3
10771,2
10772,1
10773,2
10774,2
10775,1
10776,1
10777,2
10778,1
10779,2
10780,1
10781,2
10782,3
10783,1
10784,2
10785,1
10786,1
10787,3
10788,1
10789,1
10790,1
10791,1
10792,1
10793,3
10794,1
10795,1
10796,2
10797,1
10798,3
10799,1
10800,2
