1,1
2,3
3,3
4,1
5,1
6,4
7,1
8,1
9,6
10,2
11,3
12,1
13,1
14,1
15,2
16,7
17,1
18,5
19,6
20,6
21,1
22,2
23,4
24,7
25,1
26,8
27,4
28,2
29,2
30,2
31,1
32,3
33,1
34,1
35,4
36,4
37,8
38,4
39,5
40,8
41,1
42,1
43,5
44,3
45,2
46,2
47,3
48,1
49,7
50,1
51,3
52,4
53,2
54,3
55,4
56,3
57,2
58,2
59,2
60,3
61,1
62,1
63,2
64,2
65,2
66,2
67,2
68,7
69,9
70,2
71,2
72,1
73,1
74,2
75,3
76,2
77,5
78,1
79,2
80,2
81,3
82,8
83,12
84,9
85,6
86,4
87,2
88,9
89,5
90,4
91,5
92,3
93,9
94,1
95,1
96,1
97,2
98,1
99,1
100,1
101,1
102,5
103,6
104,3
105,1
106,2
107,4
108,1
109,3
110,4
111,4
112,9
113,1
114,6
115,1
116,2
117,1
118,1
119,6
120,1
121,15
122,1
123,2
124,2
125,14
126,4
127,4
128,8
129,5
130,1
131,7
132,4
133,2
134,3
135,1
136,4
137,2
138,2
139,2
140,2
141,1
142,1
143,2
144,1
145,1
146,2
147,1
148,3
149,3
150,4
151,3
152,2
153,1
154,2
155,1
156,6
157,2
158,3
159,8
160,6
161,2
162,2
163,3
164,6
165,9
166,6
167,6
168,4
169,1
170,7
171,4
172,9
173,4
174,1
175,5
176,3
177,1
178,12
179,11
180,2
181,4
182,1
183,3
184,5
185,6
186,4
187,1
188,3
189,5
190,5
191,4
192,8
193,1
194,1
195,1
196,2
197,9
198,4
199,5
200,4
201,2
202,1
203,1
204,1
205,4
206,4
207,8
208,2
209,9
210,14
211,2
212,1
213,1
214,2
215,1
216,5
217,5
218,12
219,2
220,2
221,13
222,1
223,12
224,2
225,13
226,2
227,1
228,3
229,5
230,2
231,3
232,5
233,5
234,3
235,5
236,1
237,7
238,3
239,5
240,1
241,1
242,1
243,25
244,5
245,3
246,1
247,1
248,7
249,2
250,1
251,13
252,2
253,3
254,4
255,1
256,1
257,13
258,5
259,1
260,2
261,2
262,6
263,3
264,2
265,7
266,15
267,1
268,11
269,8
270,5
271,1
272,2
273,1
274,3
275,11
276,5
277,4
278,8
279,1
280,13
281,5
282,2
283,3
284,12
285,7
286,2
287,3
288,3
289,2
290,6
291,4
292,3
293,8
294,4
295,1
296,3
297,5
298,1
299,3
300,2
301,5
302,1
303,7
304,1
305,1
306,4
307,1
308,8
309,4
310,2
311,1
312,1
313,1
314,1
315,7
316,1
317,1
318,7
319,8
320,8
321,2
322,1
323,7
324,2
325,3
326,4
327,8
328,3
329,1
330,2
331,7
332,3
333,3
334,3
335,3
336,1
337,4
338,2
339,2
340,4
341,2
342,6
343,3
344,5
345,4
346,1
347,12
348,2
349,5
350,3
351,9
352,2
353,1
354,6
355,1
356,8
357,10
358,2
359,4
360,3
361,2
362,6
363,2
364,14
365,6
366,7
367,4
368,9
369,4
370,5
371,3
372,7
373,1
374,7
375,11
376,3
377,8
378,2
379,1
380,3
381,2
382,3
383,1
384,2
385,2
386,10
387,11
388,2
389,1
390,2
391,4
392,3
393,3
394,1
395,5
396,3
397,1
398,3
399,4
400,4
401,1
402,1
403,2
404,2
405,6
406,6
407,6
408,1
409,1
410,6
411,7
412,1
413,2
414,5
415,1
416,8
417,12
418,2
419,6
420,7
421,4
422,2
423,1
424,8
425,3
426,9
427,11
428,3
429,1
430,6
431,1
432,1
433,8
434,8
435,16
436,1
437,14
438,2
439,7
440,3
441,2
442,5
443,9
444,5
445,4
446,3
447,6
448,2
449,1
450,2
451,5
452,4
453,11
454,1
455,2
456,5
457,1
458,5
459,2
460,4
461,4
462,6
463,1
464,3
465,1
466,2
467,1
468,21
469,6
470,7
471,1
472,1
473,5
474,3
475,2
476,1
477,8
478,2
479,5
480,1
481,2
482,2
483,8
484,2
485,1
486,1
487,3
488,3
489,3
490,5
491,4
492,4
493,4
494,3
495,1
496,4
497,7
498,5
499,2
500,1
501,5
502,6
503,3
504,1
505,3
506,6
507,16
508,5
509,1
510,4
511,3
512,1
513,1
514,6
515,1
516,8
517,5
518,5
519,3
520,4
521,3
522,4
523,1
524,4
525,8
526,1
527,7
528,7
529,6
530,2
531,6
532,1
533,14
534,6
535,1
536,1
537,1
538,1
539,1
540,1
541,2
542,1
543,2
544,1
545,5
546,3
547,4
548,2
549,2
550,2
551,6
552,4
553,1
554,8
555,3
556,5
557,5
558,5
559,1
560,1
561,2
562,2
563,3
564,6
565,7
566,14
567,9
568,1
569,2
570,3
571,5
572,2
573,4
574,2
575,2
576,5
577,1
578,1
579,6
580,5
581,3
582,1
583,1
584,5
585,2
586,4
587,3
588,4
589,1
590,1
591,2
592,2
593,2
594,1
595,5
596,4
597,5
598,2
599,7
600,2
601,3
602,3
603,3
604,1
605,2
606,1
607,7
608,1
609,1
610,4
611,3
612,5
613,11
614,5
615,3
616,2
617,1
618,1
619,2
620,1
621,3
622,13
623,1
624,2
625,1
626,1
627,1
628,1
629,2
630,3
631,11
632,3
633,5
634,7
635,3
636,2
637,1
638,7
639,1
640,8
641,1
642,8
643,14
644,17
645,1
646,3
647,7
648,1
649,4
650,8
651,1
652,2
653,5
654,2
655,12
656,3
657,4
658,1
659,11
660,3
661,3
662,1
663,23
664,4
665,7
666,14
667,10
668,11
669,2
670,5
671,1
672,1
673,5
674,1
675,1
676,2
677,3
678,7
679,4
680,9
681,4
682,2
683,4
684,2
685,3
686,2
687,16
688,3
689,2
690,7
691,8
692,7
693,4
694,40
695,2
696,4
697,2
698,10
699,22
700,5
701,16
702,16
703,17
704,6
705,4
706,21
707,6
708,6
709,5
710,13
711,2
712,6
713,1
714,3
715,5
716,13
717,2
718,2
719,9
720,25
721,6
722,16
723,5
724,1
725,5
726,6
727,5
728,2
729,1
730,1
731,6
732,3
733,2
734,14
735,2
736,2
737,1
738,1
739,4
740,2
741,2
742,3
743,1
744,15
745,5
746,1
747,2
748,11
749,5
750,6
751,9
752,4
753,1
754,3
755,5
756,6
757,3
758,2
759,2
760,3
761,1
762,10
763,2
764,2
765,2
766,1
767,2
768,3
769,2
770,1
771,1
772,3
773,6
774,8
775,7
776,5
777,3
778,4
779,3
780,4
781,1
782,1
783,1
784,3
785,4
786,2
787,10
788,9
789,2
790,4
791,8
792,1
793,2
794,1
795,8
796,2
797,1
798,8
799,10
800,2
801,1
802,7
803,1
804,4
805,7
806,5
807,2
808,7
809,10
810,1
811,5
812,6
813,2
814,2
815,6
816,3
817,4
818,2
819,4
820,13
821,1
822,6
823,3
824,6
825,4
826,9
827,1
828,3
829,11
830,8
831,6
832,4
833,3
834,1
835,3
836,1
837,1
838,11
839,11
840,5
841,4
842,7
843,1
844,1
845,5
846,13
847,2
848,7
849,6
850,1
851,3
852,7
853,3
854,11
855,3
856,1
857,2
858,5
859,2
860,3
861,3
862,1
863,1
864,13
865,2
866,1
867,1
868,1
869,6
870,1
871,5
872,1
873,3
874,3
875,7
876,2
877,2
878,3
879,2
880,4
881,1
882,1
883,4
884,3
885,1
886,1
887,3
888,2
889,1
890,1
891,2
892,1
893,5
894,3
895,2
896,4
897,1
898,2
899,1
900,3
901,3
902,6
903,1
904,2
905,3
906,2
907,6
908,6
909,1
910,4
911,1
912,2
913,1
914,4
915,1
916,4
917,9
918,2
919,8
920,3
921,6
922,1
923,1
924,2
925,1
926,1
927,1
928,2
929,2
930,1
931,5
932,7
933,1
934,2
935,2
936,3
937,7
938,2
939,17
940,2
941,4
942,5
943,7
944,1
945,1
946,3
947,1
948,3
949,7
950,1
951,6
952,3
953,6
954,1
955,5
956,2
957,3
958,8
959,3
960,4
961,12
962,3
963,4
964,1
965,3
966,6
967,2
968,4
969,1
970,2
971,20
972,2
973,1
974,11
975,11
976,2
977,10
978,11
979,4
980,8
981,13
982,20
983,1
984,7
985,1
986,2
987,3
988,4
989,4
990,7
991,4
992,4
993,1
994,17
995,11
996,1
997,4
998,9
999,2
1000,8
1001,8
1002,10
1003,5
1004,7
1005,14
1006,9
1007,14
1008,1
1009,25
1010,3
1011,5
1012,3
1013,1
1014,2
1015,1
1016,11
1017,3
1018,3
1019,10
1020,5
1021,20
1022,1
1023,1
1024,19
1025,3
1026,13
1027,36
1028,29
1029,17
1030,18
1031,6
1032,11
1033,2
1034,1
1035,11
1036,15
1037,1
1038,9
1039,16
1040,12
1041,5
1042,2
1043,2
1044,3
1045,13
1046,6
1047,6
1048,8
1049,2
1050,2
1051,12
1052,2
1053,7
1054,5
1055,3
1056,16
1057,9
1058,3
1059,21
1060,6
1061,4
1062,3
1063,3
1064,13
1065,12
1066,22
1067,5
1068,13
1069,1
1070,1
1071,29
1072,3
1073,12
1074,20
1075,3
1076,10
1077,10
1078,9
1079,13
1080,21
1081,4
1082,6
1083,7
1084,21
1085,1
1086,4
1087,26
1088,8
1089,2
1090,3
1091,4
1092,8
1093,14
1094,6
1095,20
1096,1
1097,5
1098,3
1099,12
1100,2
1101,8
1102,5
1103,7
1104,14
1105,13
1106,4
1107,15
1108,1
1109,8
1110,15
1111,1
1112,1
1113,1
1114,19
1115,5
1116,4
1117,4
1118,1
1119,1
1120,3
1121,7
1122,3
1123,13
1124,1
1125,6
1126,7
1127,2
1128,3
1129,2
1130,9
1131,3
1132,5
1133,19
1134,2
1135,17
1136,1
1137,8
1138,6
1139,2
1140,11
1141,2
1142,8
1143,3
1144,9
1145,3
1146,28
1147,2
1148,7
1149,4
1150,5
1151,8
1152,8
1153,11
1154,5
1155,13
1156,8
1157,8
1158,2
1159,2
1160,24
1161,19
1162,20
1163,9
1164,9
1165,19
1166,8
1167,4
1168,4
1169,6
1170,4
1171,7
1172,4
1173,14
1174,4
1175,4
1176,7
1177,11
1178,9
1179,15
1180,1
1181,18
1182,5
1183,2
1184,2
1185,7
1186,10
1187,2
1188,8
1189,2
1190,4
1191,6
1192,30
1193,3
1194,4
1195,2
1196,1
1197,8
1198,2
1199,9
1200,19
1201,13
1202,6
1203,4
1204,4
1205,13
1206,11
1207,8
1208,3
1209,2
1210,32
1211,10
1212,2
1213,6
1214,1
1215,1
1216,1
1217,1
1218,1
1219,5
1220,1
1221,12
1222,11
1223,2
1224,2
1225,6
1226,9
1227,2
1228,9
1229,3
1230,2
1231,9
1232,4
1233,6
1234,1
1235,16
1236,7
1237,5
1238,2
1239,4
1240,6
1241,9
1242,27
1243,19
1244,11
1245,13
1246,5
1247,7
1248,13
1249,3
1250,1
1251,9
1252,1
1253,3
1254,2
1255,2
1256,3
1257,9
1258,10
1259,4
1260,7
1261,15
1262,8
1263,5
1264,5
1265,7
1266,8
1267,9
1268,6
1269,8
1270,3
1271,2
1272,7
1273,3
1274,2
1275,8
1276,1
1277,4
1278,5
1279,11
1280,1
1281,5
1282,3
1283,1
1284,2
1285,3
1286,2
1287,1
1288,4
1289,2
1290,1
1291,3
1292,1
1293,2
1294,3
1295,2
1296,4
1297,1
1298,3
1299,1
1300,6
1301,1
1302,2
1303,8
1304,3
1305,2
1306,4
1307,4
1308,4
1309,2
1310,1
1311,1
1312,1
1313,3
1314,6
1315,7
1316,3
1317,1
1318,1
1319,2
1320,3
1321,7
1322,9
1323,1
1324,4
1325,3
1326,1
1327,5
1328,2
1329,2
1330,5
1331,1
1332,1
1333,1
1334,3
1335,2
1336,2
1337,12
1338,1
1339,4
1340,4
1341,2
1342,1
1343,1
1344,2
1345,6
1346,2
1347,3
1348,2
1349,1
1350,1
1351,1
1352,2
1353,1
1354,2
1355,3
1356,2
1357,2
1358,3
1359,10
1360,9
1361,2
1362,9
1363,4
1364,3
1365,8
1366,5
1367,4
1368,4
1369,2
1370,4
1371,9
1372,15
1373,1
1374,1
1375,2
1376,1
1377,1
1378,2
1379,3
1380,1
1381,4
1382,4
1383,6
1384,2
1385,7
1386,2
1387,3
1388,2
1389,4
1390,5
1391,1
1392,8
1393,1
1394,8
1395,7
1396,8
1397,1
1398,1
1399,4
1400,6
1401,3
1402,3
1403,3
1404,6
1405,14
1406,2
1407,3
1408,2
1409,3
1410,9
1411,3
1412,9
1413,1
1414,4
1415,10
1416,2
1417,3
1418,4
1419,3
1420,1
1421,1
1422,4
1423,6
1424,1
1425,4
1426,3
1427,1
1428,4
1429,2
1430,2
1431,3
1432,8
1433,1
1434,1
1435,4
1436,1
1437,1
1438,4
1439,1
1440,4
1441,1
1442,1
1443,11
1444,9
1445,2
1446,2
1447,4
1448,1
1449,6
1450,1
1451,8
1452,1
1453,1
1454,2
1455,4
1456,2
1457,3
1458,3
1459,1
1460,2
1461,14
1462,6
1463,2
1464,15
1465,20
1466,12
1467,4
1468,1
1469,2
1470,3
1471,1
1472,2
1473,13
1474,4
1475,5
1476,5
1477,2
1478,4
1479,4
1480,1
1481,3
1482,11
1483,2
1484,8
1485,3
1486,2
1487,3
1488,2
1489,1
1490,5
1491,1
1492,1
1493,19
1494,1
1495,13
1496,16
1497,6
1498,12
1499,1
1500,16
1501,2
1502,2
1503,8
1504,1
1505,1
1506,3
1507,2
1508,3
1509,4
1510,1
1511,6
1512,6
1513,1
1514,4
1515,2
1516,1
1517,11
1518,14
1519,2
1520,3
1521,8
1522,2
1523,3
1524,3
1525,4
1526,2
1527,3
1528,5
1529,10
1530,1
1531,1
1532,2
1533,2
1534,2
1535,10
1536,1
1537,5
1538,8
1539,4
1540,5
1541,1
1542,3
1543,2
1544,7
1545,1
1546,3
1547,10
1548,3
1549,4
1550,1
1551,4
1552,4
1553,1
1554,5
1555,1
1556,8
1557,2
1558,7
1559,2
1560,1
1561,3
1562,3
1563,1
1564,2
1565,1
1566,1
1567,6
1568,3
1569,3
1570,15
1571,2
1572,1
1573,2
1574,4
1575,1
1576,10
1577,5
1578,2
1579,5
1580,2
1581,6
1582,1
1583,1
1584,13
1585,4
1586,2
1587,2
1588,5
1589,4
1590,5
1591,5
1592,3
1593,7
1594,1
1595,11
1596,6
1597,5
1598,6
1599,2
1600,5
1601,6
1602,12
1603,4
1604,3
1605,3
1606,1
1607,1
1608,1
1609,1
1610,3
1611,5
1612,3
1613,1
1614,3
1615,1
1616,1
1617,5
1618,3
1619,7
1620,1
1621,2
1622,8
1623,8
1624,9
1625,2
1626,4
1627,4
1628,2
1629,1
1630,7
1631,1
1632,11
1633,6
1634,4
1635,1
1636,15
1637,7
1638,5
1639,9
1640,7
1641,4
1642,1
1643,4
1644,3
1645,2
1646,6
1647,11
1648,2
1649,3
1650,6
1651,10
1652,2
1653,2
1654,7
1655,7
1656,3
1657,6
1658,9
1659,1
1660,2
1661,1
1662,4
1663,2
1664,5
1665,4
1666,1
1667,2
1668,10
1669,18
1670,1
1671,14
1672,6
1673,3
1674,3
1675,10
1676,3
1677,2
1678,9
1679,1
1680,1
1681,2
1682,4
1683,11
1684,12
1685,1
1686,3
1687,2
1688,4
1689,1
1690,3
1691,1
1692,3
1693,6
1694,1
1695,2
1696,4
1697,6
1698,2
1699,12
1700,1
1701,9
1702,3
1703,14
1704,8
1705,5
1706,2
1707,11
1708,1
1709,7
1710,7
1711,3
1712,16
1713,17
1714,5
1715,5
1716,15
1717,6
1718,7
1719,1
1720,3
1721,4
1722,3
1723,2
1724,13
1725,4
1726,7
1727,7
1728,1
1729,5
1730,1
1731,6
1732,6
1733,4
1734,4
1735,23
1736,6
1737,26
1738,3
1739,21
1740,5
1741,12
1742,2
1743,5
1744,14
1745,37
1746,10
1747,18
1748,14
1749,12
1750,5
1751,4
1752,6
1753,4
1754,1
1755,2
1756,4
1757,2
1758,34
1759,1
1760,21
1761,15
1762,2
1763,7
1764,4
1765,17
1766,7
1767,1
1768,9
1769,2
1770,6
1771,2
1772,7
1773,1
1774,7
1775,7
1776,18
1777,8
1778,14
1779,7
1780,5
1781,4
1782,7
1783,21
1784,4
1785,22
1786,2
1787,14
1788,7
1789,3
1790,14
1791,4
1792,3
1793,6
1794,4
1795,27
1796,22
1797,3
1798,5
1799,12
1800,25
1801,13
1802,7
1803,3
1804,5
1805,11
1806,6
1807,6
1808,11
1809,9
1810,8
1811,3
1812,6
1813,2
1814,8
1815,10
1816,3
1817,6
1818,7
1819,12
1820,17
1821,2
1822,2
1823,7
1824,7
1825,16
1826,13
1827,2
1828,14
1829,14
1830,1
1831,11
1832,1
1833,16
1834,4
1835,13
1836,3
1837,15
1838,2
1839,1
1840,11
1841,4
1842,2
1843,4
1844,12
1845,5
1846,16
1847,42
1848,8
1849,16
1850,7
1851,26
1852,13
1853,4
1854,1
1855,3
1856,3
1857,3
1858,6
1859,1
1860,4
1861,25
1862,1
1863,14
1864,6
1865,2
1866,12
1867,21
1868,8
1869,6
1870,2
1871,8
1872,45
1873,2
1874,2
1875,19
1876,8
1877,1
1878,9
1879,3
1880,12
1881,24
1882,3
1883,5
1884,9
1885,4
1886,13
1887,4
1888,3
1889,6
1890,6
1891,4
1892,7
1893,2
1894,3
1895,15
1896,16
1897,30
1898,10
1899,10
1900,11
1901,2
1902,8
1903,7
1904,3
1905,12
1906,1
1907,9
1908,3
1909,1
1910,24
1911,7
1912,3
1913,1
1914,3
1915,4
1916,1
1917,16
1918,3
1919,11
1920,2
1921,4
1922,4
1923,1
1924,3
1925,9
1926,1
1927,5
1928,14
1929,5
1930,1
1931,6
1932,9
1933,1
1934,7
1935,3
1936,5
1937,2
1938,1
1939,7
1940,10
1941,1
1942,5
1943,6
1944,5
1945,3
1946,1
1947,12
1948,6
1949,8
1950,12
1951,11
1952,2
1953,1
1954,1
1955,2
1956,3
1957,3
1958,1
1959,12
1960,5
1961,2
1962,6
1963,8
1964,5
1965,2
1966,8
1967,4
1968,3
1969,2
1970,9
1971,1
1972,1
1973,2
1974,7
1975,5
1976,10
1977,6
1978,1
1979,6
1980,1
1981,7
1982,2
1983,6
1984,8
1985,9
1986,1
1987,4
1988,2
1989,3
1990,7
1991,5
1992,9
1993,2
1994,9
1995,4
1996,1
1997,5
1998,2
1999,3
2000,2
2001,6
2002,4
2003,7
2004,2
2005,1
2006,12
2007,2
2008,2
2009,2
2010,3
2011,12
2012,2
2013,5
2014,1
2015,3
2016,4
2017,1
2018,2
2019,6
2020,3
2021,1
2022,10
2023,5
2024,3
2025,2
2026,4
2027,6
2028,4
2029,1
2030,3
2031,4
2032,8
2033,3
2034,7
2035,7
2036,1
2037,5
2038,5
2039,9
2040,13
2041,6
2042,6
2043,1
2044,2
2045,3
2046,1
2047,6
2048,2
2049,1
2050,1
2051,7
2052,1
2053,13
2054,1
2055,2
2056,6
2057,17
2058,3
2059,6
2060,6
2061,11
2062,7
2063,3
2064,2
2065,1
2066,1
2067,2
2068,3
2069,3
2070,7
2071,1
2072,2
2073,8
2074,3
2075,10
2076,2
2077,2
2078,9
2079,1
2080,3
2081,5
2082,9
2083,11
2084,4
2085,1
2086,1
2087,10
2088,1
2089,1
2090,2
2091,9
2092,7
2093,3
2094,3
2095,9
2096,7
2097,7
2098,4
2099,10
2100,2
2101,16
2102,10
2103,5
2104,12
2105,7
2106,2
2107,1
2108,23
2109,11
2110,1
2111,4
2112,18
2113,6
2114,17
2115,1
2116,1
2117,8
2118,7
2119,4
2120,12
2121,7
2122,4
2123,1
2124,2
2125,7
2126,6
2127,2
2128,1
2129,1
2130,6
2131,4
2132,12
2133,6
2134,5
2135,2
2136,3
2137,10
2138,1
2139,7
2140,5
2141,8
2142,6
2143,2
2144,6
2145,4
2146,6
2147,8
2148,12
2149,1
2150,18
2151,3
2152,1
2153,2
2154,2
2155,16
2156,4
2157,1
2158,6
2159,4
2160,11
2161,13
2162,5
2163,17
2164,6
2165,9
2166,9
2167,7
2168,8
2169,10
2170,6
2171,1
2172,8
2173,1
2174,4
2175,6
2176,1
2177,4
2178,8
2179,15
2180,4
2181,1
2182,7
2183,1
2184,5
2185,4
2186,17
2187,3
2188,11
2189,6
2190,17
2191,8
2192,3
2193,6
2194,10
2195,2
2196,3
2197,2
2198,10
2199,6
2200,5
2201,4
2202,5
2203,2
2204,4
2205,5
2206,4
2207,9
2208,1
2209,3
2210,32
2211,8
2212,4
2213,7
2214,2
2215,23
2216,2
2217,1
2218,5
2219,7
2220,1
2221,2
2222,1
2223,6
2224,7
2225,6
2226,16
2227,3
2228,12
2229,22
2230,19
2231,2
2232,21
2233,4
2234,3
2235,7
2236,7
2237,7
2238,6
2239,9
2240,1
2241,14
2242,11
2243,20
2244,18
2245,2
2246,3
2247,14
2248,24
2249,15
2250,1
2251,9
2252,7
2253,3
2254,7
2255,32
2256,1
2257,2
2258,3
2259,12
2260,9
2261,15
2262,5
2263,5
2264,1
2265,11
2266,3
2267,1
2268,5
2269,9
2270,2
2271,6
2272,9
2273,1
2274,4
2275,4
2276,8
2277,17
2278,6
2279,9
2280,25
2281,8
2282,8
2283,1
2284,17
2285,3
2286,6
2287,21
2288,6
2289,3
2290,12
2291,19
2292,6
2293,5
2294,19
2295,5
2296,9
2297,12
2298,3
2299,1
2300,4
2301,22
2302,9
2303,2
2304,24
2305,8
2306,3
2307,1
2308,6
2309,3
2310,2
2311,4
2312,2
2313,9
2314,4
2315,7
2316,11
2317,15
2318,2
2319,3
2320,6
2321,6
2322,1
2323,5
2324,12
2325,16
2326,7
2327,9
2328,5
2329,9
2330,12
2331,3
2332,10
2333,9
2334,17
2335,9
2336,4
2337,1
2338,1
2339,2
2340,3
2341,1
2342,5
2343,1
2344,18
2345,7
2346,29
2347,8
2348,6
2349,2
2350,3
2351,13
2352,6
2353,1
2354,11
2355,14
2356,3
2357,2
2358,1
2359,3
2360,20
2361,1
2362,8
2363,15
2364,8
2365,66
2366,27
2367,5
2368,4
2369,21
2370,10
2371,12
2372,35
2373,34
2374,18
2375,10
2376,10
2377,8
2378,13
2379,20
2380,1
2381,9
2382,10
2383,20
2384,13
2385,1
2386,4
2387,25
2388,5
2389,2
2390,23
2391,3
2392,18
2393,3
2394,2
2395,21
2396,6
2397,6
2398,10
2399,13
2400,10
2401,2
2402,4
2403,14
2404,5
2405,10
2406,15
2407,16
2408,2
2409,23
2410,15
2411,11
2412,20
2413,2
2414,10
2415,28
2416,8
2417,7
2418,13
2419,2
2420,3
2421,7
2422,2
2423,5
2424,26
2425,1
2426,10
2427,38
2428,23
2429,4
2430,51
2431,2
2432,11
2433,5
2434,30
2435,12
2436,3
2437,3
2438,19
2439,3
2440,14
2441,11
2442,3
2443,3
2444,17
2445,6
2446,1
2447,17
2448,4
2449,16
2450,1
2451,2
2452,10
2453,16
2454,1
2455,4
2456,13
2457,28
2458,34
2459,14
2460,48
2461,9
2462,4
2463,24
2464,6
2465,33
2466,3
2467,22
2468,13
2469,4
2470,11
2471,8
2472,6
2473,35
2474,24
2475,5
2476,3
2477,6
2478,1
2479,38
2480,5
2481,3
2482,22
2483,8
2484,16
2485,15
2486,54
2487,27
2488,2
2489,22
2490,7
2491,11
2492,2
2493,5
2494,8
2495,29
2496,4
2497,22
2498,3
2499,2
2500,23
2501,3
2502,21
2503,12
2504,9
2505,10
2506,5
2507,28
2508,19
2509,2
2510,4
2511,4
2512,10
2513,39
2514,11
2515,8
2516,2
2517,17
2518,5
2519,3
2520,17
2521,25
2522,38
2523,19
2524,1
2525,22
2526,6
2527,1
2528,11
2529,31
2530,2
2531,25
2532,7
2533,28
2534,4
2535,19
2536,58
2537,48
2538,9
2539,13
2540,8
2541,7
2542,17
2543,42
2544,1
2545,5
2546,3
2547,2
2548,4
2549,12
2550,7
2551,13
2552,8
2553,21
2554,25
2555,16
2556,10
2557,35
2558,1
2559,6
2560,29
2561,24
2562,14
2563,7
2564,36
2565,1
2566,3
2567,26
2568,11
2569,1
2570,1
2571,7
2572,10
2573,33
2574,11
2575,1
2576,2
2577,2
2578,7
2579,6
2580,3
2581,7
2582,19
2583,11
2584,46
2585,6
2586,19
2587,20
2588,20
2589,24
2590,22
2591,7
2592,11
2593,64
2594,42
2595,1
2596,11
2597,24
2598,3
2599,17
2600,33
2601,10
2602,8
2603,15
2604,16
2605,28
2606,12
2607,3
2608,16
2609,25
2610,18
2611,13
2612,8
2613,16
2614,32
2615,2
2616,3
2617,23
2618,5
2619,1
2620,2
2621,72
2622,4
2623,47
2624,31
2625,3
2626,25
2627,42
2628,22
2629,5
2630,12
2631,22
2632,15
2633,28
2634,17
2635,12
2636,6
2637,41
2638,17
2639,2
2640,8
2641,10
2642,1
2643,4
2644,3
2645,17
2646,3
2647,7
2648,8
2649,1
2650,6
2651,20
2652,2
2653,26
2654,1
2655,6
2656,37
2657,11
2658,10
2659,9
2660,5
2661,29
2662,27
2663,19
2664,1
2665,9
2666,35
2667,5
2668,11
2669,11
2670,12
2671,3
2672,18
2673,2
2674,3
2675,7
2676,13
2677,6
2678,30
2679,22
2680,12
2681,11
2682,5
2683,11
2684,15
2685,7
2686,44
2687,10
2688,3
2689,5
2690,10
2691,1
2692,52
2693,19
2694,2
2695,21
2696,1
2697,36
2698,11
2699,36
2700,2
2701,15
2702,34
2703,7
2704,8
2705,4
2706,10
2707,13
2708,3
2709,22
2710,30
2711,4
2712,22
2713,16
2714,20
2715,12
2716,15
2717,6
2718,3
2719,12
2720,11
2721,13
2722,22
2723,28
2724,6
2725,8
2726,28
2727,6
2728,5
2729,8
2730,42
2731,25
2732,18
2733,6
2734,1
2735,4
2736,4
2737,14
2738,16
2739,16
2740,4
2741,1
2742,23
2743,26
2744,1
2745,15
2746,27
2747,30
2748,21
2749,4
2750,7
2751,1
2752,6
2753,15
2754,14
2755,3
2756,29
2757,12
2758,10
2759,9
2760,13
2761,7
2762,6
2763,5
2764,7
2765,7
2766,15
2767,2
2768,15
2769,1
2770,5
2771,4
2772,2
2773,2
2774,13
2775,21
2776,21
2777,6
2778,3
2779,18
2780,5
2781,4
2782,4
2783,13
2784,14
2785,2
2786,9
2787,20
2788,1
2789,6
2790,13
2791,11
2792,8
2793,9
2794,1
2795,4
2796,11
2797,31
2798,24
2799,44
2800,26
2801,8
2802,1
2803,4
2804,2
2805,12
2806,1
2807,10
2808,5
2809,12
2810,2
2811,5
2812,6
2813,3
2814,14
2815,1
2816,8
2817,15
2818,1
2819,1
2820,19
2821,3
2822,9
2823,7
2824,14
2825,2
2826,6
2827,10
2828,7
2829,4
2830,17
2831,8
2832,11
2833,15
2834,17
2835,1
2836,23
2837,6
2838,2
2839,1
2840,1
2841,9
2842,13
2843,9
2844,5
2845,8
2846,1
2847,13
2848,7
2849,2
2850,1
2851,7
2852,4
2853,23
2854,4
2855,7
2856,1
2857,14
2858,3
2859,3
2860,6
2861,5
2862,5
2863,1
2864,16
2865,5
2866,13
2867,3
2868,1
2869,13
2870,9
2871,7
2872,4
2873,4
2874,18
2875,11
2876,5
2877,13
2878,8
2879,16
2880,12
2881,10
2882,12
2883,10
2884,9
2885,6
2886,4
2887,7
2888,1
2889,5
2890,2
2891,12
2892,1
2893,4
2894,17
2895,3
2896,26
2897,7
2898,2
2899,3
2900,1
2901,16
2902,2
2903,20
2904,13
2905,6
2906,9
2907,2
2908,3
2909,2
2910,12
2911,8
2912,4
2913,13
2914,3
2915,2
2916,16
2917,3
2918,2
2919,6
2920,1
2921,2
2922,5
2923,3
2924,8
2925,12
2926,6
2927,15
2928,5
2929,1
2930,9
2931,12
2932,1
2933,14
2934,11
2935,8
2936,2
2937,1
2938,1
2939,15
2940,13
2941,2
2942,9
2943,11
2944,15
2945,7
2946,3
2947,6
2948,10
2949,1
2950,4
2951,2
2952,7
2953,2
2954,4
2955,2
2956,1
2957,4
2958,11
2959,9
2960,10
2961,4
2962,3
2963,1
2964,5
2965,2
2966,5
2967,7
2968,2
2969,1
2970,2
2971,2
2972,1
2973,6
2974,3
2975,3
2976,5
2977,7
2978,6
2979,2
2980,1
2981,11
2982,3
2983,2
2984,1
2985,14
2986,2
2987,3
2988,4
2989,4
2990,11
2991,1
2992,7
2993,3
2994,1
2995,2
2996,4
2997,3
2998,4
2999,3
3000,1
3001,8
3002,1
3003,11
3004,5
3005,3
3006,7
3007,3
3008,17
3009,8
3010,3
3011,1
3012,1
3013,8
3014,2
3015,2
3016,2
3017,11
3018,6
3019,14
3020,1
3021,2
3022,7
3023,10
3024,2
3025,7
3026,17
3027,7
3028,1
3029,1
3030,11
3031,2
3032,3
3033,4
3034,17
3035,10
3036,5
3037,14
3038,9
3039,6
3040,7
3041,12
3042,1
3043,1
3044,20
3045,1
3046,22
3047,1
3048,2
3049,1
3050,3
3051,3
3052,8
3053,1
3054,11
3055,10
3056,1
3057,3
3058,5
3059,3
3060,36
3061,2
3062,2
3063,4
3064,17
3065,32
3066,17
3067,10
3068,8
3069,12
3070,2
3071,22
3072,1
3073,8
3074,5
3075,3
3076,14
3077,10
3078,4
3079,14
3080,5
3081,15
3082,3
3083,19
3084,2
3085,5
3086,12
3087,9
3088,6
3089,2
3090,18
3091,21
3092,2
3093,3
3094,17
3095,7
3096,4
3097,6
3098,7
3099,20
3100,22
3101,1
3102,7
3103,25
3104,22
3105,2
3106,2
3107,21
3108,4
3109,31
3110,27
3111,1
3112,16
3113,16
3114,19
3115,4
3116,2
3117,6
3118,33
3119,5
3120,3
3121,3
3122,2
3123,1
3124,3
3125,15
3126,17
3127,4
3128,1
3129,28
3130,1
3131,9
3132,2
3133,5
3134,1
3135,31
3136,7
3137,45
3138,5
3139,4
3140,8
3141,4
3142,17
3143,14
3144,8
3145,7
3146,5
3147,19
3148,4
3149,23
3150,6
3151,17
3152,23
3153,3
3154,12
3155,10
3156,7
3157,2
3158,9
3159,2
3160,9
3161,15
3162,1
3163,32
3164,15
3165,1
3166,36
3167,4
3168,12
3169,7
3170,9
3171,3
3172,2
3173,2
3174,4
3175,8
3176,1
3177,1
3178,15
3179,1
3180,9
3181,1
3182,5
3183,14
3184,5
3185,4
3186,2
3187,1
3188,18
3189,3
3190,7
3191,6
3192,32
3193,1
3194,7
3195,18
3196,5
3197,6
3198,22
3199,4
3200,1
3201,1
3202,2
3203,23
3204,2
3205,3
3206,4
3207,4
3208,14
3209,21
3210,1
3211,6
3212,5
3213,3
3214,1
3215,4
3216,7
3217,4
3218,5
3219,1
3220,4
3221,30
3222,7
3223,12
3224,1
3225,13
3226,5
3227,1
3228,1
3229,13
3230,5
3231,2
3232,9
3233,5
3234,3
3235,19
3236,22
3237,4
3238,2
3239,5
3240,9
3241,7
3242,3
3243,4
3244,10
3245,13
3246,3
3247,1
3248,5
3249,6
3250,12
3251,8
3252,1
3253,5
3254,1
3255,2
3256,16
3257,13
3258,3
3259,11
3260,7
3261,8
3262,4
3263,5
3264,1
3265,4
3266,4
3267,3
3268,1
3269,3
3270,1
3271,7
3272,2
3273,3
3274,1
3275,3
3276,10
3277,3
3278,3
3279,7
3280,4
3281,3
3282,3
3283,4
3284,7
3285,3
3286,16
3287,1
3288,1
3289,4
3290,1
3291,4
3292,5
3293,3
3294,5
3295,2
3296,2
3297,2
3298,1
3299,1
3300,5
3301,1
3302,1
3303,8
3304,1
3305,2
3306,3
3307,3
3308,5
3309,12
3310,11
3311,1
3312,1
3313,1
3314,1
3315,6
3316,6
3317,3
3318,2
3319,1
3320,4
3321,4
3322,8
3323,2
3324,1
3325,2
3326,3
3327,3
3328,10
3329,1
3330,2
3331,2
3332,3
3333,13
3334,2
3335,3
3336,11
3337,14
3338,4
3339,1
3340,3
3341,3
3342,10
3343,3
3344,1
3345,2
3346,3
3347,6
3348,8
3349,3
3350,2
3351,6
3352,8
3353,8
3354,2
3355,5
3356,15
3357,3
3358,6
3359,4
3360,9
3361,2
3362,3
3363,12
3364,8
3365,15
3366,27
3367,11
3368,14
3369,3
3370,4
3371,10
3372,3
3373,3
3374,4
3375,1
3376,4
3377,14
3378,1
3379,4
3380,5
3381,2
3382,6
3383,7
3384,5
3385,1
3386,12
3387,3
3388,8
3389,2
3390,1
3391,7
3392,1
3393,3
3394,6
3395,12
3396,1
3397,7
3398,12
3399,2
3400,9
3401,6
3402,4
3403,2
3404,23
3405,5
3406,9
3407,1
3408,4
3409,8
3410,8
3411,21
3412,9
3413,6
3414,1
3415,1
3416,1
3417,10
3418,11
3419,1
3420,7
3421,3
3422,1
3423,3
3424,2
3425,5
3426,2
3427,5
3428,5
3429,1
3430,8
3431,1
3432,1
3433,3
3434,6
3435,14
3436,1
3437,7
3438,4
3439,9
3440,2
3441,1
3442,1
3443,9
3444,2
3445,4
3446,3
3447,8
3448,8
3449,9
3450,2
3451,2
3452,2
3453,5
3454,6
3455,1
3456,1
3457,1
3458,5
3459,1
3460,3
3461,3
3462,2
3463,1
3464,1
3465,2
3466,2
3467,2
3468,1
3469,1
3470,2
3471,1
3472,1
3473,5
3474,3
3475,7
3476,4
3477,5
3478,4
3479,1
3480,5
3481,5
3482,1
3483,5
3484,1
3485,1
3486,1
3487,2
3488,5
3489,2
3490,1
3491,7
3492,2
3493,1
3494,2
3495,1
3496,3
3497,5
3498,5
3499,2
3500,7
3501,1
3502,3
3503,1
3504,3
3505,2
3506,1
3507,1
3508,3
3509,1
3510,1
3511,2
3512,8
3513,1
3514,3
3515,2
3516,5
3517,1
3518,1
3519,2
3520,6
3521,6
3522,2
3523,4
3524,1
3525,1
3526,2
3527,1
3528,9
3529,4
3530,3
3531,2
3532,2
3533,3
3534,3
3535,2
3536,4
3537,3
3538,2
3539,8
3540,3
3541,1
3542,1
3543,1
3544,1
3545,3
3546,6
3547,2
3548,2
3549,3
3550,6
3551,5
3552,4
3553,6
3554,1
3555,1
3556,9
3557,1
3558,3
3559,2
3560,1
3561,7
3562,3
3563,1
3564,6
3565,2
3566,2
3567,2
3568,1
3569,5
3570,2
3571,3
3572,10
3573,3
3574,2
3575,5
3576,1
3577,2
3578,2
3579,5
3580,1
3581,1
3582,2
3583,1
3584,7
3585,9
3586,3
3587,5
3588,1
3589,5
3590,4
3591,7
3592,6
3593,4
3594,2
3595,3
3596,6
3597,3
3598,3
3599,5
3600,1
3601,2
3602,6
3603,3
3604,10
3605,8
3606,4
3607,3
3608,2
3609,1
3610,2
3611,2
3612,2
3613,6
3614,2
3615,4
3616,1
3617,3
3618,8
3619,2
3620,1
3621,1
3622,3
3623,2
3624,5
3625,5
3626,2
3627,3
3628,3
3629,2
3630,3
3631,6
3632,3
3633,4
3634,2
3635,1
3636,3
3637,3
3638,2
3639,1
3640,6
3641,5
3642,3
3643,2
3644,2
3645,5
3646,7
3647,3
3648,2
3649,2
3650,6
3651,3
3652,4
3653,1
3654,2
3655,3
3656,5
3657,1
3658,2
3659,6
3660,3
3661,3
3662,1
3663,4
3664,2
3665,1
3666,2
3667,2
3668,1
3669,10
3670,3
3671,3
3672,4
3673,1
3674,1
3675,4
3676,3
3677,1
3678,3
3679,2
3680,3
3681,3
3682,3
3683,1
3684,8
3685,1
3686,1
3687,1
3688,1
3689,3
3690,2
3691,2
3692,4
3693,1
3694,5
3695,6
3696,4
3697,4
3698,5
3699,1
3700,3
3701,3
3702,3
3703,4
3704,4
3705,2
3706,1
3707,1
3708,3
3709,1
3710,12
3711,1
3712,1
3713,1
3714,7
3715,6
3716,1
3717,19
3718,1
3719,2
3720,1
3721,5
3722,3
3723,3
3724,2
3725,2
3726,4
3727,3
3728,6
3729,4
3730,16
3731,7
3732,2
3733,2
3734,2
3735,6
3736,1
3737,2
3738,7
3739,4
3740,1
3741,5
3742,5
3743,1
3744,6
3745,2
3746,1
3747,3
3748,2
3749,2
3750,3
3751,2
3752,1
3753,5
3754,2
3755,2
3756,1
3757,3
3758,4
3759,2
3760,1
3761,5
3762,3
3763,1
3764,2
3765,1
3766,1
3767,2
3768,2
3769,1
3770,1
3771,4
3772,1
3773,8
3774,1
3775,4
3776,1
3777,1
3778,2
3779,4
3780,1
3781,2
3782,3
3783,3
3784,2
3785,2
3786,1
3787,4
3788,2
3789,1
3790,1
3791,1
3792,1
3793,2
3794,1
3795,3
3796,1
3797,1
3798,3
3799,2
3800,1
3801,1
3802,8
3803,4
3804,4
3805,2
3806,1
3807,4
3808,4
3809,1
3810,1
3811,1
3812,2
3813,2
3814,4
3815,3
3816,1
3817,2
3818,1
3819,3
3820,6
3821,7
3822,4
3823,2
3824,1
3825,9
3826,1
3827,2
3828,8
3829,1
3830,1
3831,2
3832,1
3833,1
3834,2
3835,1
3836,7
3837,1
3838,1
3839,1
3840,1
3841,3
3842,3
3843,1
3844,3
3845,2
3846,4
3847,1
3848,6
3849,2
3850,8
3851,1
3852,1
3853,1
3854,1
3855,6
3856,6
3857,1
3858,5
3859,1
3860,9
3861,1
3862,4
3863,3
3864,2
3865,5
3866,2
3867,1
3868,1
3869,4
3870,3
3871,2
3872,1
3873,8
3874,1
3875,5
3876,5
3877,2
3878,4
3879,2
3880,5
3881,1
3882,1
3883,4
3884,3
3885,6
3886,2
3887,1
3888,2
3889,7
3890,4
3891,3
3892,1
3893,3
3894,1
3895,5
3896,2
3897,5
3898,1
3899,2
3900,12
3901,4
3902,1
3903,3
3904,8
3905,10
3906,5
3907,2
3908,2
3909,25
3910,2
3911,2
3912,13
3913,1
3914,4
3915,31
3916,25
3917,4
3918,8
3919,9
3920,17
3921,2
3922,9
3923,8
3924,3
3925,8
3926,5
3927,13
3928,5
3929,6
3930,2
3931,20
3932,8
3933,11
3934,2
3935,1
3936,28
3937,1
3938,17
3939,6
3940,9
3941,4
3942,2
3943,40
3944,1
3945,8
3946,7
3947,20
3948,7
3949,23
3950,4
3951,21
3952,5
3953,3
3954,13
3955,2
3956,5
3957,13
3958,18
3959,20
3960,14
3961,10
3962,1
3963,2
3964,6
3965,4
3966,2
3967,2
3968,2
3969,4
3970,4
3971,1
3972,1
3973,2
3974,4
3975,1
3976,5
3977,8
3978,6
3979,5
3980,1
3981,2
3982,2
3983,4
3984,6
3985,2
3986,3
3987,6
3988,4
3989,4
3990,6
3991,3
3992,8
3993,1
3994,2
3995,5
3996,4
3997,3
3998,11
3999,2
4000,1
4001,4
4002,3
4003,2
4004,1
4005,2
4006,2
4007,2
4008,6
4009,11
4010,2
4011,4
4012,5
4013,1
4014,15
4015,7
4016,6
4017,1
4018,5
4019,3
4020,9
4021,6
4022,3
4023,5
4024,3
4025,3
4026,1
4027,3
4028,1
4029,3
4030,3
4031,3
4032,5
4033,1
4034,1
4035,1
4036,6
4037,3
4038,4
4039,3
4040,3
4041,10
4042,2
4043,15
4044,8
4045,3
4046,5
4047,1
4048,4
4049,9
4050,6
4051,8
4052,5
4053,10
4054,5
4055,2
4056,7
4057,2
4058,5
4059,6
4060,3
4061,3
4062,1
4063,5
4064,2
4065,4
4066,3
4067,4
4068,3
4069,1
4070,2
4071,13
4072,5
4073,2
4074,3
4075,1
4076,2
4077,3
4078,4
4079,6
4080,7
4081,2
4082,1
4083,3
4084,1
4085,2
4086,6
4087,2
4088,8
4089,2
4090,2
4091,4
4092,3
4093,6
4094,1
4095,7
4096,3
4097,1
4098,15
4099,6
4100,9
4101,15
4102,2
4103,3
4104,1
4105,3
4106,2
4107,9
4108,2
4109,3
4110,3
4111,2
4112,2
4113,7
4114,1
4115,4
4116,7
4117,8
4118,1
4119,15
4120,1
4121,4
4122,3
4123,4
4124,2
4125,3
4126,2
4127,5
4128,6
4129,4
4130,1
4131,5
4132,5
4133,3
4134,7
4135,5
4136,6
4137,5
4138,2
4139,2
4140,4
4141,17
4142,8
4143,2
4144,2
4145,3
4146,2
4147,18
4148,4
4149,2
4150,13
4151,3
4152,2
4153,8
4154,4
4155,1
4156,10
4157,11
4158,9
4159,1
4160,17
4161,8
4162,2
4163,17
4164,1
4165,3
4166,12
4167,2
4168,4
4169,3
4170,4
4171,7
4172,1
4173,5
4174,2
4175,4
4176,9
4177,7
4178,14
4179,6
4180,1
4181,8
4182,16
4183,17
4184,6
4185,1
4186,14
4187,2
4188,1
4189,2
4190,6
4191,8
4192,1
4193,8
4194,1
4195,2
4196,2
4197,2
4198,18
4199,15
4200,1
4201,1
4202,3
4203,3
4204,3
4205,1
4206,2
4207,8
4208,5
4209,1
4210,19
4211,8
4212,2
4213,9
4214,8
4215,5
4216,1
4217,5
4218,13
4219,1
4220,9
4221,2
4222,3
4223,10
4224,5
4225,13
4226,1
4227,7
4228,6
4229,2
4230,1
4231,2
4232,3
4233,2
4234,7
4235,5
4236,2
4237,13
4238,1
4239,1
4240,4
4241,7
4242,2
4243,2
4244,2
4245,1
4246,3
4247,13
4248,1
4249,1
4250,7
4251,1
4252,12
4253,18
4254,13
4255,8
4256,2
4257,3
4258,4
4259,1
4260,6
4261,3
4262,14
4263,2
4264,1
4265,9
4266,1
4267,4
4268,5
4269,2
4270,2
4271,2
4272,2
4273,2
4274,6
4275,3
4276,7
4277,11
4278,4
4279,10
4280,8
4281,1
4282,2
4283,1
4284,4
4285,1
4286,2
4287,3
4288,3
4289,6
4290,1
4291,1
4292,2
4293,1
4294,1
4295,2
4296,1
4297,2
4298,2
4299,12
4300,3
4301,4
4302,7
4303,3
4304,5
4305,7
4306,4
4307,1
4308,6
4309,7
4310,3
4311,2
4312,1
4313,1
4314,1
4315,1
4316,7
4317,1
4318,1
4319,4
4320,3
4321,1
4322,4
4323,1
4324,1
4325,3
4326,4
4327,2
4328,10
4329,1
4330,2
4331,2
4332,10
4333,11
4334,1
4335,8
4336,4
4337,3
4338,3
4339,3
4340,2
4341,9
4342,4
4343,1
4344,1
4345,15
4346,2
4347,2
4348,3
4349,3
4350,1
4351,11
4352,2
4353,9
4354,1
4355,3
4356,5
4357,2
4358,5
4359,2
4360,1
4361,2
4362,3
4363,1
4364,1
4365,6
4366,4
4367,5
4368,1
4369,6
4370,7
4371,1
4372,7
4373,1
4374,1
4375,2
4376,5
4377,4
4378,6
4379,5
4380,3
4381,2
4382,1
4383,9
4384,3
4385,1
4386,1
4387,1
4388,1
4389,4
4390,2
4391,3
4392,14
4393,4
4394,1
4395,8
4396,4
4397,3
4398,3
4399,4
4400,1
4401,1
4402,4
4403,1
4404,2
4405,4
4406,3
4407,1
4408,1
4409,9
4410,3
4411,1
4412,3
4413,2
4414,3
4415,1
4416,3
4417,2
4418,2
4419,2
4420,1
4421,2
4422,2
4423,3
4424,2
4425,2
4426,4
4427,9
4428,4
4429,2
4430,9
4431,1
4432,1
4433,1
4434,2
4435,3
4436,7
4437,5
4438,7
4439,1
4440,1
4441,2
4442,2
4443,3
4444,1
4445,3
4446,9
4447,12
4448,3
4449,3
4450,4
4451,7
4452,6
4453,10
4454,3
4455,2
4456,8
4457,2
4458,3
4459,7
4460,1
4461,5
4462,2
4463,3
4464,4
4465,6
4466,2
4467,5
4468,1
4469,7
4470,4
4471,1
4472,1
4473,1
4474,8
4475,1
4476,1
4477,3
4478,1
4479,6
4480,9
4481,1
4482,12
4483,2
4484,2
4485,3
4486,1
4487,1
4488,8
4489,2
4490,1
4491,1
4492,2
4493,5
4494,2
4495,9
4496,1
4497,2
4498,3
4499,1
4500,1
4501,4
4502,1
4503,2
4504,2
4505,2
4506,1
4507,5
4508,1
4509,4
4510,2
4511,5
4512,1
4513,2
4514,1
4515,6
4516,3
4517,3
4518,3
4519,2
4520,1
4521,1
4522,7
4523,4
4524,1
4525,7
4526,9
4527,3
4528,1
4529,2
4530,1
4531,4
4532,1
4533,1
4534,2
4535,4
4536,3
4537,2
4538,6
4539,1
4540,1
4541,1
4542,5
4543,1
4544,3
4545,3
4546,1
4547,1
4548,2
4549,3
4550,3
4551,1
4552,6
4553,1
4554,6
4555,2
4556,2
4557,1
4558,4
4559,3
4560,2
4561,2
4562,5
4563,2
4564,1
4565,2
4566,4
4567,5
4568,4
4569,2
4570,4
4571,4
4572,1
4573,1
4574,5
4575,2
4576,2
4577,3
4578,1
4579,1
4580,1
4581,1
4582,2
4583,2
4584,6
4585,1
4586,1
4587,4
4588,3
4589,1
4590,5
4591,2
4592,1
4593,1
4594,5
4595,2
4596,2
4597,6
4598,3
4599,1
4600,1
4601,1
4602,3
4603,4
4604,2
4605,1
4606,1
4607,4
4608,2
4609,3
4610,1
4611,4
4612,11
4613,3
4614,3
4615,2
4616,2
4617,1
4618,1
4619,1
4620,1
4621,4
4622,8
4623,25
4624,8
4625,10
4626,10
4627,23
4628,26
4629,13
4630,9
4631,4
4632,6
4633,4
4634,6
4635,6
4636,7
4637,1
4638,4
4639,6
4640,6
4641,11
4642,3
4643,1
4644,1
4645,4
4646,7
4647,34
4648,5
4649,10
4650,7
4651,5
4652,16
4653,2
4654,7
4655,2
4656,32
4657,2
4658,7
4659,12
4660,22
4661,1
4662,2
4663,24
4664,13
4665,5
4666,9
4667,19
4668,5
4669,14
4670,1
4671,15
4672,2
4673,24
4674,1
4675,3
4676,8
4677,4
4678,3
4679,6
4680,5
4681,15
4682,6
4683,5
4684,6
4685,3
4686,21
4687,2
4688,4
4689,3
4690,18
4691,13
4692,10
4693,20
4694,1
4695,14
4696,2
4697,10
4698,3
4699,2
4700,4
4701,25
4702,1
4703,1
4704,14
4705,33
4706,24
4707,1
4708,5
4709,5
4710,12
4711,10
4712,1
4713,1
4714,2
4715,6
4716,3
4717,1
4718,1
4719,7
4720,3
4721,15
4722,4
4723,3
4724,10
4725,12
4726,8
4727,7
4728,1
4729,10
4730,1
4731,3
4732,10
4733,12
4734,12
4735,3
4736,8
4737,1
4738,5
4739,13
4740,1
4741,2
4742,6
4743,6
4744,6
4745,2
4746,2
4747,4
4748,1
4749,3
4750,6
4751,10
4752,3
4753,22
4754,2
4755,3
4756,3
4757,15
4758,2
4759,2
4760,7
4761,8
4762,4
4763,1
4764,15
4765,18
4766,7
4767,7
4768,7
4769,8
4770,1
4771,1
4772,1
4773,10
4774,6
4775,4
4776,4
4777,2
4778,3
4779,1
4780,1
4781,12
4782,3
4783,2
4784,13
4785,13
4786,4
4787,3
4788,12
4789,12
4790,11
4791,3
4792,5
4793,5
4794,14
4795,3
4796,4
4797,2
4798,4
4799,7
4800,8
4801,10
4802,4
4803,7
4804,2
4805,11
4806,2
4807,11
4808,10
4809,15
4810,6
4811,5
4812,9
4813,4
4814,5
4815,22
4816,14
4817,1
4818,2
4819,11
4820,11
4821,1
4822,1
4823,11
4824,33
4825,3
4826,2
4827,15
4828,8
4829,1
4830,7
4831,18
4832,7
4833,21
4834,3
4835,25
4836,6
4837,6
4838,3
4839,6
4840,6
4841,13
4842,3
4843,7
4844,20
4845,4
4846,17
4847,4
4848,6
4849,7
4850,1
4851,9
4852,2
4853,7
4854,8
4855,12
4856,8
4857,13
4858,14
4859,1
4860,5
4861,17
4862,3
4863,11
4864,3
4865,6
4866,1
4867,14
4868,12
4869,5
4870,15
4871,2
4872,9
4873,1
4874,7
4875,25
4876,2
4877,2
4878,7
4879,5
4880,8
4881,1
4882,11
4883,10
4884,7
4885,1
4886,15
4887,5
4888,13
4889,10
4890,7
4891,2
4892,2
4893,1
4894,11
4895,2
4896,1
4897,3
4898,1
4899,1
4900,2
4901,6
4902,2
4903,2
4904,2
4905,3
4906,3
4907,4
4908,1
4909,10
4910,2
4911,1
4912,3
4913,2
4914,3
4915,2
4916,12
4917,1
4918,1
4919,1
4920,6
4921,5
4922,3
4923,5
4924,1
4925,2
4926,8
4927,1
4928,1
4929,1
4930,2
4931,2
4932,1
4933,1
4934,6
4935,1
4936,1
4937,5
4938,1
4939,1
4940,4
4941,1
4942,1
4943,1
4944,1
4945,2
4946,1
4947,2
4948,1
4949,5
4950,1
4951,6
4952,3
4953,1
4954,2
4955,1
4956,3
4957,2
4958,1
4959,1
4960,2
4961,1
4962,4
4963,6
4964,4
4965,2
4966,1
4967,1
4968,6
4969,8
4970,3
4971,1
4972,1
4973,2
4974,2
4975,3
4976,6
4977,1
4978,1
4979,1
4980,4
4981,11
4982,4
4983,6
4984,3
4985,6
4986,3
4987,2
4988,4
4989,3
4990,3
4991,1
4992,1
4993,3
4994,3
4995,1
4996,6
4997,7
4998,10
4999,3
5000,7
5001,5
5002,5
5003,2
5004,3
5005,1
5006,1
5007,6
5008,1
5009,2
5010,2
5011,1
5012,1
5013,2
5014,1
5015,1
5016,4
5017,3
5018,1
5019,1
5020,2
5021,2
5022,1
5023,3
5024,3
5025,1
5026,1
5027,2
5028,1
5029,4
5030,1
5031,4
5032,1
5033,4
5034,1
5035,1
5036,4
5037,7
5038,1
5039,6
5040,4
5041,2
5042,3
5043,1
5044,2
5045,2
5046,1
5047,1
5048,1
5049,2
5050,4
5051,4
5052,5
5053,1
5054,1
5055,1
5056,1
5057,5
5058,5
5059,1
5060,1
5061,9
5062,5
5063,1
5064,1
5065,5
5066,2
5067,5
5068,4
5069,3
5070,1
5071,2
5072,3
5073,1
5074,2
5075,1
5076,4
5077,3
5078,5
5079,5
5080,1
5081,8
5082,3
5083,1
5084,1
5085,4
5086,11
5087,1
5088,3
5089,2
5090,2
5091,1
5092,2
5093,3
5094,2
5095,13
5096,1
5097,3
5098,1
5099,3
5100,1
5101,3
5102,2
5103,1
5104,6
5105,2
5106,1
5107,1
5108,1
5109,2
5110,5
5111,1
5112,1
5113,2
5114,2
5115,3
5116,2
5117,1
5118,2
5119,1
5120,1
5121,5
5122,4
5123,3
5124,2
5125,4
5126,1
5127,1
5128,1
5129,2
5130,1
5131,1
5132,1
5133,3
5134,1
5135,9
5136,6
5137,2
5138,3
5139,7
5140,1
5141,1
5142,1
5143,2
5144,1
5145,2
5146,1
5147,6
5148,7
5149,2
5150,1
5151,1
5152,2
5153,8
5154,9
5155,2
5156,2
5157,3
5158,1
5159,4
5160,8
5161,3
5162,3
5163,4
5164,2
5165,3
5166,1
5167,2
5168,2
5169,1
5170,3
5171,4
5172,2
5173,7
5174,1
5175,3
5176,2
5177,2
5178,2
5179,1
5180,2
5181,1
5182,9
5183,1
5184,3
5185,2
5186,2
5187,7
5188,3
5189,3
5190,3
5191,3
5192,2
5193,2
5194,1
5195,4
5196,3
5197,1
5198,5
5199,1
5200,1
5201,8
5202,2
5203,2
5204,2
5205,2
5206,1
5207,3
5208,7
5209,1
5210,1
5211,4
5212,1
5213,1
5214,1
5215,2
5216,5
5217,2
5218,1
5219,4
5220,1
5221,5
5222,2
5223,11
5224,2
5225,1
5226,2
5227,1
5228,1
5229,2
5230,1
5231,2
5232,1
5233,3
5234,2
5235,1
5236,7
5237,1
5238,1
5239,3
5240,2
5241,4
5242,3
5243,4
5244,10
5245,2
5246,1
5247,1
5248,3
5249,3
5250,2
5251,1
5252,1
5253,2
5254,1
5255,9
5256,3
5257,5
5258,4
5259,4
5260,3
5261,3
5262,1
5263,5
5264,4
5265,2
5266,1
5267,5
5268,3
5269,1
5270,3
5271,2
5272,7
5273,3
5274,3
5275,1
5276,2
5277,5
5278,2
5279,3
5280,5
5281,1
5282,1
5283,5
5284,4
5285,1
5286,4
5287,10
5288,3
5289,4
5290,3
5291,2
5292,1
5293,5
5294,1
5295,6
5296,4
5297,1
5298,4
5299,4
5300,8
5301,5
5302,3
5303,4
5304,1
5305,2
5306,1
5307,3
5308,6
5309,3
5310,3
5311,4
5312,1
5313,11
5314,1
5315,2
5316,1
5317,2
5318,3
5319,4
5320,3
5321,1
5322,4
5323,3
5324,13
5325,3
5326,1
5327,2
5328,15
5329,2
5330,2
5331,3
5332,7
5333,5
5334,1
5335,1
5336,1
5337,6
5338,3
5339,7
5340,7
5341,5
5342,5
5343,2
5344,1
5345,3
5346,3
5347,1
5348,2
5349,3
5350,4
5351,5
5352,2
5353,2
5354,6
5355,6
5356,3
5357,2
5358,1
5359,1
5360,7
5361,1
5362,3
5363,1
5364,4
5365,5
5366,3
5367,5
5368,3
5369,4
5370,7
5371,5
5372,1
5373,4
5374,1
5375,2
5376,1
5377,1
5378,1
5379,6
5380,2
5381,3
5382,2
5383,8
5384,1
5385,3
5386,5
5387,1
5388,5
5389,1
5390,1
5391,1
5392,3
5393,3
5394,5
5395,3
5396,3
5397,3
5398,1
5399,4
5400,2
5401,2
5402,2
5403,5
5404,2
5405,1
5406,2
5407,5
5408,1
5409,6
5410,5
5411,1
5412,2
5413,1
5414,2
5415,1
5416,1
5417,1
5418,2
5419,3
5420,3
5421,1
5422,2
5423,1
5424,12
5425,3
5426,1
5427,2
5428,1
5429,1
5430,1
5431,1
5432,3
5433,3
5434,1
5435,1
5436,5
5437,3
5438,2
5439,2
5440,1
5441,3
5442,3
5443,1
5444,1
5445,4
5446,2
5447,3
5448,4
5449,4
5450,2
5451,3
5452,5
5453,6
5454,6
5455,1
5456,4
5457,6
5458,1
5459,5
5460,3
5461,5
5462,1
5463,1
5464,5
5465,1
5466,2
5467,1
5468,1
5469,1
5470,8
5471,4
5472,3
5473,5
5474,12
5475,1
5476,3
5477,2
5478,1
5479,1
5480,1
5481,1
5482,7
5483,4
5484,2
5485,3
5486,1
5487,8
5488,2
5489,9
5490,5
5491,6
5492,5
5493,3
5494,3
5495,2
5496,1
5497,4
5498,3
5499,6
5500,4
5501,3
5502,1
5503,2
5504,2
5505,9
5506,1
5507,2
5508,4
5509,2
5510,4
5511,5
5512,1
5513,3
5514,7
5515,1
5516,2
5517,10
5518,7
5519,2
5520,5
5521,1
5522,3
5523,3
5524,2
5525,5
5526,3
5527,3
5528,1
5529,12
5530,8
5531,2
5532,5
5533,1
5534,3
5535,1
5536,1
5537,1
5538,3
5539,4
5540,4
5541,4
5542,3
5543,2
5544,3
5545,1
5546,1
5547,8
5548,1
5549,2
5550,3
5551,1
5552,3
5553,2
5554,2
5555,2
5556,1
5557,1
5558,3
5559,2
5560,7
5561,4
5562,5
5563,1
5564,4
5565,5
5566,1
5567,2
5568,1
5569,5
5570,2
5571,3
5572,5
5573,3
5574,4
5575,2
5576,2
5577,1
5578,1
5579,1
5580,1
5581,4
5582,1
5583,1
5584,2
5585,1
5586,1
5587,1
5588,2
5589,1
5590,6
5591,3
5592,2
5593,1
5594,4
5595,8
5596,4
5597,1
5598,4
5599,1
5600,1
5601,3
5602,2
5603,1
5604,7
5605,1
5606,3
5607,2
5608,6
5609,1
5610,3
5611,12
5612,5
5613,2
5614,4
5615,3
5616,3
5617,8
5618,6
5619,8
5620,19
5621,3
5622,6
5623,2
5624,6
5625,9
5626,2
5627,3
5628,2
5629,9
5630,2
5631,9
5632,2
5633,6
5634,12
5635,6
5636,3
5637,1
5638,10
5639,6
5640,1
5641,2
5642,7
5643,1
5644,2
5645,6
5646,7
5647,3
5648,1
5649,14
5650,1
5651,8
5652,2
5653,6
5654,5
5655,7
5656,2
5657,2
5658,5
5659,1
5660,4
5661,1
5662,11
5663,3
5664,9
5665,1
5666,1
5667,5
5668,7
5669,3
5670,4
5671,6
5672,2
5673,1
5674,9
5675,2
5676,2
5677,3
5678,1
5679,3
5680,1
5681,20
5682,8
5683,5
5684,6
5685,11
5686,4
5687,1
5688,2
5689,5
5690,3
5691,4
5692,7
5693,5
5694,3
5695,4
5696,17
5697,8
5698,14
5699,7
5700,4
5701,3
5702,3
5703,4
5704,26
5705,2
5706,7
5707,2
5708,7
5709,4
5710,25
5711,26
5712,3
5713,3
5714,1
5715,16
5716,1
5717,1
5718,1
5719,2
5720,1
5721,4
5722,6
5723,2
5724,11
5725,14
5726,9
5727,1
5728,9
5729,1
5730,3
5731,2
5732,18
5733,15
5734,2
5735,4
5736,6
5737,7
5738,4
5739,16
5740,7
5741,32
5742,7
5743,1
5744,5
5745,34
5746,26
5747,46
5748,1
5749,39
5750,11
5751,24
5752,4
5753,9
5754,7
5755,9
5756,14
5757,3
5758,6
5759,10
5760,9
5761,10
5762,5
5763,5
5764,6
5765,6
5766,2
5767,14
5768,13
5769,8
5770,5
5771,7
5772,17
5773,9
5774,12
5775,5
5776,1
5777,11
5778,4
5779,2
5780,8
5781,1
5782,4
5783,6
5784,26
5785,6
5786,6
5787,14
5788,12
5789,11
5790,31
5791,2
5792,4
5793,4
5794,9
5795,3
5796,1
5797,2
5798,8
5799,6
5800,3
5801,2
5802,3
5803,3
5804,2
5805,6
5806,4
5807,1
5808,1
5809,4
5810,3
5811,18
5812,1
5813,4
5814,6
5815,3
5816,3
5817,1
5818,3
5819,3
5820,1
5821,1
5822,2
5823,4
5824,7
5825,4
5826,9
5827,1
5828,2
5829,2
5830,4
5831,2
5832,1
5833,6
5834,4
5835,12
5836,3
5837,1
5838,5
5839,1
5840,2
5841,2
5842,2
5843,4
5844,5
5845,3
5846,4
5847,9
5848,1
5849,1
5850,2
5851,2
5852,5
5853,12
5854,1
5855,3
5856,1
5857,1
5858,7
5859,2
5860,9
5861,1
5862,10
5863,2
5864,1
5865,6
5866,7
5867,4
5868,3
5869,5
5870,3
5871,6
5872,1
5873,1
5874,7
5875,8
5876,1
5877,1
5878,1
5879,1
5880,1
5881,1
5882,1
5883,2
5884,1
5885,1
5886,1
5887,1
5888,3
5889,1
5890,1
5891,2
5892,1
5893,2
5894,1
5895,1
5896,1
5897,3
5898,1
5899,3
5900,2
5901,1
5902,1
5903,1
5904,3
5905,1
5906,2
5907,1
5908,2
5909,3
5910,3
5911,4
5912,1
5913,1
5914,1
5915,1
5916,1
5917,1
5918,1
5919,4
5920,3
5921,3
5922,4
5923,8
5924,8
5925,1
5926,1
5927,5
5928,2
5929,9
5930,1
5931,1
5932,2
5933,1
5934,6
5935,10
5936,1
5937,5
5938,1
5939,3
5940,2
5941,2
5942,1
5943,1
5944,1
5945,1
5946,1
5947,1
5948,5
5949,1
5950,2
5951,3
5952,3
5953,1
5954,1
5955,3
5956,2
5957,1
5958,5
5959,3
5960,1
5961,1
5962,2
5963,3
5964,3
5965,1
5966,3
5967,5
5968,4
5969,2
5970,2
5971,4
5972,4
5973,1
5974,2
5975,2
5976,5
5977,2
5978,1
5979,2
5980,1
5981,2
5982,1
5983,2
5984,1
5985,1
5986,7
5987,3
5988,2
5989,1
5990,1
5991,1
5992,4
5993,1
5994,3
5995,1
5996,4
5997,3
5998,1
5999,2
6000,1
6001,4
6002,2
6003,3
6004,5
6005,3
6006,2
6007,1
6008,1
6009,2
6010,1
6011,8
6012,3
6013,2
6014,3
6015,2
6016,3
6017,1
6018,4
6019,3
6020,2
6021,1
6022,1
6023,1
6024,2
6025,1
6026,5
6027,1
6028,8
6029,3
6030,1
6031,1
6032,2
6033,2
6034,2
6035,1
6036,5
6037,9
6038,7
6039,1
6040,4
6041,1
6042,1
6043,1
6044,1
6045,1
6046,5
6047,2
6048,6
6049,1
6050,1
6051,3
6052,3
6053,1
6054,1
6055,3
6056,2
6057,3
6058,4
6059,6
6060,7
6061,1
6062,20
6063,2
6064,4
6065,2
6066,3
6067,1
6068,1
6069,1
6070,6
6071,3
6072,1
6073,6
6074,3
6075,4
6076,1
6077,3
6078,5
6079,4
6080,5
6081,4
6082,1
6083,6
6084,17
6085,2
6086,1
6087,6
6088,3
6089,12
6090,5
6091,1
6092,3
6093,5
6094,3
6095,11
6096,5
6097,4
6098,3
6099,4
6100,6
6101,1
6102,1
6103,2
6104,11
6105,2
6106,8
6107,3
6108,2
6109,5
6110,3
6111,1
6112,1
6113,5
6114,3
6115,12
6116,2
6117,7
6118,1
6119,2
6120,4
6121,3
6122,1
6123,3
6124,16
6125,8
6126,3
6127,5
6128,1
6129,1
6130,7
6131,8
6132,2
6133,1
6134,10
6135,1
6136,2
6137,1
6138,2
6139,3
6140,2
6141,5
6142,12
6143,5
6144,1
6145,3
6146,4
6147,4
6148,3
6149,2
6150,10
6151,3
6152,5
6153,1
6154,3
6155,2
6156,2
6157,2
6158,1
6159,6
6160,1
6161,1
6162,2
6163,1
6164,2
6165,1
6166,1
6167,2
6168,5
6169,1
6170,1
6171,1
6172,3
6173,1
6174,3
6175,3
6176,1
6177,5
6178,4
6179,1
6180,4
6181,1
6182,2
6183,1
6184,1
6185,1
6186,2
6187,2
6188,2
6189,1
6190,1
6191,1
6192,1
6193,1
6194,3
6195,1
6196,1
6197,2
6198,1
6199,2
6200,2
6201,4
6202,2
6203,2
6204,3
6205,1
6206,3
6207,1
6208,2
6209,1
6210,3
6211,3
6212,4
6213,4
6214,1
6215,3
6216,1
6217,2
6218,1
6219,1
6220,2
6221,2
6222,1
6223,3
6224,1
6225,1
6226,1
6227,3
6228,3
6229,1
6230,1
6231,1
6232,2
6233,1
6234,1
6235,2
6236,1
6237,1
6238,1
6239,2
6240,1
6241,1
6242,1
6243,1
6244,4
6245,6
6246,4
6247,1
6248,6
6249,1
6250,1
6251,1
6252,5
6253,3
6254,4
6255,4
6256,1
6257,1
6258,2
6259,1
6260,1
6261,5
6262,2
6263,1
6264,2
6265,1
6266,4
6267,1
6268,3
6269,2
6270,6
6271,6
6272,1
6273,1
6274,1
6275,2
6276,3
6277,3
6278,1
6279,7
6280,2
6281,4
6282,5
6283,2
6284,2
6285,1
6286,1
6287,2
6288,1
6289,1
6290,1
6291,4
6292,3
6293,1
6294,1
6295,1
6296,2
6297,1
6298,3
6299,1
6300,3
6301,2
6302,16
6303,1
6304,5
6305,1
6306,3
6307,8
6308,1
6309,5
6310,3
6311,1
6312,2
6313,1
6314,1
6315,3
6316,1
6317,2
6318,4
6319,3
6320,6
6321,2
6322,2
6323,1
6324,3
6325,4
6326,1
6327,4
6328,4
6329,1
6330,4
6331,1
6332,2
6333,1
6334,2
6335,4
6336,1
6337,1
6338,1
6339,9
6340,3
6341,4
6342,3
6343,3
6344,3
6345,2
6346,1
6347,1
6348,4
6349,2
6350,4
6351,1
6352,6
6353,2
6354,1
6355,2
6356,1
6357,7
6358,1
6359,1
6360,4
6361,1
6362,1
6363,1
6364,5
6365,1
6366,4
6367,1
6368,3
6369,4
6370,2
6371,9
6372,2
6373,1
6374,2
6375,1
6376,3
6377,2
6378,7
6379,3
6380,1
6381,2
6382,1
6383,1
6384,6
6385,1
6386,2
6387,1
6388,4
6389,1
6390,2
6391,2
6392,1
6393,5
6394,2
6395,1
6396,3
6397,1
6398,5
6399,1
6400,4
6401,8
6402,1
6403,3
6404,6
6405,6
6406,3
6407,1
6408,1
6409,3
6410,1
6411,5
6412,3
6413,7
6414,4
6415,5
6416,5
6417,1
6418,3
6419,3
6420,9
6421,2
6422,1
6423,1
6424,7
6425,5
6426,1
6427,4
6428,2
6429,1
6430,2
6431,3
6432,1
6433,4
6434,3
6435,3
6436,4
6437,2
6438,7
6439,5
6440,2
6441,3
6442,1
6443,1
6444,8
6445,2
6446,1
6447,1
6448,1
6449,3
6450,4
6451,1
6452,1
6453,1
6454,1
6455,10
6456,1
6457,4
6458,3
6459,3
6460,6
6461,2
6462,4
6463,4
6464,2
6465,4
6466,6
6467,2
6468,1
6469,3
6470,3
6471,1
6472,4
6473,4
6474,1
6475,12
6476,8
6477,1
6478,3
6479,2
6480,2
6481,3
6482,1
6483,1
6484,2
6485,2
6486,6
6487,2
6488,6
6489,6
6490,1
6491,2
6492,4
6493,1
6494,7
6495,5
6496,2
6497,2
6498,1
6499,5
6500,11
6501,2
6502,6
6503,5
6504,2
6505,4
6506,3
6507,2
6508,2
6509,3
6510,3
6511,1
6512,1
6513,1
6514,1
6515,1
6516,1
6517,1
6518,5
6519,2
6520,4
6521,1
6522,3
6523,2
6524,1
6525,10
6526,1
6527,3
6528,3
6529,6
6530,2
6531,2
6532,3
6533,3
6534,2
6535,2
6536,1
6537,9
6538,2
6539,4
6540,2
6541,5
6542,6
6543,11
6544,1
6545,8
6546,2
6547,1
6548,2
6549,3
6550,1
6551,1
6552,3
6553,2
6554,2
6555,3
6556,1
6557,4
6558,5
6559,2
6560,3
6561,2
6562,4
6563,1
6564,2
6565,1
6566,1
6567,7
6568,11
6569,2
6570,2
6571,2
6572,1
6573,3
6574,2
6575,1
6576,3
6577,1
6578,1
6579,1
6580,3
6581,3
6582,1
6583,5
6584,1
6585,1
6586,1
6587,1
6588,6
6589,1
6590,2
6591,1
6592,1
6593,1
6594,1
6595,2
6596,1
6597,1
6598,5
6599,3
6600,1
6601,2
6602,3
6603,3
6604,1
6605,1
6606,3
6607,1
6608,1
6609,3
6610,1
6611,1
6612,1
6613,2
6614,2
6615,3
6616,1
6617,1
6618,1
6619,1
6620,6
6621,1
6622,2
6623,7
6624,1
6625,7
6626,1
6627,2
6628,2
6629,1
6630,1
6631,3
6632,3
6633,1
6634,7
6635,4
6636,2
6637,1
6638,2
6639,1
6640,3
6641,4
6642,2
6643,1
6644,4
6645,2
6646,2
6647,5
6648,8
6649,1
6650,4
6651,6
6652,1
6653,2
6654,3
6655,1
6656,5
6657,3
6658,3
6659,4
6660,2
6661,2
6662,4
6663,1
6664,2
6665,1
6666,1
6667,12
6668,5
6669,3
6670,7
6671,1
6672,2
6673,5
6674,1
6675,3
6676,1
6677,2
6678,3
6679,4
6680,6
6681,5
6682,2
6683,3
6684,5
6685,10
6686,1
6687,3
6688,1
6689,2
6690,2
6691,1
6692,1
6693,2
6694,1
6695,1
6696,3
6697,1
6698,2
6699,1
6700,4
6701,2
6702,1
6703,2
6704,3
6705,1
6706,1
6707,2
6708,1
6709,1
6710,1
6711,1
6712,1
6713,2
6714,2
6715,1
6716,2
6717,3
6718,4
6719,1
6720,1
6721,3
6722,1
6723,5
6724,1
6725,2
6726,3
6727,3
6728,1
6729,1
6730,4
6731,1
6732,2
6733,1
6734,2
6735,2
6736,4
6737,2
6738,1
6739,1
6740,3
6741,1
6742,1
6743,5
6744,2
6745,1
6746,1
6747,2
6748,1
6749,1
6750,1
6751,1
6752,1
6753,1
6754,3
6755,1
6756,2
6757,3
6758,5
6759,1
6760,2
6761,1
6762,3
6763,5
6764,2
6765,2
6766,1
6767,4
6768,1
6769,1
6770,2
6771,4
6772,2
6773,2
6774,1
6775,2
6776,1
6777,2
6778,2
6779,3
6780,2
6781,1
6782,5
6783,3
6784,3
6785,1
6786,1
6787,2
6788,3
6789,2
6790,2
6791,1
6792,3
6793,1
6794,1
6795,1
6796,1
6797,1
6798,1
6799,4
6800,2
6801,1
6802,1
6803,1
6804,2
6805,2
6806,1
6807,1
6808,3
6809,3
6810,2
6811,1
6812,2
6813,1
6814,1
6815,1
6816,1
6817,3
6818,1
6819,1
6820,2
6821,3
6822,2
6823,4
6824,2
6825,1
6826,1
6827,2
6828,2
6829,3
6830,4
6831,1
6832,1
6833,5
6834,2
6835,1
6836,1
6837,2
6838,3
6839,2
6840,1
6841,4
6842,2
6843,2
6844,3
6845,3
6846,2
6847,2
6848,2
6849,2
6850,1
6851,4
6852,6
6853,6
6854,4
6855,6
6856,1
6857,1
6858,8
6859,1
6860,3
6861,1
6862,4
6863,1
6864,12
6865,3
6866,1
6867,3
6868,6
6869,2
6870,3
6871,1
6872,3
6873,1
6874,3
6875,2
6876,1
6877,1
6878,2
6879,3
6880,2
6881,2
6882,3
6883,3
6884,2
6885,1
6886,1
6887,3
6888,1
6889,1
6890,1
6891,3
6892,4
6893,1
6894,1
6895,1
6896,2
6897,3
6898,3
6899,5
6900,3
6901,3
6902,4
6903,3
6904,4
6905,2
6906,2
6907,3
6908,4
6909,1
6910,8
6911,1
6912,1
6913,4
6914,3
6915,2
6916,3
6917,1
6918,3
6919,1
6920,2
6921,2
6922,2
6923,6
6924,3
6925,4
6926,4
6927,4
6928,1
6929,2
6930,2
6931,5
6932,2
6933,2
6934,2
6935,3
6936,2
6937,4
6938,5
6939,1
6940,1
6941,1
6942,2
6943,2
6944,1
6945,1
6946,1
6947,6
6948,3
6949,3
6950,1
6951,3
6952,2
6953,2
6954,1
6955,1
6956,3
6957,1
6958,1
6959,3
6960,5
6961,2
6962,3
6963,3
6964,7
6965,1
6966,3
6967,1
6968,9
6969,3
6970,2
6971,3
6972,2
6973,1
6974,9
6975,9
6976,2
6977,1
6978,1
6979,3
6980,1
6981,2
6982,6
6983,5
6984,2
6985,2
6986,1
6987,1
6988,3
6989,5
6990,4
6991,1
6992,2
6993,3
6994,2
6995,2
6996,5
6997,3
6998,1
6999,3
7000,3
7001,1
7002,7
7003,1
7004,1
7005,2
7006,2
7007,1
7008,2
7009,5
7010,2
7011,1
7012,3
7013,1
7014,2
7015,2
7016,2
7017,2
7018,3
7019,4
7020,4
7021,7
7022,3
7023,3
7024,1
7025,4
7026,1
7027,5
7028,10
7029,2
7030,1
7031,1
7032,3
7033,3
7034,3
7035,1
7036,1
7037,4
7038,1
7039,1
7040,1
7041,4
7042,2
7043,1
7044,1
7045,1
7046,1
7047,3
7048,2
7049,1
7050,10
7051,3
7052,2
7053,2
7054,2
7055,4
7056,1
7057,1
7058,1
7059,5
7060,4
7061,2
7062,3
7063,5
7064,2
7065,2
7066,3
7067,1
7068,2
7069,1
7070,2
7071,1
7072,2
7073,2
7074,8
7075,1
7076,3
7077,3
7078,2
7079,2
7080,2
7081,4
7082,1
7083,2
7084,2
7085,2
7086,1
7087,3
7088,2
7089,2
7090,1
7091,10
7092,4
7093,1
7094,1
7095,2
7096,4
7097,1
7098,2
7099,2
7100,1
7101,3
7102,1
7103,5
7104,4
7105,2
7106,4
7107,4
7108,1
7109,8
7110,1
7111,12
7112,2
7113,3
7114,5
7115,11
7116,4
7117,5
7118,3
7119,3
7120,3
7121,2
7122,2
7123,6
7124,2
7125,3
7126,8
7127,5
7128,2
7129,2
7130,1
7131,5
7132,2
7133,12
7134,4
7135,7
7136,1
7137,4
7138,1
7139,6
7140,4
7141,4
7142,1
7143,2
7144,2
7145,6
7146,2
7147,2
7148,3
7149,5
7150,3
7151,2
7152,1
7153,2
7154,2
7155,7
7156,6
7157,1
7158,1
7159,3
7160,4
7161,1
7162,1
7163,3
7164,5
7165,1
7166,3
7167,1
7168,1
7169,4
7170,7
7171,2
7172,1
7173,1
7174,1
7175,1
7176,2
7177,4
7178,1
7179,4
7180,2
7181,1
7182,4
7183,2
7184,1
7185,1
7186,4
7187,1
7188,1
7189,7
7190,3
7191,3
7192,3
7193,2
7194,3
7195,4
7196,6
7197,5
7198,2
7199,1
7200,2
7201,2
7202,4
7203,1
7204,1
7205,3
7206,1
7207,2
7208,4
7209,3
7210,1
7211,7
7212,2
7213,1
7214,3
7215,6
7216,1
7217,7
7218,4
7219,8
7220,4
7221,3
7222,3
7223,3
7224,10
7225,5
7226,5
7227,1
7228,4
7229,2
7230,2
7231,15
7232,4
7233,3
7234,3
7235,2
7236,2
7237,1
7238,1
7239,2
7240,1
7241,4
7242,1
7243,2
7244,2
7245,1
7246,2
7247,1
7248,2
7249,4
7250,2
7251,1
7252,1
7253,2
7254,6
7255,3
7256,5
7257,5
7258,1
7259,6
7260,2
7261,4
7262,1
7263,3
7264,2
7265,1
7266,3
7267,2
7268,3
7269,1
7270,1
7271,1
7272,2
7273,1
7274,1
7275,10
7276,2
7277,3
7278,1
7279,3
7280,4
7281,1
7282,4
7283,3
7284,1
7285,7
7286,2
7287,6
7288,2
7289,3
7290,5
7291,3
7292,2
7293,2
7294,5
7295,1
7296,7
7297,1
7298,1
7299,3
7300,10
7301,1
7302,1
7303,2
7304,1
7305,1
7306,7
7307,2
7308,2
7309,2
7310,1
7311,1
7312,4
7313,8
7314,1
7315,2
7316,6
7317,1
7318,2
7319,6
7320,4
7321,1
7322,2
7323,4
7324,1
7325,3
7326,2
7327,1
7328,2
7329,1
7330,2
7331,2
7332,1
7333,1
7334,1
7335,2
7336,1
7337,4
7338,3
7339,5
7340,3
7341,2
7342,1
7343,2
7344,1
7345,1
7346,1
7347,4
7348,1
7349,2
7350,1
7351,5
7352,1
7353,3
7354,2
7355,1
7356,1
7357,3
7358,4
7359,3
7360,1
7361,1
7362,2
7363,2
7364,1
7365,1
7366,2
7367,2
7368,1
7369,2
7370,2
7371,5
7372,3
7373,1
7374,6
7375,1
7376,1
7377,1
7378,3
7379,3
7380,1
7381,1
7382,1
7383,1
7384,2
7385,4
7386,2
7387,3
7388,2
7389,1
7390,2
7391,1
7392,1
7393,2
7394,1
7395,3
7396,6
7397,1
7398,1
7399,1
7400,2
7401,1
7402,2
7403,1
7404,1
7405,1
7406,1
7407,2
7408,4
7409,1
7410,1
7411,1
7412,2
7413,1
7414,2
7415,1
7416,1
7417,2
7418,3
7419,1
7420,4
7421,1
7422,1
7423,2
7424,3
7425,2
7426,1
7427,1
7428,2
7429,1
7430,4
7431,3
7432,2
7433,1
7434,3
7435,6
7436,2
7437,1
7438,1
7439,7
7440,3
7441,1
7442,2
7443,2
7444,2
7445,1
7446,1
7447,1
7448,2
7449,2
7450,3
7451,6
7452,1
7453,2
7454,1
7455,2
7456,1
7457,1
7458,3
7459,1
7460,2
7461,1
7462,1
7463,4
7464,2
7465,2
7466,1
7467,3
7468,2
7469,3
7470,1
7471,1
7472,1
7473,1
7474,6
7475,1
7476,2
7477,2
7478,1
7479,3
7480,4
7481,1
7482,3
7483,3
7484,1
7485,2
7486,1
7487,2
7488,2
7489,2
7490,1
7491,3
7492,1
7493,2
7494,5
7495,6
7496,2
7497,1
7498,3
7499,1
7500,1
7501,6
7502,1
7503,5
7504,4
7505,2
7506,3
7507,6
7508,6
7509,2
7510,1
7511,1
7512,2
7513,1
7514,5
7515,2
7516,4
7517,1
7518,7
7519,2
7520,4
7521,5
7522,5
7523,5
7524,1
7525,2
7526,3
7527,2
7528,11
7529,1
7530,3
7531,9
7532,15
7533,2
7534,2
7535,5
7536,1
7537,3
7538,5
7539,5
7540,7
7541,8
7542,7
7543,2
7544,1
7545,2
7546,2
7547,4
7548,1
7549,3
7550,1
7551,4
7552,6
7553,1
7554,6
7555,1
7556,1
7557,1
7558,19
7559,5
7560,2
7561,6
7562,2
7563,4
7564,5
7565,2
7566,2
7567,3
7568,3
7569,3
7570,2
7571,1
7572,1
7573,5
7574,1
7575,4
7576,4
7577,4
7578,1
7579,2
7580,1
7581,3
7582,1
7583,2
7584,1
7585,1
7586,1
7587,1
7588,1
7589,19
7590,1
7591,2
7592,1
7593,1
7594,2
7595,2
7596,3
7597,1
7598,4
7599,3
7600,4
7601,1
7602,1
7603,4
7604,2
7605,1
7606,1
7607,4
7608,3
7609,2
7610,2
7611,2
7612,2
7613,4
7614,4
7615,5
7616,2
7617,2
7618,5
7619,2
7620,4
7621,1
7622,4
7623,2
7624,3
7625,2
7626,6
7627,2
7628,3
7629,2
7630,3
7631,1
7632,3
7633,2
7634,2
7635,5
7636,3
7637,1
7638,2
7639,1
7640,1
7641,2
7642,2
7643,3
7644,1
7645,1
7646,4
7647,3
7648,2
7649,1
7650,1
7651,1
7652,2
7653,1
7654,1
7655,1
7656,2
7657,1
7658,1
7659,1
7660,2
7661,2
7662,3
7663,2
7664,2
7665,1
7666,1
7667,2
7668,2
7669,2
7670,1
7671,2
7672,5
7673,1
7674,2
7675,1
7676,2
7677,1
7678,1
7679,1
7680,3
7681,1
7682,2
7683,2
7684,6
7685,2
7686,2
7687,1
7688,1
7689,1
7690,6
7691,1
7692,1
7693,2
7694,3
7695,1
7696,1
7697,2
7698,1
7699,1
7700,7
7701,2
7702,2
7703,1
7704,1
7705,3
7706,1
7707,1
7708,1
7709,2
7710,8
7711,1
7712,1
7713,1
7714,1
7715,3
7716,1
7717,4
7718,1
7719,2
7720,1
7721,1
7722,1
7723,1
7724,1
7725,1
7726,2
7727,1
7728,1
7729,1
7730,2
7731,2
7732,2
7733,1
7734,1
7735,1
7736,1
7737,1
7738,2
7739,1
7740,1
7741,3
7742,4
7743,3
7744,3
7745,2
7746,1
7747,4
7748,6
7749,1
7750,1
7751,1
7752,3
7753,2
7754,3
7755,1
7756,1
7757,1
7758,1
7759,1
7760,4
7761,1
7762,1
7763,8
7764,2
7765,1
7766,5
7767,2
7768,2
7769,7
7770,1
7771,2
7772,3
7773,2
7774,4
7775,5
7776,1
7777,3
7778,1
7779,1
7780,3
7781,1
7782,1
7783,1
7784,2
7785,2
7786,1
7787,2
7788,1
7789,3
7790,1
7791,3
7792,3
7793,2
7794,1
7795,5
7796,1
7797,3
7798,1
7799,1
7800,1
7801,1
7802,4
7803,3
7804,1
7805,3
7806,1
7807,2
7808,1
7809,1
7810,1
7811,2
7812,1
7813,1
7814,3
7815,2
7816,2
7817,1
7818,1
7819,1
7820,1
7821,1
7822,2
7823,1
7824,1
7825,1
7826,3
7827,4
7828,3
7829,1
7830,3
7831,3
7832,9
7833,4
7834,3
7835,1
7836,6
7837,1
7838,1
7839,1
7840,9
7841,1
7842,1
7843,4
7844,1
7845,1
7846,2
7847,1
7848,3
7849,2
7850,11
7851,1
7852,5
7853,2
7854,3
7855,5
7856,4
7857,4
7858,1
7859,5
7860,1
7861,2
7862,2
7863,1
7864,4
7865,1
7866,1
7867,2
7868,2
7869,1
7870,1
7871,1
7872,1
7873,1
7874,1
7875,3
7876,7
7877,2
7878,1
7879,1
7880,2
7881,4
7882,1
7883,1
7884,1
7885,1
7886,4
7887,4
7888,2
7889,1
7890,2
7891,1
7892,1
7893,1
7894,3
7895,3
7896,3
7897,1
7898,3
7899,1
7900,2
7901,3
7902,4
7903,1
7904,2
7905,2
7906,3
7907,2
7908,2
7909,2
7910,1
7911,1
7912,2
7913,1
7914,1
7915,1
7916,1
7917,1
7918,1
7919,1
7920,1
7921,1
7922,4
7923,3
7924,5
7925,3
7926,2
7927,2
7928,3
7929,4
7930,6
7931,2
7932,1
7933,4
7934,2
7935,3
7936,4
7937,3
7938,8
7939,3
7940,1
7941,4
7942,4
7943,1
7944,1
7945,2
7946,6
7947,2
7948,2
7949,1
7950,2
7951,1
7952,5
7953,2
7954,5
7955,1
7956,1
7957,7
7958,2
7959,2
7960,1
7961,1
7962,1
7963,1
7964,1
7965,3
7966,1
7967,2
7968,1
7969,1
7970,1
7971,1
7972,1
7973,1
7974,2
7975,2
7976,1
7977,5
7978,1
7979,1
7980,3
7981,1
7982,1
7983,1
7984,3
7985,1
7986,2
7987,2
7988,3
7989,1
7990,1
7991,1
7992,4
7993,1
7994,1
7995,2
7996,1
7997,2
7998,1
7999,4
8000,2
8001,4
8002,2
8003,1
8004,2
8005,2
8006,1
8007,2
8008,1
8009,2
8010,3
8011,3
8012,2
8013,2
8014,1
8015,1
8016,2
8017,2
8018,2
8019,3
8020,1
8021,6
8022,4
8023,7
8024,5
8025,1
8026,1
8027,3
8028,13
8029,6
8030,3
8031,1
8032,3
8033,1
8034,1
8035,2
8036,5
8037,2
8038,3
8039,3
8040,3
8041,4
8042,4
8043,1
8044,2
8045,3
8046,4
8047,2
8048,5
8049,1
8050,1
8051,1
8052,3
8053,2
8054,1
8055,1
8056,2
8057,5
8058,2
8059,1
8060,1
8061,2
8062,1
8063,1
8064,3
8065,2
8066,1
8067,2
8068,3
8069,1
8070,4
8071,5
8072,3
8073,5
8074,1
8075,7
8076,4
8077,1
8078,4
8079,2
8080,4
8081,6
8082,1
8083,1
8084,1
8085,2
8086,2
8087,4
8088,5
8089,5
8090,1
8091,4
8092,4
8093,2
8094,3
8095,11
8096,7
8097,7
8098,5
8099,2
8100,2
8101,1
8102,4
8103,8
8104,3
8105,1
8106,2
8107,2
8108,2
8109,4
8110,2
8111,14
8112,2
8113,3
8114,2
8115,2
8116,2
8117,9
8118,1
8119,3
8120,1
8121,1
8122,2
8123,5
8124,3
8125,2
8126,2
8127,2
8128,3
8129,2
8130,2
8131,3
8132,3
8133,1
8134,1
8135,5
8136,3
8137,2
8138,5
8139,3
8140,2
8141,1
8142,3
8143,1
8144,1
8145,1
8146,6
8147,8
8148,2
8149,3
8150,2
8151,1
8152,1
8153,6
8154,2
8155,2
8156,2
8157,4
8158,1
8159,2
8160,4
8161,2
8162,1
8163,1
8164,1
8165,1
8166,6
8167,7
8168,1
8169,1
8170,1
8171,1
8172,1
8173,4
8174,3
8175,2
8176,2
8177,4
8178,1
8179,2
8180,1
8181,1
8182,1
8183,1
8184,2
8185,2
8186,1
8187,2
8188,1
8189,5
8190,1
8191,2
8192,2
8193,5
8194,3
8195,10
8196,1
8197,1
8198,3
8199,3
8200,7
8201,6
8202,10
8203,3
8204,2
8205,1
8206,1
8207,2
8208,2
8209,1
8210,7
8211,5
8212,6
8213,3
8214,1
8215,5
8216,4
8217,2
8218,4
8219,3
8220,3
8221,4
8222,5
8223,1
8224,4
8225,1
8226,2
8227,2
8228,2
8229,4
8230,2
8231,6
8232,1
8233,1
8234,2
8235,2
8236,1
8237,2
8238,1
8239,4
8240,2
8241,1
8242,2
8243,8
8244,2
8245,1
8246,1
8247,2
8248,1
8249,6
8250,1
8251,2
8252,3
8253,5
8254,7
8255,2
8256,1
8257,1
8258,3
8259,1
8260,1
8261,1
8262,4
8263,3
8264,1
8265,5
8266,2
8267,4
8268,6
8269,2
8270,2
8271,1
8272,4
8273,3
8274,2
8275,3
8276,2
8277,9
8278,5
8279,6
8280,2
8281,3
8282,3
8283,1
8284,2
8285,1
8286,1
8287,1
8288,3
8289,1
8290,1
8291,1
8292,1
8293,1
8294,3
8295,4
8296,2
8297,1
8298,1
8299,1
8300,2
8301,2
8302,3
8303,3
8304,4
8305,2
8306,2
8307,1
8308,2
8309,6
8310,4
8311,3
8312,1
8313,1
8314,3
8315,1
8316,3
8317,2
8318,6
8319,5
8320,6
8321,4
8322,2
8323,3
8324,1
8325,5
8326,1
8327,2
8328,2
8329,2
8330,1
8331,1
8332,10
8333,2
8334,4
8335,9
8336,2
8337,1
8338,1
8339,1
8340,2
8341,3
8342,3
8343,3
8344,5
8345,1
8346,15
8347,3
8348,1
8349,1
8350,2
8351,2
8352,3
8353,6
8354,10
8355,8
8356,5
8357,1
8358,2
8359,8
8360,1
8361,3
8362,4
8363,2
8364,3
8365,2
8366,4
8367,1
8368,3
8369,6
8370,1
8371,5
8372,3
8373,1
8374,6
8375,5
8376,2
8377,1
8378,3
8379,3
8380,5
8381,2
8382,1
8383,1
8384,1
8385,5
8386,1
8387,3
8388,1
8389,3
8390,1
8391,2
8392,1
8393,1
8394,2
8395,3
8396,1
8397,4
8398,3
8399,5
8400,2
8401,1
8402,1
8403,2
8404,4
8405,2
8406,1
8407,3
8408,3
8409,3
8410,1
8411,2
8412,1
8413,1
8414,2
8415,4
8416,1
8417,1
8418,1
8419,1
8420,2
8421,1
8422,3
8423,1
8424,2
8425,5
8426,2
8427,4
8428,3
8429,1
8430,3
8431,1
8432,1
8433,1
8434,1
8435,2
8436,2
8437,4
8438,1
8439,1
8440,1
8441,3
8442,2
8443,1
8444,1
8445,1
8446,4
8447,5
8448,2
8449,1
8450,2
8451,1
8452,2
8453,1
8454,1
8455,3
8456,1
8457,1
8458,1
8459,1
8460,1
8461,1
8462,3
8463,1
8464,2
8465,3
8466,1
8467,1
8468,2
8469,8
8470,3
8471,1
8472,3
8473,1
8474,4
8475,1
8476,1
8477,5
8478,3
8479,1
8480,1
8481,1
8482,3
8483,2
8484,1
8485,3
8486,4
8487,4
8488,1
8489,1
8490,3
8491,3
8492,2
8493,1
8494,4
8495,1
8496,1
8497,2
8498,1
8499,3
8500,2
8501,1
8502,3
8503,2
8504,2
8505,4
8506,1
8507,1
8508,4
8509,1
8510,4
8511,5
8512,3
8513,2
8514,1
8515,1
8516,3
8517,1
8518,2
8519,1
8520,2
8521,1
8522,1
8523,2
8524,3
8525,3
8526,1
8527,2
8528,5
8529,2
8530,1
8531,3
8532,2
8533,1
8534,1
8535,1
8536,2
8537,1
8538,2
8539,3
8540,2
8541,2
8542,2
8543,1
8544,2
8545,2
8546,6
8547,1
8548,2
8549,1
8550,3
8551,2
8552,1
8553,2
8554,1
8555,2
8556,1
8557,5
8558,2
8559,1
8560,3
8561,1
8562,2
8563,1
8564,5
8565,2
8566,1
8567,1
8568,2
8569,4
8570,1
8571,2
8572,1
8573,1
8574,1
8575,3
8576,1
8577,1
8578,2
8579,4
8580,2
8581,6
8582,1
8583,2
8584,1
8585,4
8586,1
8587,3
8588,2
8589,1
8590,1
8591,1
8592,3
8593,2
8594,5
8595,1
8596,2
8597,2
8598,1
8599,1
8600,1
8601,2
8602,2
8603,3
8604,3
8605,1
8606,1
8607,1
8608,2
8609,1
8610,2
8611,1
8612,4
8613,1
8614,1
8615,2
8616,1
8617,1
8618,2
8619,1
8620,2
8621,1
8622,2
8623,4
8624,1
8625,3
8626,1
8627,1
8628,4
8629,1
8630,1
8631,2
8632,1
8633,1
8634,1
8635,1
8636,1
8637,2
8638,4
8639,3
8640,1
8641,1
8642,1
8643,2
8644,2
8645,3
8646,2
8647,2
8648,3
8649,1
8650,2
8651,1
8652,1
8653,1
8654,1
8655,3
8656,2
8657,4
8658,1
8659,1
8660,3
8661,5
8662,2
8663,4
8664,1
8665,1
8666,1
8667,2
8668,1
8669,3
8670,5
8671,6
8672,2
8673,2
8674,3
8675,3
8676,3
8677,3
8678,9
8679,1
8680,5
8681,5
8682,1
8683,1
8684,1
8685,2
8686,2
8687,7
8688,8
8689,4
8690,8
8691,2
8692,1
8693,2
8694,4
8695,1
8696,4
8697,1
8698,4
8699,2
8700,2
8701,6
8702,3
8703,8
8704,3
8705,9
8706,2
8707,17
8708,1
8709,2
8710,4
8711,2
8712,6
8713,2
8714,1
8715,2
8716,9
8717,7
8718,2
8719,2
8720,9
8721,3
8722,2
8723,5
8724,6
8725,4
8726,5
8727,3
8728,6
8729,13
8730,1
8731,8
8732,7
8733,1
8734,5
8735,8
8736,10
8737,2
8738,5
8739,5
8740,2
8741,12
8742,2
8743,13
8744,21
8745,4
8746,12
8747,3
8748,3
8749,9
8750,2
8751,5
8752,6
8753,4
8754,3
8755,7
8756,4
8757,4
8758,19
8759,9
8760,5
8761,2
8762,3
8763,2
8764,6
8765,5
8766,2
8767,1
8768,4
8769,1
8770,1
8771,1
8772,1
8773,5
8774,6
8775,1
8776,2
8777,8
8778,6
8779,5
8780,1
8781,6
8782,2
8783,3
8784,9
8785,2
8786,2
8787,8
8788,4
8789,4
8790,3
8791,1
8792,4
8793,1
8794,1
8795,7
8796,4
8797,2
8798,6
8799,1
8800,2
8801,4
8802,2
8803,3
8804,3
8805,6
8806,1
8807,1
8808,1
8809,5
8810,1
8811,5
8812,4
8813,4
8814,1
8815,2
8816,8
8817,1
8818,2
8819,2
8820,4
8821,3
8822,1
8823,1
8824,3
8825,2
8826,1
8827,12
8828,4
8829,2
8830,5
8831,2
8832,3
8833,1
8834,5
8835,5
8836,7
8837,1
8838,1
8839,2
8840,1
8841,10
8842,2
8843,1
8844,4
8845,1
8846,8
8847,1
8848,2
8849,10
8850,3
8851,1
8852,8
8853,7
8854,1
8855,1
8856,1
8857,6
8858,13
8859,2
8860,2
8861,1
8862,1
8863,4
8864,4
8865,1
8866,4
8867,1
8868,2
8869,8
8870,1
8871,2
8872,2
8873,1
8874,3
8875,1
8876,1
8877,2
8878,1
8879,4
8880,1
8881,4
8882,5
8883,3
8884,1
8885,2
8886,1
8887,7
8888,1
8889,2
8890,4
8891,2
8892,1
8893,2
8894,4
8895,1
8896,2
8897,2
8898,3
8899,3
8900,2
8901,1
8902,4
8903,1
8904,1
8905,4
8906,1
8907,5
8908,1
8909,1
8910,2
8911,1
8912,1
8913,2
8914,2
8915,2
8916,4
8917,1
8918,4
8919,3
8920,2
8921,1
8922,8
8923,6
8924,1
8925,5
8926,3
8927,1
8928,2
8929,4
8930,1
8931,3
8932,1
8933,2
8934,3
8935,2
8936,5
8937,1
8938,2
8939,6
8940,8
8941,5
8942,1
8943,1
8944,3
8945,4
8946,1
8947,2
8948,3
8949,4
8950,4
8951,2
8952,1
8953,4
8954,1
8955,3
8956,5
8957,4
8958,3
8959,3
8960,7
8961,4
8962,4
8963,1
8964,2
8965,1
8966,3
8967,4
8968,1
8969,2
8970,1
8971,11
8972,3
8973,4
8974,3
8975,3
8976,5
8977,2
8978,8
8979,1
8980,2
8981,2
8982,3
8983,4
8984,4
8985,1
8986,1
8987,4
8988,3
8989,2
8990,3
8991,6
8992,3
8993,3
8994,2
8995,4
8996,1
8997,6
8998,6
8999,3
9000,3
9001,2
9002,9
9003,2
9004,1
9005,2
9006,3
9007,8
9008,2
9009,3
9010,3
9011,2
9012,8
9013,4
9014,2
9015,3
9016,7
9017,5
9018,1
9019,3
9020,1
9021,2
9022,2
9023,4
9024,5
9025,1
9026,3
9027,1
9028,2
9029,1
9030,3
9031,1
9032,3
9033,2
9034,3
9035,1
9036,2
9037,2
9038,7
9039,3
9040,2
9041,3
9042,1
9043,4
9044,1
9045,3
9046,3
9047,1
9048,4
9049,1
9050,3
9051,2
9052,1
9053,1
9054,1
9055,5
9056,1
9057,1
9058,1
9059,1
9060,1
9061,2
9062,3
9063,10
9064,2
9065,1
9066,1
9067,6
9068,1
9069,2
9070,2
9071,8
9072,2
9073,1
9074,9
9075,5
9076,2
9077,10
9078,1
9079,1
9080,6
9081,7
9082,2
9083,1
9084,1
9085,4
9086,5
9087,1
9088,10
9089,7
9090,5
9091,2
9092,2
9093,6
9094,7
9095,2
9096,3
9097,3
9098,1
9099,2
9100,5
9101,8
9102,1
9103,2
9104,1
9105,1
9106,2
9107,1
9108,3
9109,1
9110,4
9111,3
9112,7
9113,5
9114,3
9115,2
9116,4
9117,1
9118,6
9119,2
9120,5
9121,3
9122,3
9123,2
9124,3
9125,1
9126,1
9127,3
9128,4
9129,8
9130,9
9131,2
9132,5
9133,7
9134,1
9135,4
9136,7
9137,3
9138,7
9139,7
9140,2
9141,12
9142,13
9143,3
9144,3
9145,6
9146,1
9147,1
9148,1
9149,1
9150,6
9151,5
9152,1
9153,3
9154,1
9155,6
9156,3
9157,5
9158,23
9159,5
9160,2
9161,1
9162,3
9163,4
9164,2
9165,7
9166,3
9167,7
9168,2
9169,4
9170,1
9171,2
9172,6
9173,1
9174,4
9175,1
9176,2
9177,3
9178,5
9179,2
9180,12
9181,3
9182,3
9183,5
9184,1
9185,8
9186,7
9187,9
9188,4
9189,3
9190,4
9191,4
9192,3
9193,2
9194,5
9195,1
9196,2
9197,3
9198,5
9199,3
9200,3
9201,1
9202,3
9203,11
9204,1
9205,1
9206,4
9207,10
9208,9
9209,3
9210,7
9211,6
9212,4
9213,8
9214,2
9215,11
9216,5
9217,3
9218,6
9219,11
9220,14
9221,3
9222,10
9223,2
9224,2
9225,21
9226,4
9227,7
9228,8
9229,6
9230,3
9231,1
9232,1
9233,1
9234,3
9235,1
9236,1
9237,2
9238,10
9239,1
9240,1
9241,18
9242,8
9243,1
9244,4
9245,2
9246,8
9247,3
9248,22
9249,10
9250,6
9251,2
9252,19
9253,10
9254,3
9255,2
9256,6
9257,3
9258,3
9259,15
9260,26
9261,6
9262,10
9263,7
9264,6
9265,17
9266,9
9267,18
9268,5
9269,2
9270,5
9271,34
9272,13
9273,6
9274,13
9275,8
9276,8
9277,6
9278,12
9279,10
9280,9
9281,11
9282,3
9283,31
9284,7
9285,13
9286,16
9287,3
9288,2
9289,3
9290,19
9291,8
9292,1
9293,15
9294,18
9295,18
9296,1
9297,9
9298,5
9299,1
9300,17
9301,4
9302,7
9303,21
9304,3
9305,1
9306,4
9307,12
9308,25
9309,10
9310,10
9311,17
9312,18
9313,13
9314,7
9315,10
9316,41
9317,16
9318,14
9319,8
9320,10
9321,2
9322,10
9323,7
9324,2
9325,12
9326,9
9327,1
9328,8
9329,1
9330,6
9331,9
9332,1
9333,4
9334,15
9335,16
9336,9
9337,2
9338,17
9339,9
9340,15
9341,5
9342,24
9343,2
9344,15
9345,7
9346,4
9347,2
9348,26
9349,15
9350,10
9351,2
9352,4
9353,1
9354,9
9355,5
9356,14
9357,2
9358,15
9359,6
9360,10
9361,1
9362,7
9363,2
9364,2
9365,7
9366,4
9367,16
9368,10
9369,3
9370,4
9371,12
9372,4
9373,1
9374,6
9375,2
9376,5
9377,5
9378,5
9379,10
9380,13
9381,5
9382,9
9383,17
9384,3
9385,24
9386,4
9387,5
9388,6
9389,1
9390,13
9391,2
9392,16
9393,17
9394,7
9395,7
9396,6
9397,7
9398,70
9399,2
9400,6
9401,19
9402,13
9403,15
9404,37
9405,3
9406,1
9407,17
9408,3
9409,3
9410,39
9411,9
9412,4
9413,5
9414,17
9415,26
9416,42
9417,4
9418,9
9419,6
9420,7
9421,1
9422,5
9423,10
9424,17
9425,4
9426,33
9427,22
9428,26
9429,12
9430,64
9431,27
9432,7
9433,44
9434,10
9435,4
9436,11
9437,12
9438,6
9439,3
9440,11
9441,7
9442,5
9443,32
9444,3
9445,26
9446,6
9447,29
9448,7
9449,1
9450,11
9451,6
9452,4
9453,11
9454,19
9455,4
9456,16
9457,2
9458,18
9459,3
9460,15
9461,11
9462,19
9463,27
9464,15
9465,30
9466,11
9467,23
9468,12
9469,58
9470,2
9471,6
9472,13
9473,1
9474,1
9475,18
9476,19
9477,19
9478,1
9479,6
9480,14
9481,2
9482,3
9483,4
9484,6
9485,20
9486,2
9487,11
9488,9
9489,9
9490,26
9491,3
9492,9
9493,5
9494,4
9495,3
9496,5
9497,24
9498,10
9499,3
9500,15
9501,6
9502,18
9503,16
9504,1
9505,9
9506,20
9507,2
9508,28
9509,3
9510,3
9511,5
9512,5
9513,1
9514,1
9515,21
9516,5
9517,6
9518,3
9519,2
9520,13
9521,7
9522,10
9523,1
9524,48
9525,5
9526,19
9527,7
9528,1
9529,7
9530,2
9531,4
9532,5
9533,5
9534,8
9535,28
9536,13
9537,3
9538,2
9539,4
9540,39
9541,44
9542,1
9543,12
9544,1
9545,11
9546,15
9547,11
9548,1
9549,3
9550,1
9551,1
9552,5
9553,19
9554,3
9555,13
9556,7
9557,15
9558,2
9559,7
9560,10
9561,1
9562,13
9563,13
9564,5
9565,5
9566,6
9567,10
9568,5
9569,8
9570,11
9571,4
9572,1
9573,1
9574,3
9575,1
9576,2
9577,2
9578,3
9579,6
9580,4
9581,17
9582,14
9583,3
9584,2
9585,1
9586,9
9587,8
9588,11
9589,1
9590,1
9591,23
9592,20
9593,8
9594,21
9595,7
9596,3
9597,7
9598,3
9599,6
9600,8
9601,4
9602,4
9603,2
9604,4
9605,5
9606,3
9607,4
9608,1
9609,9
9610,2
9611,1
9612,5
9613,2
9614,3
9615,3
9616,4
9617,1
9618,4
9619,2
9620,1
9621,2
9622,4
9623,9
9624,9
9625,2
9626,4
9627,5
9628,3
9629,1
9630,5
9631,1
9632,8
9633,5
9634,2
9635,1
9636,2
9637,6
9638,6
9639,8
9640,6
9641,3
9642,1
9643,1
9644,3
9645,3
9646,1
9647,1
9648,1
9649,8
9650,2
9651,1
9652,1
9653,8
9654,3
9655,7
9656,1
9657,3
9658,6
9659,3
9660,4
9661,7
9662,3
9663,1
9664,2
9665,1
9666,5
9667,2
9668,1
9669,1
9670,1
9671,1
9672,1
9673,1
9674,1
9675,4
9676,4
9677,1
9678,1
9679,3
9680,5
9681,1
9682,3
9683,12
9684,1
9685,1
9686,4
9687,1
9688,2
9689,1
9690,7
9691,1
9692,1
9693,3
9694,3
9695,2
9696,16
9697,2
9698,1
9699,4
9700,3
9701,3
9702,2
9703,2
9704,4
9705,4
9706,4
9707,2
9708,4
9709,1
9710,1
9711,1
9712,2
9713,5
9714,1
9715,2
9716,6
9717,1
9718,5
9719,6
9720,1
9721,3
9722,4
9723,8
9724,2
9725,4
9726,1
9727,3
9728,2
9729,4
9730,3
9731,2
9732,4
9733,3
9734,3
9735,2
9736,5
9737,5
9738,4
9739,1
9740,2
9741,3
9742,3
9743,2
9744,3
9745,1
9746,1
9747,3
9748,8
9749,1
9750,4
9751,8
9752,3
9753,2
9754,1
9755,2
9756,3
9757,4
9758,7
9759,4
9760,1
9761,1
9762,8
9763,2
9764,3
9765,3
9766,1
9767,2
9768,4
9769,1
9770,9
9771,3
9772,6
9773,1
9774,1
9775,2
9776,1
9777,2
9778,2
9779,1
9780,15
9781,2
9782,3
9783,1
9784,3
9785,1
9786,7
9787,2
9788,5
9789,5
9790,1
9791,1
9792,1
9793,1
9794,5
9795,1
9796,3
9797,1
9798,6
9799,2
9800,2
9801,3
9802,2
9803,1
9804,2
9805,3
9806,4
9807,7
9808,9
9809,2
9810,8
9811,6
9812,1
9813,1
9814,2
9815,2
9816,1
9817,3
9818,2
9819,1
9820,2
9821,4
9822,1
9823,1
9824,3
9825,5
9826,1
9827,4
9828,2
9829,1
9830,2
9831,5
9832,3
9833,1
9834,1
9835,2
9836,3
9837,1
9838,1
9839,1
9840,8
9841,5
9842,2
9843,4
9844,2
9845,1
9846,2
9847,2
9848,1
9849,1
9850,1
9851,2
9852,4
9853,3
9854,2
9855,1
9856,1
9857,3
9858,5
9859,4
9860,2
9861,2
9862,1
9863,2
9864,2
9865,2
9866,3
9867,4
9868,3
9869,3
9870,2
9871,2
9872,2
9873,1
9874,4
9875,1
9876,2
9877,1
9878,1
9879,6
9880,1
9881,2
9882,1
9883,1
9884,3
9885,4
9886,1
9887,1
9888,2
9889,1
9890,1
9891,3
9892,1
9893,2
9894,1
9895,1
9896,1
9897,1
9898,2
9899,2
9900,5
9901,1
9902,5
9903,1
9904,3
9905,2
9906,5
9907,3
9908,5
9909,2
9910,4
9911,1
9912,1
9913,2
9914,2
9915,1
9916,5
9917,1
9918,2
9919,1
9920,1
9921,2
9922,2
9923,4
9924,1
9925,2
9926,4
9927,4
9928,4
9929,1
9930,1
9931,7
9932,5
9933,3
9934,3
9935,2
9936,6
9937,5
9938,2
9939,3
9940,6
9941,1
9942,5
9943,7
9944,1
9945,4
9946,6
9947,1
9948,4
9949,1
9950,6
9951,1
9952,7
9953,1
9954,7
9955,1
9956,2
9957,1
9958,7
9959,4
9960,1
9961,1
9962,9
9963,9
9964,2
9965,1
9966,8
9967,1
9968,6
9969,4
9970,1
9971,5
9972,21
9973,9
9974,2
9975,3
9976,4
9977,3
9978,7
9979,8
9980,1
9981,1
9982,2
9983,5
9984,1
9985,4
9986,1
9987,2
9988,2
9989,5
9990,1
9991,1
9992,1
9993,1
9994,3
9995,1
9996,1
9997,5
9998,3
9999,1
10000,1
10001,4
10002,1
10003,1
10004,6
10005,2
10006,7
10007,7
10008,2
10009,9
10010,2
10011,4
10012,6
10013,3
10014,7
10015,15
10016,7
10017,2
10018,3
10019,5
10020,4
10021,4
10022,3
10023,3
10024,4
10025,1
10026,5
10027,5
10028,1
10029,2
10030,7
10031,1
10032,1
10033,9
10034,1
10035,5
10036,2
10037,7
10038,3
10039,2
10040,4
10041,1
10042,6
10043,6
10044,7
10045,9
10046,7
10047,10
10048,5
10049,3
10050,3
10051,1
10052,1
10053,1
10054,1
10055,2
10056,3
10057,6
10058,2
10059,1
10060,10
10061,4
10062,6
10063,2
10064,6
10065,1
10066,2
10067,3
10068,1
10069,3
10070,4
10071,3
10072,1
10073,5
10074,2
10075,1
10076,5
10077,1
10078,1
10079,3
10080,2
10081,2
10082,3
10083,7
10084,5
10085,1
10086,1
10087,5
10088,2
10089,1
10090,1
10091,1
10092,4
10093,1
10094,1
10095,4
10096,8
10097,1
10098,1
10099,2
10100,3
10101,1
10102,5
10103,4
10104,7
10105,2
10106,1
10107,4
10108,9
10109,4
10110,5
10111,1
10112,6
10113,12
10114,6
10115,1
10116,5
10117,9
10118,1
10119,14
10120,1
10121,4
10122,2
10123,2
10124,2
10125,5
10126,6
10127,7
10128,5
10129,2
10130,3
10131,4
10132,1
10133,1
10134,4
10135,2
10136,5
10137,23
10138,8
10139,8
10140,2
10141,2
10142,3
10143,3
10144,1
10145,7
10146,12
10147,2
10148,2
10149,5
10150,5
10151,2
10152,1
10153,7
10154,2
10155,2
10156,1
10157,6
10158,13
10159,1
10160,9
10161,2
10162,5
10163,1
10164,9
10165,1
10166,5
10167,1
10168,1
10169,4
10170,1
10171,5
10172,3
10173,7
10174,3
10175,6
10176,2
10177,5
10178,2
10179,2
10180,6
10181,6
10182,7
10183,1
10184,4
10185,1
10186,5
10187,1
10188,2
10189,1
10190,6
10191,3
10192,4
10193,8
10194,2
10195,3
10196,5
10197,2
10198,1
10199,2
10200,3
10201,10
10202,1
10203,5
10204,4
10205,6
10206,4
10207,2
10208,5
10209,8
10210,3
10211,16
10212,1
10213,3
10214,4
10215,1
10216,4
10217,1
10218,5
10219,2
10220,6
10221,1
10222,8
10223,1
10224,1
10225,1
10226,6
10227,2
10228,1
10229,2
10230,9
10231,2
10232,5
10233,10
10234,1
10235,1
10236,2
10237,3
10238,5
10239,5
10240,6
10241,2
10242,5
10243,7
10244,3
10245,5
10246,4
10247,1
10248,6
10249,1
10250,2
10251,3
10252,2
10253,2
10254,11
10255,5
10256,8
10257,1
10258,1
10259,4
10260,4
10261,1
10262,1
10263,3
10264,2
10265,1
10266,6
10267,4
10268,1
10269,2
10270,4
10271,2
10272,2
10273,1
10274,1
10275,2
10276,4
10277,16
10278,3
10279,1
10280,3
10281,2
10282,3
10283,5
10284,4
10285,2
10286,1
10287,5
10288,5
10289,6
10290,1
10291,3
10292,2
10293,8
10294,9
10295,12
10296,1
10297,1
10298,1
10299,4
10300,2
10301,7
10302,2
10303,10
10304,10
10305,1
10306,9
10307,10
10308,1
10309,1
10310,2
10311,10
10312,9
10313,11
10314,2
10315,2
10316,3
10317,2
10318,2
10319,2
10320,12
10321,6
10322,2
10323,4
10324,14
10325,17
10326,2
10327,1
10328,4
10329,1
10330,7
10331,1
10332,3
10333,11
10334,8
10335,1
10336,6
10337,1
10338,5
10339,3
10340,1
10341,8
10342,2
10343,8
10344,6
10345,5
10346,9
10347,3
10348,1
10349,1
10350,1
10351,5
10352,18
10353,5
10354,11
10355,15
10356,5
10357,3
10358,14
10359,10
10360,7
10361,12
10362,1
10363,10
10364,12
10365,3
10366,1
10367,24
10368,8
10369,3
10370,1
10371,7
10372,4
10373,5
10374,1
10375,8
10376,27
10377,3
10378,10
10379,9
10380,2
10381,7
10382,2
10383,18
10384,13
10385,4
10386,1
10387,12
10388,15
10389,9
10390,5
10391,2
10392,17
10393,7
10394,4
10395,6
10396,5
10397,13
10398,3
10399,13
10400,16
10401,8
10402,17
10403,11
10404,2
10405,5
10406,11
10407,14
10408,8
10409,3
10410,4
10411,1
10412,2
10413,1
10414,3
10415,7
10416,3
10417,11
10418,1
10419,8
10420,11
10421,16
10422,6
10423,4
10424,1
10425,20
10426,3
10427,15
10428,1
10429,11
10430,10
10431,1
10432,5
10433,2
10434,3
10435,10
10436,1
10437,3
10438,11
10439,9
10440,13
10441,4
10442,1
10443,2
10444,25
10445,3
10446,1
10447,11
10448,6
10449,4
10450,3
10451,5
10452,12
10453,29
10454,7
10455,28
10456,24
10457,33
10458,21
10459,4
10460,4
10461,15
10462,1
10463,2
10464,35
10465,1
10466,14
10467,18
10468,3
10469,4
10470,9
10471,39
10472,14
10473,7
10474,12
10475,20
10476,9
10477,1
10478,22
10479,9
10480,2
10481,3
10482,9
10483,10
10484,2
10485,9
10486,22
10487,10
10488,9
10489,5
10490,13
10491,5
10492,6
10493,12
10494,13
10495,23
10496,26
10497,2
10498,4
10499,1
10500,3
10501,10
10502,2
10503,33
10504,11
10505,36
10506,13
10507,18
10508,7
10509,8
10510,6
10511,10
10512,31
10513,6
10514,1
10515,5
10516,6
10517,18
10518,27
10519,6
10520,5
10521,30
10522,67
10523,2
10524,9
10525,10
10526,1
10527,6
10528,2
10529,37
10530,1
10531,30
10532,18
10533,28
10534,4
10535,11
10536,10
10537,9
10538,2
10539,12
10540,10
10541,24
10542,17
10543,1
10544,10
10545,17
10546,19
10547,22
10548,24
10549,20
10550,4
10551,24
10552,10
10553,1
10554,19
10555,48
10556,10
10557,12
10558,40
10559,11
10560,7
10561,23
10562,7
10563,11
10564,20
10565,14
10566,3
10567,8
10568,3
10569,21
10570,12
10571,15
10572,4
10573,16
10574,16
10575,10
10576,7
10577,6
10578,1
10579,10
10580,24
10581,20
10582,1
10583,6
10584,3
10585,13
10586,3
10587,7
10588,14
10589,4
10590,2
10591,12
10592,1
10593,7
10594,6
10595,1
10596,12
10597,6
10598,7
10599,14
10600,8
10601,4
10602,8
10603,16
10604,5
10605,25
10606,1
10607,6
10608,6
10609,4
10610,4
10611,2
10612,1
10613,1
10614,5
10615,4
10616,12
10617,1
10618,4
10619,13
10620,9
10621,7
10622,3
10623,21
10624,1
10625,9
10626,5
10627,3
10628,1
10629,2
10630,3
10631,3
10632,1
10633,3
10634,1
10635,2
10636,5
10637,1
10638,1
10639,9
10640,7
10641,7
10642,4
10643,2
10644,4
10645,15
10646,8
10647,8
10648,11
10649,1
10650,1
10651,2
10652,9
10653,8
10654,1
10655,4
10656,5
10657,3
10658,6
10659,7
10660,27
10661,5
10662,8
10663,6
10664,13
10665,18
10666,2
10667,1
10668,3
10669,1
10670,5
10671,10
10672,5
10673,3
10674,10
10675,6
10676,3
10677,1
10678,5
10679,5
10680,6
10681,1
10682,1
10683,3
10684,3
10685,1
10686,2
10687,1
10688,2
10689,2
10690,2
10691,1
10692,2
10693,1
10694,3
10695,1
10696,4
10697,1
10698,7
10699,1
10700,1
10701,1
10702,2
10703,3
10704,7
10705,4
10706,1
10707,1
10708,2
10709,2
10710,1
10711,1
10712,2
10713,1
10714,1
10715,1
10716,5
10717,1
10718,5
10719,6
10720,3
10721,2
10722,4
10723,2
10724,3
10725,2
10726,1
10727,2
10728,6
10729,5
10730,1
10731,7
10732,3
10733,2
10734,2
10735,10
10736,4
10737,7
10738,11
10739,1
10740,3
10741,1
10742,2
10743,1
10744,1
10745,1
10746,1
10747,2
10748,3
10749,3
10750,3
10751,1
10752,1
10753,1
10754,1
10755,3
10756,1
10757,3
10758,2
10759,2
10760,3
10761,3
10762,4
10763,1
10764,1
10765,1
10766,1
10767,1
10768,1
10769,1
10770,1
10771,1
10772,2
10773,1
10774,3
10775,2
10776,3
10777,4
10778,2
10779,1
10780,1
10781,1
10782,2
10783,1
10784,1
10785,1
10786,1
10787,1
10788,3
10789,1
10790,1
10791,1
10792,1
10793,1
10794,1
10795,1
10796,1
10797,2
10798,1
10799,1
10800,1
